52870,6666,52859,6677,0.0199203187250996,0.027888446215139442,3679.1845140447126,2610.0867770707614,2890.5320614539746,17048.57583713271,18269.516714826143,17513.83366365305
57326,6178,56054,7450,0.034482758620689655,0.05172413793103448,8356.205874773044,4646.4774160247125,5257.166288937244,16399.28361992734,16902.783155290825,16315.549136475995
57903,6106,57702,6307,0.00684931506849315,0.03595890410958904,1193.0731020112726,7035.84001655937,3627.4486367879254,17104.368128543294,17564.546481351594,17248.582310835725
58415,6610,57180,7845,0.029411764705882353,0.04963235294117647,16870.81603969891,6048.436377352049,4607.906732902987,16634.66273112674,16554.619369915647,16530.735253353287
70313,8648,69636,9325,0.022151898734177215,0.0379746835443038,6930.057205488524,4988.772479126827,4598.062543715086,16459.223907084088,16760.200145521696,16316.701921195758
48859,6366,48825,6400,0.004132231404958678,0.024793388429752067,1884.8246687516585,6666.31653616801,3983.589651596261,17387.59168077693,17645.075257185385,16696.465402287904
56823,6178,56636,6365,0.019230769230769232,0.02564102564102564,2969.1999024271104,7131.337633603617,4429.691906309507,17303.891670730824,17090.04384470056,17274.182260124722
73371,8998,72950,9419,0.018633540372670808,0.034161490683229816,3863.600911817688,3009.2117493163173,3937.583088348125,16297.46952941954,16463.708811595065,15981.109779648905
44424,4860,43682,5602,0.01951219512195122,0.05365853658536585,3019.23307566782,3896.617389379248,3455.0628103141,16214.297232536015,16747.331037847984,16443.45875146307
56001,7000,55959,7042,0.047619047619047616,0.06746031746031746,5720.122408130591,5048.895551684347,4206.979685272863,16275.530665174014,16063.639881933863,16064.42103362572
68159,8570,67819,8910,0.037037037037037035,0.05246913580246913,11441.227476570013,8632.884998427202,4187.694562004177,16636.973670547093,16859.84246807634,16732.52468003641
53610,5926,53080,6456,0.0047169811320754715,0.049528301886792456,32453.4890918739,3252.0561700389553,2941.803228259751,16680.927997989893,16724.510207384,16209.541729497778
62218,8538,62378,8378,0.05370843989769821,0.06649616368286446,6421.4206638839305,5856.825142052073,3610.74145233871,16434.75416840228,16889.1180600824,16512.450504375975
63818,8006,64595,7229,0.03594771241830065,0.03104575163398693,5686.259167538894,6620.4717614745405,4999.841798548227,16206.08534679323,16417.402461652957,16456.654590413236
48555,6670,48611,6614,0.007633587786259542,0.015267175572519083,18557.581669909443,1199.4134005942801,4546.488121179795,16705.61640456916,17425.936589233246,16353.11265920712
57013,8012,57284,7741,0.04460966542750929,0.06319702602230483,1791.2277460290225,2658.2708165361914,3530.3912303956754,17345.738804892673,17093.159913631775,16613.079784228852
48770,5054,47514,6310,0.004098360655737705,0.006147540983606557,8269.06480554077,386.2712409332089,3758.493172546821,17193.33811053664,17976.72336239144,17520.6154227605
49924,4832,48715,6041,0.017391304347826087,0.030434782608695653,2766.95971172215,7954.572894015204,3715.2129576612333,16413.856302452485,17172.53120992401,16587.192344743704
53219,6806,53182,6843,0.02608695652173913,0.01956521739130435,7344.893863819082,2947.6902866465707,4273.7376948698575,16442.008370500374,16990.587393733455,16310.024779170473
62271,7954,62082,8143,0.0136986301369863,0.0273972602739726,2126.902903995109,2191.867075172402,4017.3413862495145,15209.990318561038,15959.73605142819,15482.579855895252
45990,5086,45337,5739,0.022641509433962263,0.045283018867924525,4031.618444661584,2696.839977354994,3845.7246586152914,17148.08005801425,17399.348309145847,16892.433571209087
60192,6372,59218,7346,0.01834862385321101,0.05045871559633028,10206.064142866124,5000.060413571803,4592.3839418829275,16946.02810185236,16948.7466274775,16776.80505250851
62150,6494,61324,7320,0.01486988847583643,0.02973977695167286,1964.1975873786369,2329.30607581021,3521.5568310258786,15938.124767064595,15973.115036259469,15948.814014188662
58586,6950,58385,7151,0.02364864864864865,0.030405405405405407,5738.239889797934,6443.900717638778,4050.0150651941235,16411.59619378766,16543.028299525107,16272.710246065255
63460,8364,63058,8766,0.019762845849802372,0.02766798418972332,8424.741965831814,7947.854591598816,3401.8430527018213,17360.492494190334,17014.040420753772,16748.737263600036
61486,7158,61051,7593,0.02610966057441253,0.02610966057441253,6403.143122987861,6762.342106978572,3610.843707935522,16585.80966162084,17501.57890603143,16896.794613667822
51065,6056,50954,6167,0.041044776119402986,0.054104477611940295,4145.082120052766,3607.1132478069594,2791.782182335721,16546.729298080547,16590.67425690709,16519.4177311196
59784,6780,58845,7719,0.029508196721311476,0.03278688524590164,7891.31279299656,7544.1652766231855,5027.8324780065495,16213.846038292348,16718.340726820028,16185.6672680377
39309,4372,38647,5034,0.03125,0.0625,19481.91456695232,12834.936197969397,3759.3470836413617,18019.690132781456,17519.297945372007,16636.227546683836
59131,6918,58859,7190,0.02631578947368421,0.04093567251461988,3020.470434118895,3277.0185233617617,3427.0465461546787,17821.97098341758,17237.50241176709,17336.229274981026
65389,9140,65164,9365,0.030303030303030304,0.030303030303030304,9846.42941745956,5139.383888312227,4382.171688959645,16806.318069881232,17453.7696168538,16881.26069453049
46092,4984,45434,5642,0.00823045267489712,0.043209876543209874,4233.192486751213,3627.71822199857,3103.943395730151,15766.10644011807,16300.190143532393,15930.829808932764
70023,7818,69280,8561,0.01020408163265306,0.02423469387755102,1210.9973871804696,9886.476979124795,5013.530690999959,17115.862532423464,16940.25449671557,16452.92420432566
71659,8430,70659,9430,0.03773584905660377,0.0440251572327044,9178.251930784876,9668.031197027967,4529.233327760486,16151.071237264907,16275.080232106331,16228.764601116674
73222,8574,72706,9090,0.027700831024930747,0.023545706371191136,7001.6862662767035,9789.377805747017,5169.246171217643,16689.785066151988,16774.478168803776,16143.76098524004
47685,5676,46960,6401,0.012552301255230125,0.04602510460251046,4883.503962349034,2503.233708109783,3102.445602073081,15844.767082789034,17270.724833147495,16661.843227498804
57073,5928,55422,7579,0.026578073089700997,0.044850498338870434,12011.625849658474,6796.864747424911,3821.0459250657264,15504.796275875196,16311.182310048816,16087.187741927773
58101,6924,58413,6612,0.016181229773462782,0.0372168284789644,1616.1301507331368,3335.5281698323593,5141.645359608409,15142.084462831683,16010.359765263744,15572.107907636897
62933,7292,62189,8036,0.011583011583011582,0.019305019305019305,6044.103907140076,1065.9588392832907,3216.5722321233393,16968.502636069057,16990.757401788585,16532.201057621754
81549,7852,79836,9565,0.02112676056338028,0.03755868544600939,8623.531961782295,6231.304117291798,3949.9435898220263,16236.90648196038,16475.663222514464,15922.579156747433
68341,8388,67603,9126,0.04519774011299435,0.04943502824858757,4132.64423565895,4714.340568648284,4313.163218832229,16001.025228443932,16153.17734774167,15776.681230364069
53365,5684,51785,7264,0.032,0.042,9324.733330605337,5392.019166389797,4951.500773999088,16017.53213235961,16035.195401349387,16210.646543046394
60115,6966,59284,7797,0.03519061583577713,0.036656891495601175,8005.621745446416,5603.153744647877,4286.051680001213,16496.882141623635,16038.813544850946,16022.5941935808
39955,3726,38988,4693,0.0045045045045045045,0.05405405405405406,12693.004972006966,5762.992237808797,4134.476712030003,17135.35632810568,17650.1198865105,16675.884379647083
69972,8428,69585,8815,0.026627218934911243,0.034023668639053255,2700.3446094926094,6706.413597599086,3553.7863430924976,16550.988412933482,16762.730367646152,16440.224333647657
48877,6348,48089,7136,0.011811023622047244,0.031496062992125984,1407.5141609137402,1746.4300742972441,2556.9561540475397,16761.650491094555,16636.858564816397,16115.7342608777
80491,8910,79764,9637,0.02349869451697128,0.0391644908616188,6568.686753780604,6282.703476634108,4194.40678337231,17032.28840132238,16430.02462608351,16449.014890587736
50157,6012,49049,7120,0.02880658436213992,0.047325102880658436,3449.4500739390887,5671.483335496495,4232.521337661014,16951.90364641125,16582.3139191772,16911.371141615524
72708,7948,71110,9546,0.025,0.045454545454545456,7917.248074000672,3766.9300151917305,3689.5297795735546,16492.01473091168,16358.686882108115,16120.250597417955
63057,6112,61521,7648,0.012539184952978056,0.0219435736677116,2496.425579142836,3993.69374324276,2902.994261567186,16906.646501883934,17372.204128384445,16247.599740310758
57934,5570,57249,6255,0.010452961672473868,0.013937282229965157,1030.2322351616785,2129.41927557077,2889.7935686922137,17410.675923474064,17834.395450755834,17336.461946658757
51882,6682,51837,6727,0.018867924528301886,0.022911051212938006,4704.623258930999,7396.608563814757,4114.069334120322,16941.7905891531,17106.754029845633,16922.248042757506
61796,7900,61496,8200,0.015527950310559006,0.034161490683229816,4303.043349945908,1624.9192531356205,2463.1330473364847,16561.877771445394,16802.434779166182,16107.356622974985
76569,8112,75988,8693,0.024930747922437674,0.02631578947368421,6636.523607046947,1212.9319262319325,4118.824583529277,17790.303341511837,17585.637048598783,16969.542640415428
58701,6324,57255,7770,0.02112676056338028,0.06338028169014084,3858.82149440572,2177.4233234432186,4753.379634587733,15714.311526141053,15563.169474126638,15781.023074973085
74892,9208,74666,9434,0.02074688796680498,0.04045643153526971,11080.571266068087,8085.057074800243,4603.940611689676,17523.927754204804,16968.28617381144,17145.41963954551
60101,6980,59684,7397,0.04721030042918455,0.07510729613733906,8623.486167510711,4134.6991447880755,3434.9795071376484,16846.45661065426,17113.395141035227,16997.214320658695
67185,7344,65753,8776,0.023952095808383235,0.058383233532934134,7973.9362900206925,3636.5327698555716,3466.9781081058504,15788.72459392074,15995.086603937774,15617.788328428242
47467,5894,47570,5791,0.024475524475524476,0.038461538461538464,9583.275529319688,6529.396952803345,3666.814894453466,16848.433506276004,17441.559817360798,17090.52430095391
58303,5706,56153,7856,0.014778325123152709,0.024630541871921183,12257.829086184875,7333.471617831298,3864.2599901696494,16893.460520511995,17176.01645136108,16731.679063644962
56529,7480,56373,7636,0.031578947368421054,0.03859649122807018,14791.21367709184,8995.654073926771,4579.32550977323,17794.211345665768,17199.678755342167,17183.54184375268
62751,6418,61615,7554,0.0125,0.021875,1942.5994725608589,2035.8039551937982,3375.956431561454,15927.086128069295,16415.055696418385,16288.517037243188
59572,6992,58702,7862,0.016556291390728478,0.03642384105960265,4562.29591814583,3949.3235696118177,3456.4642715982936,16211.909127430237,15944.751449831541,15507.68352714271
55738,6762,54468,8032,0.010452961672473868,0.04006968641114982,4443.287913005103,6274.515143344234,4081.184424754907,17262.209430036233,17326.369524457925,16482.679222960345
62719,7506,62563,7662,0.01675977653631285,0.03770949720670391,2252.9482502049973,5290.546040448733,3901.716747036866,16427.121189689467,16582.81620641034,15847.984641185552
58874,7690,58706,7858,0.012658227848101266,0.028481012658227847,7529.643110805349,5420.666788320065,3765.55616147403,17513.647056046488,17428.987342443765,17370.787663240393
60497,7624,60295,7826,0.030959752321981424,0.047987616099071206,7587.930474916355,2976.8626119713713,3883.236835195484,17672.642059605936,17412.677774513275,17011.5197817088
59650,6914,58603,7961,0.017857142857142856,0.033928571428571426,11260.798005719716,7994.760238869767,3061.450225371398,16453.592141765974,17083.909218209486,16641.6826470743
54562,5954,53596,6920,0.04700854700854701,0.0405982905982906,9863.101804836428,6288.491991749511,4328.240194474189,15878.003531335758,15774.438567040814,15798.75292529029
49044,5712,48298,6458,0.02127659574468085,0.04468085106382979,12372.969174845228,5668.215489640044,3546.911742773489,16533.072800228172,16537.78472856291,15870.772892795238
67130,7946,65818,9258,0.032467532467532464,0.056818181818181816,4410.178900250123,2583.082625063526,2752.386802881808,17295.41851456367,17166.698922083902,16984.03248604631
57974,6542,56899,7617,0.024475524475524476,0.050699300699300696,4508.826434094671,6554.3622950040635,3298.657177838364,16647.3634100915,17320.986559898098,16530.579632771853
65448,7452,64744,8156,0.0169971671388102,0.04107648725212465,2517.809311614212,5527.118279524141,3795.6112096947145,16999.47691690126,17736.950572669874,17092.445002802284
57471,6538,56045,7964,0.019230769230769232,0.052884615384615384,5049.018821565342,4458.217472998339,4244.132245850423,17104.117732291335,17330.523359573377,17038.80064593895
53564,5972,53228,6308,0.01762114537444934,0.03303964757709251,3874.929077346887,1205.578657251483,3558.417412561817,16719.327346676037,16983.53279474209,16762.4395349907
45315,5310,45200,5425,0.011904761904761904,0.031746031746031744,3907.4654495936115,3440.2196721739783,4311.070200430654,16383.957086351264,16357.348476165,16679.566522636604
75370,7574,73682,9262,0.028125,0.0671875,3566.5453247759306,2633.614934236037,3285.0633992080934,16417.092500922023,16645.68853186884,15924.084619849316
46990,5910,46943,5957,0.03162055335968379,0.04940711462450593,1985.296318391993,4416.105192459658,3947.082497830737,17164.325589588017,16959.857008707073,16501.46467362526
61516,7128,60734,7910,0.024922118380062305,0.04672897196261682,2302.2128222224137,1746.5403085671746,3616.046882022205,17001.296732712057,17599.927335225962,17059.848577265722
56620,6884,56076,7428,0.02390438247011952,0.04183266932270916,4128.080697014738,3182.1934577253664,4255.805584504502,16204.433291541187,17163.92353157772,16997.677243846952
68278,7898,67806,8370,0.04501607717041801,0.028938906752411574,10419.919712412322,7651.366269594699,4092.9513177964823,15983.095517262318,16289.4593110212,16521.049934224426
58801,6224,58207,6818,0.02120141342756184,0.028268551236749116,3855.2897543942017,9153.975786414128,4435.123805418283,17281.192436891437,17634.367143381576,16608.23907394765
47027,4502,45532,5997,0.01,0.0225,6008.601404013112,8169.929467501905,2393.315406218343,16876.92397428187,17298.511839716346,16490.456271199924
71140,7260,70711,7689,0.018779342723004695,0.03755868544600939,5067.536321785867,3398.766112514835,3235.407726098203,17904.92494953411,18328.294467505246,17709.476978392122
48747,6478,48013,7212,0.03717472118959108,0.04460966542750929,5014.503376416799,4478.986274793934,4487.991814463828,16878.138534190777,16901.654916192158,16239.941829553853
49575,5650,48949,6276,0.009375,0.0328125,1529.2891075696316,3533.5077533669537,3961.2376238837214,16295.872171104218,16427.685209599094,15893.826779447647
73554,8242,71743,10053,0.02795698924731183,0.05053763440860215,3131.231666404956,5165.181864416412,3678.0726099102562,16714.36816947946,16633.209029292404,16798.316673267127
49903,5322,48878,6347,0.017467248908296942,0.017467248908296942,2811.5059524639937,1015.4568231511175,3799.5849475900873,17263.45325290405,18296.33723572853,17432.675905521326
64732,8168,65202,7698,0.038338658146964855,0.03194888178913738,3809.798482121512,4522.670880439771,3946.252404508964,16321.035827870424,16335.620582850277,16443.847917118957
53841,6184,53176,6849,0.03937007874015748,0.025590551181102362,7804.650038234718,5262.970541013978,4626.468603137414,15852.051378081207,16441.090581880904,16167.737638781748
57635,7390,56845,8180,0.03134796238244514,0.05172413793103448,7853.028985815949,3849.2170371887405,2828.9192187049052,16197.001171887643,15864.670181554637,15850.308734690636
47848,5976,47504,6320,0.02,0.03666666666666667,9755.176248178883,4688.415076637073,4325.396610075122,17069.823562936566,16644.300788365817,16402.681160844495
59795,6254,58526,7523,0.025559105431309903,0.06070287539936102,10539.975365365517,4742.75239425932,4580.237786850846,17343.655635397237,17539.074658447043,17329.75789091911
63352,7404,62924,7832,0.03873239436619718,0.02640845070422535,4902.478051835478,5235.715122544308,3509.325467920088,15658.99785195796,17187.046151845167,16480.783287301972
75991,8690,75257,9424,0.03333333333333333,0.04047619047619048,8567.430603435096,3776.817471017158,3115.0548199223244,16953.410094851493,16958.45570616006,16541.810862969567
65373,8068,65047,8394,0.02631578947368421,0.05502392344497608,10215.951718291868,4556.189831622631,4221.2523225867,17291.582011525006,18021.644663521372,17385.986506945705
68251,7374,67140,8485,0.028846153846153848,0.05608974358974359,3498.128173472896,3620.5013536507768,3477.131571562901,15619.40950791771,16046.27583023329,15751.043446818458
58116,7420,58072,7464,0.035842293906810034,0.023297491039426525,18401.597513048597,6555.455001919262,5029.543093163296,16528.88275886849,17192.239381567982,16817.63784107389
72577,8648,72458,8767,0.014492753623188406,0.020289855072463767,6528.418554457235,6933.482607177454,3555.795313403631,18153.392532658694,18889.659652779228,18048.608226032564
51567,6514,51408,6673,0.03508771929824561,0.0456140350877193,8816.064455283777,4171.655773601343,3333.6179018834587,16866.191342380058,17100.373697183022,16982.465379088444
73871,9650,72837,10684,0.008869179600886918,0.037694013303769404,5788.504551883051,5654.435460267214,4143.367177319288,18009.933820188897,18331.97236134854,17633.61381499799
58866,6670,58766,6770,0.04113924050632911,0.028481012658227847,7943.235532462276,2163.4126885674154,3558.9071344033487,16623.32961710603,16879.54417035635,16405.78249569263
58126,6390,57348,7168,0.03597122302158273,0.04316546762589928,9282.08229722897,4133.043741401997,4323.1759114419665,16088.658987663357,16189.845084792043,16078.539642465408
61785,8440,61351,8874,0.037037037037037035,0.04377104377104377,5811.3803234025145,3228.518713454657,3807.479221057528,16255.17930504416,16917.647086273584,16582.206350727683
55922,6578,55562,6938,0.01893939393939394,0.032196969696969696,4633.478543539664,3216.755014122813,4300.186799542317,15735.404270701081,16245.73211708708,16152.538539841382
50181,5988,49899,6270,0.04065040650406504,0.07520325203252033,3099.6417986175957,2542.5656471075567,3196.943097383212,17716.813796644194,16832.988106348006,16694.040243046984
53990,6526,52844,7672,0.023076923076923078,0.023076923076923078,2743.027381769391,1500.0286639198446,2695.760458025325,15673.73807463102,15616.216558262027,15481.438174764484
50906,5738,50457,6187,0.024193548387096774,0.046370967741935484,10913.039079372355,8602.13926387044,4116.239776199744,17179.833762865157,17606.040062670276,16954.271816435303
63539,7750,61542,9747,0.027777777777777776,0.046296296296296294,7795.694226962867,4210.112196454962,3762.810594665813,16975.537357721732,17355.653618818033,17023.729014608023
62134,6510,61188,7456,0.0,0.03650793650793651,nan,4972.086621199938,3696.055325048596,16631.259287553632,16659.084264166973,16177.464009426494
68736,7440,67623,8553,0.02962962962962963,0.020370370370370372,13970.179979072882,15080.644156066346,3459.2680285450892,16643.691824385507,17189.769619965242,16657.609444622696
65836,8148,65460,8524,0.022435897435897436,0.02403846153846154,4691.7907146703865,5371.121969991046,4970.021225841811,16532.063793905047,16953.112630147283,16066.435505452164
56939,7070,56774,7235,0.019672131147540985,0.029508196721311476,5594.066636743087,1080.3511995578222,2653.3889688318677,16869.280816111554,17278.89614362131,17008.88172283182
59790,6774,59260,7304,0.013227513227513227,0.031746031746031744,6338.10267716075,4278.438082475689,2978.3579532669687,15866.155488696986,15859.255299151771,15351.7947024629
59875,7206,59280,7801,0.013605442176870748,0.05102040816326531,9232.734037165534,7398.230507994499,3963.374926515272,16621.721861922895,16232.508402245612,16051.316208983493
57751,6258,57326,6683,0.020771513353115726,0.016320474777448073,17160.07181098191,9844.875669807083,4856.788801650575,17170.6513751143,17450.03598841965,16745.15480061747
45285,5340,44506,6119,0.027888446215139442,0.043824701195219126,7502.582668309425,3801.368971271338,4283.344365891631,17429.215459464096,18061.68717374899,17117.862219743318
55958,6542,54576,7425,0.03550295857988166,0.04585798816568047,9170.128920910583,5772.571165920656,4003.3896880382163,17067.599924141025,16920.855806976193,16591.89320191891
67430,8746,67394,8782,0.04788732394366197,0.05070422535211268,4348.399195112337,3894.5380910576328,3691.3645694678557,16295.224614714723,16204.371624660853,15956.762427646654
52049,6032,50703,7378,0.01384083044982699,0.03806228373702422,5493.239377497077,10035.784852430072,5002.514403886133,17016.11463967768,17403.962044525986,16556.63531301972
47961,5400,47772,5589,0.0313588850174216,0.05574912891986063,3327.6116382288433,2910.66525933396,3648.305339026845,15043.31022361075,15160.72324650713,15412.743289936756
51962,6602,51066,7498,0.03272727272727273,0.05272727272727273,11319.25053242896,4166.2673639162085,4417.392451913269,17554.176508793786,17628.519508016787,17263.829461858866
59075,5950,58280,6745,0.00784313725490196,0.0392156862745098,701.6310474748279,4244.1383169357105,2886.785720271903,17095.153977819507,16698.33154708152,16411.60989981536
65257,7104,64084,8277,0.010033444816053512,0.04180602006688963,3903.658474390047,3506.5263049955524,3440.3084203403023,16455.762182312872,16470.819872989483,15982.095639973737
56134,7370,56161,7343,0.02734375,0.0703125,5988.745545940969,5684.94942645964,3587.2645732396286,15314.217226697878,15904.685539439879,15426.35550740684
70234,8166,69394,9006,0.014164305949008499,0.046742209631728045,7502.38478049794,2163.359890368063,4128.418154142429,17118.447773644046,17585.69736722832,16976.3642968634
59265,6784,59444,6605,0.02413793103448276,0.06379310344827586,14675.554604321791,5579.473840704282,4154.796043088071,17155.894052574775,17010.838254376784,16922.98269898187
63562,7194,63202,7554,0.029498525073746312,0.04424778761061947,6879.226097300356,3618.8026993839608,3985.9850638411626,15955.400720594533,16550.746681732526,15734.954466076866
54618,6886,53649,7855,0.034482758620689655,0.04655172413793104,9516.28039793639,3158.188567473006,3220.692385437424,17881.23247512184,17948.35190136002,17386.706058068063
56832,6672,55852,7652,0.03543307086614173,0.031496062992125984,8157.989561371591,803.3351469801435,2871.3313374652207,16466.628738074938,16612.916690309627,16256.030208580276
48956,4868,48119,5705,0.02553191489361702,0.05531914893617021,8299.050975270193,5267.984783359304,3144.98338247312,15974.57275262104,15635.782895908687,15746.877149085167
57750,6766,56829,7687,0.019083969465648856,0.030534351145038167,11870.260535485138,2039.8887063662796,3235.1748127915102,17591.65237597428,17645.29656453562,16719.559614725855
57023,6986,56843,7166,0.0,0.02459016393442623,nan,2652.8689587502226,4204.0870792367205,16297.198767440887,16756.418414958676,16256.83398757554
54388,6128,52985,7531,0.03536977491961415,0.0594855305466238,12893.902833760372,5773.598534913466,4204.916305431374,16715.976005002434,16832.109982737667,16536.01995510239
59401,5624,58616,6409,0.022727272727272728,0.02922077922077922,7522.43328822358,2520.3267014172357,4155.692601360353,16915.491227093426,16901.30193956477,16513.437482721758
70778,8746,70678,8846,0.038834951456310676,0.02750809061488673,5627.477203842911,6599.7524732653055,4090.0873764370695,16728.438023150302,17491.541260377642,16641.99742930092
51870,5730,51073,6527,0.04263565891472868,0.03488372093023256,4874.703043126291,3484.991496350678,3657.9673133403776,17018.98515907628,17117.027015133302,17241.486430611098
65758,8226,65232,8752,0.017793594306049824,0.02491103202846975,841.2586518961277,2561.226477975984,2689.712456705476,17660.10885609653,17676.888892844785,17070.891271437053
68850,8434,68583,8701,0.041343669250646,0.04392764857881137,5296.719675500557,7629.284856061594,5178.533521118464,16159.883948102552,16642.331223200785,16381.269090159703
62048,6596,61102,7542,0.01056338028169014,0.022887323943661973,13258.134530371322,7263.756254881331,4875.067550656203,16467.253682345112,16241.887489606574,15833.804090666234
61493,6628,60640,7481,0.034782608695652174,0.06231884057971015,7843.299128978964,7457.048014683244,3816.9448720822206,16488.602747077282,16520.438176857933,16667.63535768593
60739,7382,60151,7970,0.022388059701492536,0.033582089552238806,2463.777625505783,4052.6679319234277,4134.0901769044885,15744.397493629724,16172.701718091217,15541.480984335718
70558,6726,69187,8097,0.02005730659025788,0.04011461318051576,1849.4284276703438,7393.804894245436,3531.0350357737516,16839.85363981974,16738.76199702069,16419.08793209305
59192,6344,57960,7576,0.014492753623188406,0.018115942028985508,5138.807312943467,975.8867392884931,2833.192090014528,17629.00217684842,17462.45318062801,17307.91579961454
57425,6584,57259,6750,0.035326086956521736,0.02309782608695652,4007.9225191572136,6083.930252133283,5006.176055201695,17042.1408650256,17629.28640038258,16907.339666198917
49827,5398,49412,5813,0.018018018018018018,0.018018018018018018,3505.9249390647283,4479.683514851002,3672.653484752707,15947.48843541133,16787.590937951947,15953.360711118035
48479,5810,47986,6303,0.05078125,0.0625,5188.227727006297,4746.541252327237,4690.898030301774,15783.216748744948,15844.262026857554,15766.521260341517
48557,4804,48067,5294,0.02666666666666667,0.017777777777777778,4507.468443794059,7888.669780550573,4872.352276128501,16353.423697074526,16634.402996713383,16328.631827508305
45882,5194,44567,6509,0.027131782945736434,0.03875968992248062,6440.387744113438,2790.9798676389933,4603.814404001689,16874.02827698768,16966.53393600738,16351.195950866972
47285,6076,46816,6545,0.03546099290780142,0.044326241134751775,5668.281351724769,2774.1794701720855,4680.790551723173,15596.093233729787,16155.886483378363,15789.988000553423
54651,6358,53910,7099,0.017857142857142856,0.04642857142857143,1567.5575018115949,2285.276803992329,4516.006927084227,17131.42573317175,17525.487377312704,16931.752695373678
62155,7014,61788,7381,0.003401360544217687,0.04081632653061224,3472.4161686604284,2967.4786167264815,4176.210895948718,17184.313960194282,16715.688733139024,16765.22516181746
77701,10508,77625,10584,0.024128686327077747,0.03351206434316354,4429.070559285471,6043.488582835656,3411.175079813644,16023.988302286292,15826.928103281414,16122.586380519793
59255,6794,58628,7421,0.013245033112582781,0.018211920529801324,3811.6876506067165,3836.121902367947,2979.4763714803466,17013.861547392225,17491.392380112564,17209.292326366987
53705,6320,52593,7432,0.020833333333333332,0.04513888888888889,6545.834544108812,5633.949208421323,3804.4987467507403,17731.735649756905,18645.383610742738,17906.109003089125
51466,6134,51128,6472,0.01060070671378092,0.01060070671378092,11571.199601637965,1211.2236145636161,4129.183161956717,17512.23313200443,17089.92278113126,17016.900257011137
50307,5862,50217,5952,0.03550295857988166,0.042899408284023666,9402.864135384973,5362.119996753495,4571.736464814827,16489.324306578925,16442.30141216411,16499.171782137535
43742,4658,42793,5607,0.015789473684210527,0.07105263157894737,6859.522009903111,5386.619146003438,4216.982611357079,17283.046225051345,16895.51143121706,16613.94910203388
60902,7742,60752,7892,0.016835016835016835,0.04882154882154882,2814.8996182114074,3043.2855267618365,3283.81199447532,15890.905372898089,16347.634699796556,15887.441947436988
69030,7146,67200,8976,0.012539184952978056,0.03605015673981191,4732.998135015774,2521.81602025895,2682.4061639677766,15800.715105651512,15990.709371720326,15605.808543772304
72897,8328,71442,9783,0.041666666666666664,0.05694444444444444,16062.963544170054,6782.530525185917,3596.9444996704824,16161.120210116394,16925.06398287049,15878.148007305614
61253,6868,60687,7434,0.02877697841726619,0.02697841726618705,7286.271842043299,13938.020926886897,3180.1939195452587,17019.408310993935,17153.71409569003,16727.552562508456
54235,6774,54620,6389,0.03404255319148936,0.04680851063829787,3099.679582762173,2397.1805274004596,3912.616853414471,16477.271167233903,17164.969873752678,16346.75127972007
59100,6436,58081,7455,0.013559322033898305,0.023728813559322035,3675.430948154227,2262.0869031427314,3531.645168320632,16248.433370494287,15761.054284623922,15597.004676627403
57248,7268,56631,7885,0.0390625,0.02734375,7610.567678131946,5792.713384912757,3161.3232310913763,15951.240590274183,16308.840345006569,16172.890699314084
57837,7188,57826,7199,0.019736842105263157,0.05263157894736842,2663.099662332717,6424.97194047474,3880.8817618539324,16517.48886786644,16568.64222309485,16624.586300183524
67029,7500,66675,7854,0.01288659793814433,0.045103092783505154,16110.844339155805,5179.987798977097,4543.322161646633,16368.805977834161,16557.512454450258,15894.04762235656
68057,8672,67936,8793,0.041401273885350316,0.044585987261146494,5482.647312705273,5306.725213097791,3390.85965849577,16892.687906106887,16892.80775784073,16724.47910465018
58248,7288,57747,7789,0.023972602739726026,0.04280821917808219,10234.960649282517,7005.744396556547,3761.3409209034967,17114.84076716507,16596.528973447726,16412.023403591586
61008,6592,60577,7023,0.01910828025477707,0.01592356687898089,5708.648746680847,3180.441607372555,3057.9861369125624,16725.326323657933,16932.48140669432,16639.014243220117
65222,6602,63644,8180,0.02973977695167286,0.046468401486988845,6595.713258568359,5079.1045162873625,4076.9264664333627,15822.38657964335,16032.543384180388,15468.555325367952
61234,7410,61087,7557,0.017766497461928935,0.03807106598984772,10321.854362831958,2965.904001226384,2720.168161242944,16752.97416412104,16653.84691548801,16620.496122489127
73968,8976,73399,9545,0.020618556701030927,0.04536082474226804,5002.312243191738,3256.730854632662,3497.2994856596692,15516.14528382477,15384.977897807994,15688.613157056545
71575,8514,70795,9294,0.008571428571428572,0.047142857142857146,3376.664239210231,8822.31454587412,4701.004430567926,16777.3794830371,17220.18872271428,16509.693509331246
60586,7014,59517,8083,0.020905923344947737,0.033101045296167246,14513.37010096471,5483.510733854104,3950.0426019814695,16581.618960690415,16949.915219724735,16968.052422938123
45615,5010,44452,6173,0.024,0.048,15928.953409073394,7543.0956060004,3384.2953287506075,16558.94985688882,16387.57142783586,16605.565763305975
45429,5196,44826,5799,0.014423076923076924,0.028846153846153848,4977.786971440771,8653.743624485009,4529.992852709364,16815.916156471572,16627.751379987287,16269.585500512369
62604,7092,61395,8301,0.003215434083601286,0.04823151125401929,10308.629409514717,4530.0023577878765,3131.5590630966153,17161.987288193828,17940.592899279676,17237.022721379955
44439,5290,43770,5959,0.026119402985074626,0.06529850746268656,4860.795863307314,5066.672882573354,3816.9633124046404,17282.142076830896,17588.312833322256,17141.18889598884
56578,5922,55573,6927,0.032846715328467155,0.06751824817518248,8314.054375745074,5949.781394488357,4259.959919566001,16760.011100504056,16450.449913866294,16109.783793357145
55526,6974,54950,7550,0.03678929765886288,0.046822742474916385,7329.879762532053,2339.2720836572375,3562.41715156025,15931.77572200883,16425.086862041397,16047.306499903721
65464,7436,63822,9078,0.032490974729241874,0.03790613718411552,3285.3582564972894,2898.208069224192,3925.1336741400673,15920.377552600801,16162.35528121426,15707.750675062862
44654,5522,43946,6230,0.009389671361502348,0.028169014084507043,10351.180619076484,2088.5486227265815,2675.2141090070995,16608.24736755861,17183.350433099902,16560.734635664106
62950,6746,61613,8083,0.022082018927444796,0.03627760252365931,7618.24406627671,6006.117999319003,3371.047255369641,17317.923718631206,17877.106466856298,17248.829304673058
54972,6532,55287,6217,0.043343653250773995,0.03560371517027864,8567.535674916035,11691.779191820655,4489.19972713965,16512.993214753893,15993.976289118786,16224.971673298624
62858,7898,62962,7794,0.037914691943127965,0.035545023696682464,5175.049427046966,2600.640962604471,4621.212340154614,16072.739968258351,16455.64156031888,15981.860779871988
58624,6912,58327,7209,0.01171875,0.04296875,2992.551132130709,2934.439941392739,3911.021759620541,16618.114521166055,17012.984806261113,16882.033751884617
67289,6152,65779,7662,0.02359882005899705,0.028023598820058997,14349.257124195552,7645.261531174057,5320.473347077044,17412.09401100433,17741.494373950434,17170.569296271395
57373,6636,56830,7179,0.013245033112582781,0.029801324503311258,5123.346051690524,10640.480636365082,5081.24308560003,16253.738009491186,16361.940153027834,16061.573102520899
50561,6560,49756,7365,0.008583690987124463,0.04721030042918455,8708.842519162423,5135.675445481702,3646.4913739717254,16521.38916156558,17119.53953952121,16691.134091592474
60540,7060,60080,7520,0.010526315789473684,0.014035087719298246,3103.256362849259,2020.0032785912554,3185.228803153322,16719.62718705843,17141.766863159657,16459.948557926582
66752,7232,65591,8393,0.03076923076923077,0.041025641025641026,8433.465074818127,4853.8454027716,4075.371282316334,15721.385893742196,15993.810204036008,15955.854837184856
55116,6388,54333,7171,0.0125,0.0265625,2485.7136332804766,1896.3868840085288,4050.9195148315785,16397.60334943859,16880.69393158721,16147.749053985215
58396,9204,58830,8770,0.03519061583577713,0.05278592375366569,3933.366816177995,3154.29512742449,3019.1646563691947,18247.531222791316,18318.877318660667,17475.510697263395
57486,7030,57498,7018,0.017421602787456445,0.047038327526132406,3347.961534472974,1799.969991553103,3383.9921010478038,15909.24655589163,16225.675499337245,15948.842958581094
50836,5808,49657,6987,0.03787878787878788,0.05303030303030303,4475.493060848268,6325.412138386519,3592.79519474864,18219.121960669454,18070.52461268173,17436.601412003805
43693,5148,43279,5562,0.020618556701030927,0.04381443298969072,5400.642499413125,3559.2940446153234,4050.645707020122,15990.446665119718,16790.66399797229,15928.819681314679
46034,5950,45841,6143,0.04564315352697095,0.04149377593360996,6654.237812176173,4435.949410785523,4689.0274803878165,16587.327658789767,16336.284552882782,15995.930371180799
49851,5374,49101,6124,0.0205761316872428,0.0411522633744856,1132.1645623054872,3002.560642908421,3825.2085066129976,16021.750402283515,15414.075258230832,16014.364950206469
49311,5914,49043,6182,0.0196078431372549,0.043137254901960784,2570.687174208881,4428.562578266749,3556.4538024573935,15464.972022734837,16340.11376755331,15506.332741868342
59136,7428,59005,7559,0.0353356890459364,0.044169611307420496,1836.675025050295,2038.7401947528838,3394.8579433747755,16904.627237978155,17170.240397938964,16980.263416730984
58399,7650,57950,8099,0.02888086642599278,0.05415162454873646,3087.0109184307116,4479.30885227652,4510.608429286502,16631.290970294074,16756.810722571834,16344.057073398066
50996,6604,51385,6215,0.023529411764705882,0.045098039215686274,20406.940272521828,8416.37363982738,4587.027925110951,17672.54046159103,17252.09577582022,16970.605791556078
48125,6164,47736,6553,0.01834862385321101,0.027522935779816515,4685.638454960676,4452.113445502472,3406.0234116674255,17425.876858186544,17519.426476093413,16815.66913394969
62255,6914,61347,7822,0.02857142857142857,0.03428571428571429,4034.381985530351,9206.952032508963,4201.079149990307,16143.751662179942,16238.24438885446,15850.152159059333
56762,5738,54530,7970,0.014598540145985401,0.029197080291970802,6804.921143696335,3371.5900980145257,3320.286312753404,15950.044051643396,16864.184280882477,16416.697287943392
60439,6642,59566,7515,0.037383177570093455,0.05763239875389408,11611.235004958653,6039.739957514886,5303.703660476934,16475.393503445317,16537.532752267514,16382.002270461035
58880,6656,58190,7346,0.040625,0.0546875,7267.81912217315,5504.925771128108,3476.1064930129323,16236.315626374333,16499.685147035743,15967.350400548157
51564,6036,50993,6607,0.011627906976744186,0.06782945736434108,9245.18994121174,8172.686511776406,4555.494307331919,17309.335123019002,17432.85272973624,16244.993059467235
72909,7180,71329,8760,0.023255813953488372,0.0436046511627907,7881.974817633728,4939.182580508117,3573.01476381158,15657.210900664855,15940.707468664315,15851.796405604899
74507,10174,74793,9888,0.024922118380062305,0.03271028037383177,8858.092207284255,4975.628284692208,4096.325430311645,15844.770023713389,16400.70512644586,16024.704026866928
63259,8030,62853,8436,0.025089605734767026,0.04121863799283154,2578.4474753040254,6754.932466390284,4387.16427208052,15765.983809785628,16753.400725376112,16244.17221196661
68406,7770,67561,8615,0.03857566765578635,0.06528189910979229,6555.941332251062,4342.2710924552375,3044.2254882087436,17392.808779988274,17307.714536587217,17043.163996542095
60085,6996,59379,7702,0.008097165991902834,0.024291497975708502,2653.8026675004403,6491.446116499606,3290.6658585228456,15895.892767839483,16102.814675041594,15531.226778582331
59348,7216,58321,8243,0.03237410071942446,0.044964028776978415,5576.289209084705,4902.218832736287,3647.102541276668,16848.159063426985,17138.56423073093,16920.71595927219
56571,5430,55302,6699,0.017064846416382253,0.05460750853242321,3720.4580758779457,3190.3295861399447,3221.724739247713,16967.091514281823,17415.585988088707,17136.698928009984
55691,6310,54775,7226,0.021660649819494584,0.05415162454873646,902.3137808999527,4012.5192618648966,4052.2524602958824,16089.098365150543,16541.748100115372,16571.41603435963
49960,5736,49318,6378,0.024390243902439025,0.01707317073170732,4753.839499336548,2426.2747198555203,3315.093597164823,16457.397515897737,17628.737221169205,17301.261286131277
57377,5624,55558,7443,0.02422145328719723,0.03633217993079585,10345.68667368097,7411.833881131879,3727.087950500613,15754.031801630434,17059.767382639624,16434.52814670967
58909,7140,58530,7519,0.02922077922077922,0.032467532467532464,5216.500452541611,3257.4715024957827,3847.7089408844295,17172.26753453673,17034.556988766337,16277.38861857231
75886,9378,74612,10652,0.02925531914893617,0.047872340425531915,5383.376777497194,2249.9016084846207,2738.723642674045,15101.181965583797,15379.96155451657,15125.932998238632
61355,7814,61689,7480,0.015444015444015444,0.019305019305019305,4655.841220058743,2197.985917654474,5227.6409155993115,16253.36296224522,17080.472715011598,16675.737374184613
73735,7490,72065,9160,0.023965141612200435,0.0392156862745098,7308.122433789634,4706.373305868378,3599.643288056409,16386.607283409605,16225.448552525679,16133.810895990182
68881,6744,67550,8075,0.020202020202020204,0.04882154882154882,4975.538983861294,3865.9486620170646,3590.2710418911975,17117.48042228847,17334.19401028554,16858.879210831783
62703,7522,62155,8070,0.029411764705882353,0.05392156862745098,5234.176944273283,2638.389237177799,4099.141798499992,16036.48749781377,16789.908693338664,16318.883184746897
69002,7174,67534,8642,0.015444015444015444,0.055984555984555984,3800.3697649761016,7952.731976912737,3126.3083771319234,17806.784721925076,17309.30362438182,16871.92157534642
60181,6900,60216,6865,0.025477707006369428,0.03184713375796178,3819.0256231905105,6160.647993989651,4479.729666532373,16479.80127294705,17090.096772702193,16704.058758665546
52914,6622,52573,6963,0.02694610778443114,0.04341317365269461,4878.028252456363,4040.539299847,3490.888473883414,16126.261825830561,16387.205408496433,16274.340635586823
45541,5988,44812,6717,0.026615969581749048,0.058935361216730035,6248.701464824118,1688.6328611041831,2995.3829974358064,16105.001569930486,15457.53821038588,15820.38090715049
56445,5556,54998,7003,0.026578073089700997,0.053156146179401995,4988.216169565568,4500.999375237171,4209.734390967106,16667.202937570033,16801.498567937222,16733.777459625024
59408,6128,57997,7539,0.032362459546925564,0.07928802588996764,6551.551941577828,7448.537400969538,4259.603945013577,17755.29501060388,17568.96294571321,17388.467862524118
65860,7040,64697,8203,0.034666666666666665,0.048,8708.0464111294,6089.912031111612,4770.432209994559,16833.4663334763,17184.44261657506,17010.887984067525
59611,7470,59203,7878,0.03503184713375796,0.052547770700636945,7696.384092884959,9368.775872202395,4352.707576603314,17167.50014966441,16825.220709900714,16627.653119357354
67045,7484,66916,7613,0.012345679012345678,0.029320987654320986,13072.286068562351,8676.419503312665,4482.625222470431,17011.78306634993,17492.8614133904,17414.09258625179
54309,6700,54343,6666,0.04912280701754386,0.031578947368421054,6534.276907452378,8398.161139560985,4459.376872641133,16584.66522448012,16598.727829666597,16286.729687227149
74406,8538,73851,9093,0.01904761904761905,0.044444444444444446,5555.032037167275,4617.642144236837,3188.539936117555,17156.41404759143,17313.56478382255,16818.564935322844
61641,6480,60787,7334,0.013289036544850499,0.046511627906976744,2533.912715506739,4661.103128196673,4982.405859856942,16772.260349709173,16491.684314515423,16415.15601288947
78834,8782,77698,9918,0.024344569288389514,0.04307116104868914,5633.410780509769,4889.066722312288,4017.936983315522,17637.42862911304,17292.237227211666,16906.275546210625
52938,5626,52172,6392,0.023809523809523808,0.03968253968253968,7935.00099938121,5962.865122775894,4087.5749729137974,18464.811742537404,18728.939369442225,17857.28867131291
62014,6630,61267,7377,0.025974025974025976,0.05032467532467533,11661.625227380324,6700.732030771575,4836.507988895471,17577.27771116679,17237.184473937643,17604.111767003633
50033,6136,49732,6437,0.045112781954887216,0.041353383458646614,3096.777552734795,3628.7377694507345,3461.350800099014,15977.878926514115,15949.836132859751,15983.966340416899
67016,8060,66338,8738,0.04509283819628647,0.04111405835543767,9376.13162619073,6162.883653870422,3999.784328628818,16801.962474764296,17115.741845404256,17049.166761641787
60353,7768,59786,8335,0.021341463414634148,0.06859756097560976,6493.394730233565,2735.8477990973897,3141.0000220930224,16658.465796968467,16966.277040901,16202.009330702595
59966,6598,59541,7023,0.05714285714285714,0.06825396825396825,10209.125449611514,7735.125567993487,4951.2034132354975,16828.409161472464,16640.944885150067,16750.716176365993
73306,8490,72579,9217,0.026615969581749048,0.03612167300380228,9695.749812188978,2557.664990076386,3503.1548153909876,16246.259171743686,16400.318449192004,16109.664298908443
64643,7718,64345,8016,0.016666666666666666,0.03666666666666667,3185.8604981134145,7741.499051684561,3878.4531272617387,15213.326863217026,15596.19782956336,15589.803153441686
52520,6044,51481,7083,0.030303030303030304,0.05303030303030303,5535.485702965253,4074.560373124338,4852.371778742724,17145.829169491124,18098.122617715264,17470.2280803841
73011,8214,72986,8239,0.03194103194103194,0.044226044226044224,5654.694055649807,5982.115223302713,4026.228867083238,16450.263937449407,16309.87209714971,15997.904505238288
58170,5334,56500,7004,0.025454545454545455,0.04,4136.16399384657,6296.760804801096,3533.1940136216376,16585.65306664829,16870.1221124858,16276.922300563718
56092,6408,55100,7400,0.058823529411764705,0.056862745098039215,3406.3832739126374,3412.241229401166,3844.1649585688647,17156.534955059586,17555.418859326062,16997.2015932694
