519
581
645
859
909
1030
1061
1123
1187
1319
1333
1417
1443
1554
1577
1668
1867
2150
2218
2325
2444
2597
2785
2859
2866
3072
3111
3213
3289
3358
3522
3630
3836
3909
4061
4411
4419
4469
4474
4482
4509
4596
4863
5224
5287
5426
5466
5694
5956
6071
6074
6114
6183
6221
6266
6505
6566
6746
7329
7872
7959
8302
8465
9060
9109
9166
9343
9488
9606
9684
9796
10021
10056
10261
10378
10528
10612
10717
10929
11093
11159
11752
11778
12094
12118
12194
12283
12432
12503
12657
12659
12698
12921
12958
13021
13118
13278
13319
13584
13664
13797
13890
14003
14040
14177
14208
14249
14490
14535
14638
14761
14762
14788
14789
15222
15441
15603
15675
15802
15871
16207
16323
16401
16454
16642
16747
16784
16963
16991
17007
17069
17101
17121
17133
17209
17304
17333
17434
17452
17586
17755
17890
18090
18129
18253
18446
18497
18542
18587
18642
18735
18814
18959
19216
19295
19382
19518
19573
19621
19633
19832
20124
20528
20568
20682
20938
21300
21312
21773
22085
22088
22127
22263
22519
22568
22623
22867
22903
23194
23212
23376
23482
23499
23675
23794
24006
24505
24561
