MarkerID Chromosome Position Label Alleles AlleleCount0 AlleleCount1 AlleleCountX GenotypeCount0 GenotypeCount1 GenotypeCount2 GenotypeCountX RecombRate GenDist
0 1 385 . A,T 34 66 0 6 22 22 0 1.00000000 0.00038500
1 1 519 . A,T 99 1 0 49 1 0 0 1.00000000 0.00051900
2 1 581 . A,T 95 5 0 45 5 0 0 1.00000000 0.00058100
3 1 645 . A,T 86 14 0 38 10 2 0 1.00000000 0.00064500
4 1 859 . A,T 99 1 0 49 1 0 0 1.00000000 0.00085900
5 1 909 . A,T 99 1 0 49 1 0 0 1.00000000 0.00090900
6 1 1030 . A,T 79 21 0 30 19 1 0 1.00000000 0.00103000
7 1 1061 . A,T 34 66 0 6 22 22 0 1.00000000 0.00106100
8 1 1123 . A,T 93 7 0 43 7 0 0 1.00000000 0.00112300
9 1 1187 . A,T 86 14 0 38 10 2 0 1.00000000 0.00118700
10 1 1319 . A,T 95 5 0 45 5 0 0 1.00000000 0.00131900
11 1 1333 . A,T 99 1 0 49 1 0 0 1.00000000 0.00133300
12 1 1417 . A,T 92 8 0 42 8 0 0 1.00000000 0.00141700
13 1 1443 . A,T 95 5 0 45 5 0 0 1.00000000 0.00144300
14 1 1554 . A,T 98 2 0 48 2 0 0 1.00000000 0.00155400
15 1 1577 . A,T 98 2 0 48 2 0 0 1.00000000 0.00157700
16 1 1668 . A,T 98 2 0 48 2 0 0 1.00000000 0.00166800
17 1 1867 . A,T 95 5 0 45 5 0 0 1.00000000 0.00186700
18 1 2150 . A,T 80 20 0 32 16 2 0 1.00000000 0.00215000
19 1 2218 . A,T 52 48 0 11 30 9 0 1.00000000 0.00221800
20 1 2325 . A,T 91 9 0 41 9 0 0 1.00000000 0.00232500
21 1 2444 . A,T 94 6 0 44 6 0 0 1.00000000 0.00244400
22 1 2597 . A,T 86 14 0 38 10 2 0 1.00000000 0.00259700
23 1 2785 . A,T 98 2 0 48 2 0 0 1.00000000 0.00278500
24 1 2859 . A,T 98 2 0 48 2 0 0 1.00000000 0.00285900
25 1 2866 . A,T 86 14 0 38 10 2 0 1.00000000 0.00286600
26 1 3072 . A,T 80 20 0 32 16 2 0 1.00000000 0.00307200
27 1 3111 . A,T 98 2 0 48 2 0 0 1.00000000 0.00311100
28 1 3213 . A,T 90 10 0 40 10 0 0 1.00000000 0.00321300
29 1 3289 . A,T 52 48 0 11 30 9 0 1.00000000 0.00328900
30 1 3358 . A,T 49 51 0 11 27 12 0 1.00000000 0.00335800
31 1 3522 . A,T 99 1 0 49 1 0 0 1.00000000 0.00352200
32 1 3630 . A,T 86 14 0 36 14 0 0 1.00000000 0.00363000
33 1 3836 . A,T 96 4 0 46 4 0 0 1.00000000 0.00383600
34 1 3909 . A,T 96 4 0 46 4 0 0 1.00000000 0.00390900
35 1 4061 . A,T 37 63 0 4 29 17 0 1.00000000 0.00406100
36 1 4411 . A,T 99 1 0 49 1 0 0 1.00000000 0.00441100
37 1 4419 . A,T 98 2 0 48 2 0 0 1.00000000 0.00441900
38 1 4469 . A,T 91 9 0 41 9 0 0 1.00000000 0.00446900
39 1 4474 . A,T 96 4 0 46 4 0 0 1.00000000 0.00447400
40 1 4482 . A,T 96 4 0 46 4 0 0 1.00000000 0.00448200
41 1 4509 . A,T 99 1 0 49 1 0 0 1.00000000 0.00450900
42 1 4596 . A,T 96 4 0 46 4 0 0 1.00000000 0.00459600
43 1 4863 . A,T 98 2 0 48 2 0 0 1.00000000 0.00486300
44 1 5224 . A,T 89 11 0 39 11 0 0 1.00000000 0.00522400
45 1 5287 . A,T 97 3 0 47 3 0 0 1.00000000 0.00528700
46 1 5426 . A,T 99 1 0 49 1 0 0 1.00000000 0.00542600
47 1 5466 . A,T 99 1 0 49 1 0 0 1.00000000 0.00546600
48 1 5694 . A,T 99 1 0 49 1 0 0 1.00000000 0.00569400
49 1 5956 . A,T 99 1 0 49 1 0 0 1.00000000 0.00595600
50 1 6071 . A,T 96 4 0 46 4 0 0 1.00000000 0.00607100
51 1 6074 . A,T 21 79 0 3 15 32 0 1.00000000 0.00607400
52 1 6114 . A,T 68 32 0 23 22 5 0 1.00000000 0.00611400
53 1 6183 . A,T 96 4 0 46 4 0 0 1.00000000 0.00618300
54 1 6221 . A,T 97 3 0 47 3 0 0 1.00000000 0.00622100
55 1 6266 . A,T 99 1 0 49 1 0 0 1.00000000 0.00626600
56 1 6505 . A,T 98 2 0 48 2 0 0 1.00000000 0.00650500
57 1 6566 . A,T 97 3 0 47 3 0 0 1.00000000 0.00656600
58 1 6746 . A,T 98 2 0 48 2 0 0 1.00000000 0.00674600
59 1 7329 . A,T 99 1 0 49 1 0 0 1.00000000 0.00732900
60 1 7872 . A,T 59 41 0 17 25 8 0 1.00000000 0.00787200
61 1 7959 . A,T 96 4 0 46 4 0 0 1.00000000 0.00795900
62 1 8302 . A,T 98 2 0 48 2 0 0 1.00000000 0.00830200
63 1 8465 . A,T 97 3 0 47 3 0 0 1.00000000 0.00846500
64 1 9060 . A,T 98 2 0 48 2 0 0 1.00000000 0.00906000
65 1 9109 . A,T 96 4 0 46 4 0 0 1.00000000 0.00910900
66 1 9166 . A,T 61 39 0 18 25 7 0 1.00000000 0.00916600
67 1 9343 . A,T 92 8 0 43 6 1 0 1.00000000 0.00934300
68 1 9488 . A,T 90 10 0 41 8 1 0 1.00000000 0.00948800
69 1 9606 . A,T 90 10 0 41 8 1 0 1.00000000 0.00960600
70 1 9684 . A,T 10 90 0 1 8 41 0 1.00000000 0.00968400
71 1 9796 . A,T 99 1 0 49 1 0 0 1.00000000 0.00979600
72 1 10021 . A,T 59 41 0 16 27 7 0 1.00000000 0.01002100
73 1 10056 . A,T 96 4 0 46 4 0 0 1.00000000 0.01005600
74 1 10261 . A,T 95 5 0 45 5 0 0 1.00000000 0.01026100
75 1 10378 . A,T 10 90 0 1 8 41 0 1.00000000 0.01037800
76 1 10528 . A,T 97 3 0 47 3 0 0 1.00000000 0.01052800
77 1 10612 . A,T 15 85 0 3 9 38 0 1.00000000 0.01061200
78 1 10717 . A,T 10 90 0 1 8 41 0 1.00000000 0.01071700
79 1 10929 . A,T 97 3 0 47 3 0 0 1.00000000 0.01092900
80 1 11093 . A,T 86 14 0 37 12 1 0 1.00000000 0.01109300
81 1 11159 . A,T 86 14 0 37 12 1 0 1.00000000 0.01115900
82 1 11752 . A,T 95 5 0 45 5 0 0 1.00000000 0.01175200
83 1 11778 . A,T 86 14 0 37 12 1 0 1.00000000 0.01177800
84 1 12094 . A,T 60 40 0 18 24 8 0 1.00000000 0.01209400
85 1 12118 . A,T 96 4 0 46 4 0 0 1.00000000 0.01211800
86 1 12194 . A,T 86 14 0 37 12 1 0 1.00000000 0.01219400
87 1 12283 . A,T 97 3 0 47 3 0 0 1.00000000 0.01228300
88 1 12432 . A,T 98 2 0 48 2 0 0 1.00000000 0.01243200
89 1 12503 . A,T 99 1 0 49 1 0 0 1.00000000 0.01250300
90 1 12657 . A,T 96 4 0 46 4 0 0 1.00000000 0.01265700
91 1 12659 . A,T 90 10 0 41 8 1 0 1.00000000 0.01265900
92 1 12698 . A,T 97 3 0 47 3 0 0 1.00000000 0.01269800
93 1 12921 . A,T 93 7 0 43 7 0 0 1.00000000 0.01292100
94 1 12958 . A,T 98 2 0 48 2 0 0 1.00000000 0.01295800
95 1 13021 . A,T 96 4 0 46 4 0 0 1.00000000 0.01302100
96 1 13118 . A,T 91 9 0 41 9 0 0 1.00000000 0.01311800
97 1 13278 . A,T 79 21 0 30 19 1 0 1.00000000 0.01327800
98 1 13319 . A,T 56 44 0 17 22 11 0 1.00000000 0.01331900
99 1 13584 . A,T 44 56 0 11 22 17 0 1.00000000 0.01358400
100 1 13664 . A,T 44 56 0 11 22 17 0 1.00000000 0.01366400
101 1 13797 . A,T 44 56 0 11 22 17 0 1.00000000 0.01379700
102 1 13890 . A,T 44 56 0 11 22 17 0 1.00000000 0.01389000
103 1 14003 . A,T 44 56 0 11 22 17 0 1.00000000 0.01400300
104 1 14040 . A,T 44 56 0 11 22 17 0 1.00000000 0.01404000
105 1 14177 . A,T 84 16 0 35 14 1 0 1.00000000 0.01417700
106 1 14208 . A,T 99 1 0 49 1 0 0 1.00000000 0.01420800
107 1 14249 . A,T 98 2 0 48 2 0 0 1.00000000 0.01424900
108 1 14490 . A,T 98 2 0 48 2 0 0 1.00000000 0.01449000
109 1 14535 . A,T 95 5 0 45 5 0 0 1.00000000 0.01453500
110 1 14638 . A,T 98 2 0 48 2 0 0 1.00000000 0.01463800
111 1 14761 . A,T 62 38 0 21 20 9 0 1.00000000 0.01476100
112 1 14762 . A,T 98 2 0 48 2 0 0 1.00000000 0.01476200
113 1 14788 . A,T 96 4 0 46 4 0 0 1.00000000 0.01478800
114 1 14789 . A,T 16 84 0 1 14 35 0 1.00000000 0.01478900
115 1 15222 . A,T 95 5 0 45 5 0 0 1.00000000 0.01522200
116 1 15441 . A,T 62 38 0 17 28 5 0 1.00000000 0.01544100
117 1 15603 . A,T 59 41 0 19 21 10 0 1.00000000 0.01560300
118 1 15675 . A,T 99 1 0 49 1 0 0 1.00000000 0.01567500
119 1 15802 . A,T 59 41 0 19 21 10 0 1.00000000 0.01580200
120 1 15871 . A,T 59 41 0 19 21 10 0 1.00000000 0.01587100
121 1 16207 . A,T 16 84 0 1 14 35 0 1.00000000 0.01620700
122 1 16323 . A,T 97 3 0 47 3 0 0 1.00000000 0.01632300
123 1 16401 . A,T 84 16 0 35 14 1 0 1.00000000 0.01640100
124 1 16454 . A,T 98 2 0 48 2 0 0 1.00000000 0.01645400
125 1 16642 . A,T 84 16 0 35 14 1 0 1.00000000 0.01664200
126 1 16747 . A,T 84 16 0 35 14 1 0 1.00000000 0.01674700
127 1 16784 . A,T 52 48 0 12 28 10 0 1.00000000 0.01678400
128 1 16963 . A,T 95 5 0 45 5 0 0 1.00000000 0.01696300
129 1 16991 . A,T 99 1 0 49 1 0 0 1.00000000 0.01699100
130 1 17007 . A,T 92 8 0 43 6 1 0 1.00000000 0.01700700
131 1 17069 . A,T 93 7 0 44 5 1 0 1.00000000 0.01706900
132 1 17101 . A,T 96 4 0 46 4 0 0 1.00000000 0.01710100
133 1 17121 . A,T 66 34 0 21 24 5 0 1.00000000 0.01712100
134 1 17133 . A,T 98 2 0 48 2 0 0 1.00000000 0.01713300
135 1 17209 . A,T 52 48 0 12 28 10 0 1.00000000 0.01720900
136 1 17304 . A,T 38 62 0 7 24 19 0 1.00000000 0.01730400
137 1 17333 . A,T 98 2 0 48 2 0 0 1.00000000 0.01733300
138 1 17434 . A,T 64 36 0 20 24 6 0 1.00000000 0.01743400
139 1 17452 . A,T 98 2 0 48 2 0 0 1.00000000 0.01745200
140 1 17586 . A,T 98 2 0 48 2 0 0 1.00000000 0.01758600
141 1 17755 . A,T 98 2 0 48 2 0 0 1.00000000 0.01775500
142 1 17890 . A,T 2 98 0 0 2 48 0 1.00000000 0.01789000
143 1 18090 . A,T 57 43 0 14 29 7 0 1.00000000 0.01809000
144 1 18129 . A,T 64 36 0 20 24 6 0 1.00000000 0.01812900
145 1 18253 . A,T 2 98 0 0 2 48 0 1.00000000 0.01825300
146 1 18446 . A,T 52 48 0 12 28 10 0 1.00000000 0.01844600
147 1 18497 . A,T 98 2 0 48 2 0 0 1.00000000 0.01849700
148 1 18542 . A,T 98 2 0 48 2 0 0 1.00000000 0.01854200
149 1 18587 . A,T 2 98 0 0 2 48 0 1.00000000 0.01858700
150 1 18642 . A,T 98 2 0 48 2 0 0 1.00000000 0.01864200
151 1 18735 . A,T 98 2 0 48 2 0 0 1.00000000 0.01873500
152 1 18814 . A,T 98 2 0 48 2 0 0 1.00000000 0.01881400
153 1 18959 . A,T 99 1 0 49 1 0 0 1.00000000 0.01895900
154 1 19216 . A,T 97 3 0 47 3 0 0 1.00000000 0.01921600
155 1 19295 . A,T 54 46 0 12 30 8 0 1.00000000 0.01929500
156 1 19382 . A,T 99 1 0 49 1 0 0 1.00000000 0.01938200
157 1 19518 . A,T 97 3 0 47 3 0 0 1.00000000 0.01951800
158 1 19573 . A,T 98 2 0 48 2 0 0 1.00000000 0.01957300
159 1 19621 . A,T 97 3 0 47 3 0 0 1.00000000 0.01962100
160 1 19633 . A,T 97 3 0 47 3 0 0 1.00000000 0.01963300
161 1 19832 . A,T 91 9 0 41 9 0 0 1.00000000 0.01983200
162 1 20124 . A,T 99 1 0 49 1 0 0 1.00000000 0.02012400
163 1 20528 . A,T 90 10 0 41 8 1 0 1.00000000 0.02052800
164 1 20568 . A,T 99 1 0 49 1 0 0 1.00000000 0.02056800
165 1 20682 . A,T 90 10 0 40 10 0 0 1.00000000 0.02068200
166 1 20938 . A,T 72 28 0 26 20 4 0 1.00000000 0.02093800
167 1 21300 . A,T 98 2 0 48 2 0 0 1.00000000 0.02130000
168 1 21312 . A,T 96 4 0 46 4 0 0 1.00000000 0.02131200
169 1 21773 . A,T 71 29 0 25 21 4 0 1.00000000 0.02177300
170 1 22085 . A,T 99 1 0 49 1 0 0 1.00000000 0.02208500
171 1 22088 . A,T 91 9 0 41 9 0 0 1.00000000 0.02208800
172 1 22127 . A,T 9 91 0 0 9 41 0 1.00000000 0.02212700
173 1 22263 . A,T 99 1 0 49 1 0 0 1.00000000 0.02226300
174 1 22519 . A,T 96 4 0 46 4 0 0 1.00000000 0.02251900
175 1 22568 . A,T 99 1 0 49 1 0 0 1.00000000 0.02256800
176 1 22623 . A,T 90 10 0 41 8 1 0 1.00000000 0.02262300
177 1 22867 . A,T 50 50 0 12 26 12 0 1.00000000 0.02286700
178 1 22903 . A,T 97 3 0 47 3 0 0 1.00000000 0.02290300
179 1 23194 . A,T 91 9 0 41 9 0 0 1.00000000 0.02319400
180 1 23212 . A,T 9 91 0 0 9 41 0 1.00000000 0.02321200
181 1 23376 . A,T 9 91 0 0 9 41 0 1.00000000 0.02337600
182 1 23482 . A,T 91 9 0 41 9 0 0 1.00000000 0.02348200
183 1 23499 . A,T 9 91 0 0 9 41 0 1.00000000 0.02349900
184 1 23675 . A,T 96 4 0 46 4 0 0 1.00000000 0.02367500
185 1 23794 . A,T 9 91 0 0 9 41 0 1.00000000 0.02379400
186 1 24006 . A,T 98 2 0 48 2 0 0 1.00000000 0.02400600
187 1 24505 . A,T 18 82 0 0 18 32 0 1.00000000 0.02450500
188 1 24561 . A,T 9 91 0 0 9 41 0 1.00000000 0.02456100
189 1 24830 . A,T 94 6 0 44 6 0 0 1.00000000 0.02483000
