MarkerID Clock Adjusted Fk N_Shared N_Others PostMean PostMode PostMedian PostCI025 PostCI975 Robust Lower Upper
21 M 0 2 1 100 0.01498102 0.01822135 0.01208491 0.00053639 0.04388592 0.11127343 0.03337288 0.37101315
21 R 0 2 1 100 0.02575000 0.03196107 0.02074425 0.00090625 0.07450189 0.13241897 0.03337288 0.52542021
21 C 0 2 1 100 0.02508329 0.03265934 0.02030073 0.00084433 0.07141019 0.08584409 0.01707741 0.43151777
21 M 1 2 1 100 0.01498102 0.01822135 0.01208491 0.00053639 0.04388592 0.11127343 0.03337288 0.37101315
21 R 1 2 1 100 0.02575000 0.03196107 0.02074425 0.00090625 0.07450189 0.13241897 0.03337288 0.52542021
21 C 1 2 1 100 0.02508329 0.03265934 0.02030073 0.00084433 0.07141019 0.08584409 0.01707741 0.43151777
22 M 0 2 1 100 0.00960300 0.01157367 0.00784368 0.00034806 0.02815124 0.10868273 0.03337288 0.35393820
22 R 0 2 1 100 0.00402179 0.00410142 0.00277961 0.00010297 0.01442235 0.12187294 0.03337288 0.44506242
22 C 0 2 1 100 0.00653130 0.00784368 0.00520214 0.00023173 0.01944093 0.08185794 0.01707741 0.39237335
22 M 1 2 1 100 0.00960300 0.01157367 0.00784368 0.00034806 0.02815124 0.10868273 0.03337288 0.35393820
22 R 1 2 1 100 0.00402179 0.00410142 0.00277961 0.00010297 0.01442235 0.12187294 0.03337288 0.44506242
22 C 1 2 1 100 0.00653130 0.00784368 0.00520214 0.00023173 0.01944093 0.08185794 0.01707741 0.39237335
41 M 0 2 1 100 0.01068084 0.01289442 0.00855194 0.00038507 0.03141977 0.12650230 0.03337288 0.47951615
41 R 0 2 1 100 0.01144116 0.01375816 0.00912479 0.00040960 0.03386183 0.14336542 0.03337288 0.61587869
41 C 0 2 1 100 0.01178113 0.01500048 0.00994873 0.00044167 0.03251489 0.09867436 0.01707741 0.57014658
41 M 1 2 1 100 0.01068084 0.01289442 0.00855194 0.00038507 0.03141977 0.12650230 0.03337288 0.47951615
41 R 1 2 1 100 0.01144116 0.01375816 0.00912479 0.00040960 0.03386183 0.14336542 0.03337288 0.61587869
41 C 1 2 1 100 0.01178113 0.01500048 0.00994873 0.00044167 0.03251489 0.09867436 0.01707741 0.57014658
50 M 0 2 1 100 0.01214316 0.01467976 0.00994873 0.00043906 0.03545353 0.10853016 0.03337288 0.35294516
50 R 0 2 1 100 0.01453444 0.01745052 0.01182652 0.00052021 0.04263245 0.12385113 0.03337288 0.45962784
50 C 0 2 1 100 0.01608214 0.02074425 0.01346400 0.00058390 0.04460820 0.08177837 0.01707741 0.39161088
50 M 1 2 1 100 0.01214316 0.01467976 0.00994873 0.00043906 0.03545353 0.10853016 0.03337288 0.35294516
50 R 1 2 1 100 0.01453444 0.01745052 0.01182652 0.00052021 0.04263245 0.12385113 0.03337288 0.45962784
50 C 1 2 1 100 0.01608214 0.02074425 0.01346400 0.00058390 0.04460820 0.08177837 0.01707741 0.39161088
56 M 0 2 1 100 0.01471772 0.01783177 0.01182652 0.00052676 0.04316309 0.11904832 0.03337288 0.42467131
56 R 0 2 1 100 0.02503422 0.03127772 0.02030073 0.00088151 0.07255040 0.14345840 0.03337288 0.61667785
56 C 0 2 1 100 0.02393266 0.03127772 0.01944192 0.00081373 0.06785120 0.09460221 0.01707741 0.52405929
56 M 1 2 1 100 0.01471772 0.01783177 0.01182652 0.00052676 0.04316309 0.11904832 0.03337288 0.42467131
56 R 1 2 1 100 0.02503422 0.03127772 0.02030073 0.00088151 0.07255040 0.14345840 0.03337288 0.61667785
56 C 1 2 1 100 0.02393266 0.03127772 0.01944192 0.00081373 0.06785120 0.09460221 0.01707741 0.52405929
70 M 0 2 1 100 0.01423263 0.01707741 0.01132621 0.00050349 0.04235960 0.15546856 0.03337288 0.72425502
70 R 0 2 1 100 0.01207208 0.01405874 0.00932415 0.00038986 0.03769644 0.17257497 0.03337288 0.89240499
70 C 0 2 1 100 0.01349508 0.01707741 0.01132621 0.00049447 0.03792750 0.12421302 0.01707741 0.90346662
70 M 1 2 1 100 0.01423263 0.01707741 0.01132621 0.00050349 0.04235960 0.15546856 0.03337288 0.72425502
70 R 1 2 1 100 0.01207208 0.01405874 0.00932415 0.00038986 0.03769644 0.17257497 0.03337288 0.89240499
70 C 1 2 1 100 0.01349508 0.01707741 0.01132621 0.00049447 0.03792750 0.12421302 0.01707741 0.90346662
81 M 0 2 1 100 0.01520692 0.01783177 0.01208491 0.00053098 0.04581741 0.17160795 0.03337288 0.88243186
81 R 0 2 1 100 0.00697624 0.00719408 0.00487555 0.00017993 0.02490285 0.20004714 0.03337288 1.19914318
81 C 0 2 1 100 0.00913643 0.01061515 0.00719408 0.00031361 0.02784979 0.14703687 0.01707741 1.26599021
81 M 1 2 1 100 0.01520692 0.01783177 0.01208491 0.00053098 0.04581741 0.17160795 0.03337288 0.88243186
81 R 1 2 1 100 0.00697624 0.00719408 0.00487555 0.00017993 0.02490285 0.20004714 0.03337288 1.19914318
81 C 1 2 1 100 0.00913643 0.01061515 0.00719408 0.00031361 0.02784979 0.14703687 0.01707741 1.26599021
86 M 0 2 1 100 0.01567310 0.01944192 0.01289442 0.00057019 0.04498647 0.10872972 0.03337288 0.35424431
86 R 0 2 1 100 0.01905252 0.02361646 0.01566309 0.00068745 0.05463119 0.12266570 0.03337288 0.45087134
86 C 0 2 1 100 0.02387318 0.03265934 0.01986668 0.00083301 0.06505498 0.08220365 0.01707741 0.39569459
86 M 1 2 1 100 0.01567310 0.01944192 0.01289442 0.00057019 0.04498647 0.10872972 0.03337288 0.35424431
86 R 1 2 1 100 0.01905252 0.02361646 0.01566309 0.00068745 0.05463119 0.12266570 0.03337288 0.45087134
86 C 1 2 1 100 0.02387318 0.03265934 0.01986668 0.00083301 0.06505498 0.08220365 0.01707741 0.39569459
111 M 0 2 1 100 0.02263417 0.02807399 0.01822135 0.00079921 0.06567334 0.13352540 0.03337288 0.53423720
111 R 0 2 1 100 0.01613997 0.01944192 0.01289442 0.00057407 0.04748521 0.13969504 0.03337288 0.58474747
111 C 0 2 1 100 0.02604762 0.03560838 0.02166058 0.00088297 0.07234314 0.09863172 0.01707741 0.56965390
111 M 1 2 1 100 0.02263417 0.02807399 0.01822135 0.00079921 0.06567334 0.13352540 0.03337288 0.53423720
111 R 1 2 1 100 0.01613997 0.01944192 0.01289442 0.00057407 0.04748521 0.13969504 0.03337288 0.58474747
111 C 1 2 1 100 0.02604762 0.03560838 0.02166058 0.00088297 0.07234314 0.09863172 0.01707741 0.56965390
120 M 0 2 1 100 0.01239128 0.01467976 0.00994873 0.00044290 0.03663153 0.11922856 0.03337288 0.42595820
120 R 0 2 1 100 0.01211060 0.01375816 0.00912479 0.00036084 0.03886351 0.12707776 0.03337288 0.48388865
120 C 0 2 1 100 0.01322346 0.01600529 0.01061515 0.00045674 0.03892211 0.08595548 0.01707741 0.43263837
120 M 1 2 1 100 0.01239128 0.01467976 0.00994873 0.00044290 0.03663153 0.11922856 0.03337288 0.42595820
120 R 1 2 1 100 0.01211060 0.01375816 0.00912479 0.00036084 0.03886351 0.12707776 0.03337288 0.48388865
120 C 1 2 1 100 0.01322346 0.01600529 0.01061515 0.00045674 0.03892211 0.08595548 0.01707741 0.43263837
128 M 0 2 1 100 0.01946090 0.02311153 0.01532820 0.00067044 0.05878927 0.14551939 0.03337288 0.63452407
128 R 0 2 1 100 0.01186207 0.01261873 0.00855194 0.00031781 0.04105705 0.14732315 0.03337288 0.65035180
128 C 0 2 1 100 0.01363885 0.01532820 0.01038819 0.00044318 0.04319423 0.10576305 0.01707741 0.65500676
128 M 1 2 1 100 0.01946090 0.02311153 0.01532820 0.00067044 0.05878927 0.14551939 0.03337288 0.63452407
128 R 1 2 1 100 0.01186207 0.01261873 0.00855194 0.00031781 0.04105705 0.14732315 0.03337288 0.65035180
128 C 1 2 1 100 0.01363885 0.01532820 0.01038819 0.00044318 0.04319423 0.10576305 0.01707741 0.65500676
18 M 0 3 3 100 0.02462873 0.02574895 0.02311153 0.00632870 0.05064969 0.12951777 0.03337288 0.50264933
18 R 0 3 3 100 0.01364033 0.01405874 0.01208491 0.00290256 0.03138306 0.12668014 0.03337288 0.48086530
18 C 0 3 3 100 0.01584743 0.01671229 0.01467976 0.00396663 0.03315541 0.09169344 0.01707741 0.49232782
18 M 1 3 3 100 0.02462873 0.02574895 0.02311153 0.00632870 0.05064969 0.12951777 0.03337288 0.50264933
18 R 1 3 3 100 0.01364033 0.01405874 0.01208491 0.00290256 0.03138306 0.12668014 0.03337288 0.48086530
18 C 1 3 3 100 0.01584743 0.01671229 0.01467976 0.00396663 0.03315541 0.09169344 0.01707741 0.49232782
25 M 0 3 3 100 0.02336397 0.02465966 0.02166058 0.00603790 0.04785896 0.11924145 0.03337288 0.42605027
25 R 0 3 3 100 0.01787326 0.01861945 0.01635497 0.00408507 0.03919177 0.12707776 0.03337288 0.48388865
25 C 0 3 3 100 0.01831080 0.01944192 0.01707741 0.00461862 0.03772672 0.08716210 0.01707741 0.44487008
25 M 1 3 3 100 0.02336397 0.02465966 0.02166058 0.00603790 0.04785896 0.11924145 0.03337288 0.42605027
25 R 1 3 3 100 0.01787326 0.01861945 0.01635497 0.00408507 0.03919177 0.12707776 0.03337288 0.48388865
25 C 1 3 3 100 0.01831080 0.01944192 0.01707741 0.00461862 0.03772672 0.08716210 0.01707741 0.44487008
29 M 0 3 3 100 0.03657929 0.03882370 0.03410200 0.00905514 0.07681738 0.14871473 0.03337288 0.66269596
29 R 0 3 3 100 0.04430572 0.04516480 0.03967191 0.00975118 0.09971429 0.18095912 0.03337288 0.98122208
29 C 0 3 3 100 0.03318881 0.03410200 0.02995455 0.00749764 0.07402865 0.12436076 0.01707741 0.90561705
29 M 1 3 3 100 0.03657929 0.03882370 0.03410200 0.00905514 0.07681738 0.14871473 0.03337288 0.66269596
29 R 1 3 3 100 0.04430572 0.04516480 0.03967191 0.00975118 0.09971429 0.18095912 0.03337288 0.98122208
29 C 1 3 3 100 0.03318881 0.03410200 0.02995455 0.00749764 0.07402865 0.12436076 0.01707741 0.90561705
33 M 0 3 3 100 0.02490545 0.02631150 0.02311153 0.00662607 0.04998398 0.13861236 0.05141824 0.37366872
33 R 0 3 3 100 0.05218956 0.05486252 0.05031889 0.02077450 0.09037561 0.22052813 0.09018988 0.53922520
33 C 0 3 3 100 0.04505360 0.04819019 0.04325415 0.01821599 0.07610952 0.14756746 0.04750083 0.45843734
33 M 1 3 3 100 0.02490545 0.02631150 0.02311153 0.00662607 0.04998398 0.13861236 0.05141824 0.37366872
33 R 1 3 3 94 0.06600976 0.06958629 0.06382326 0.02678478 0.11221588 0.23075813 0.09018988 0.59041337
33 C 1 3 3 100 0.04505360 0.04819019 0.04325415 0.01821599 0.07610952 0.14756746 0.04750083 0.45843734
67 M 0 3 3 100 0.02147209 0.02261739 0.01986668 0.00559984 0.04369396 0.11412303 0.03337288 0.39025903
67 R 0 3 3 100 0.01638602 0.01671229 0.01467976 0.00341346 0.03818661 0.13196186 0.03337288 0.52179894
67 C 0 3 3 100 0.01664775 0.01745052 0.01532820 0.00409953 0.03530483 0.08842386 0.01707741 0.45784325
67 M 1 3 3 100 0.02147209 0.02261739 0.01986668 0.00559984 0.04369396 0.11412303 0.03337288 0.39025903
67 R 1 3 3 100 0.01638602 0.01671229 0.01467976 0.00341346 0.03818661 0.13196186 0.03337288 0.52179894
67 C 1 3 3 100 0.01664775 0.01745052 0.01532820 0.00409953 0.03530483 0.08842386 0.01707741 0.45784325
77 M 0 3 3 100 0.01943824 0.02074425 0.01822135 0.00511923 0.03928732 0.10683130 0.03337288 0.34198213
77 R 0 3 3 100 0.01844288 0.01944192 0.01707741 0.00453049 0.03871079 0.12208384 0.03337288 0.44660411
77 C 0 3 3 100 0.01863718 0.02030073 0.01745052 0.00488921 0.03695299 0.08183141 0.01707741 0.39211903
77 M 1 3 3 100 0.01943824 0.02074425 0.01822135 0.00511923 0.03928732 0.10683130 0.03337288 0.34198213
77 R 1 3 3 100 0.01844288 0.01944192 0.01707741 0.00453049 0.03871079 0.12208384 0.03337288 0.44660411
77 C 1 3 3 100 0.01863718 0.02030073 0.01745052 0.00488921 0.03695299 0.08183141 0.01707741 0.39211903
97 M 0 3 3 100 0.02512356 0.02631150 0.02311153 0.00642246 0.05192001 0.13958941 0.03337288 0.58386349
97 R 0 3 3 100 0.01612629 0.01635497 0.01436590 0.00349296 0.03672620 0.14633940 0.03337288 0.64169538
97 C 0 3 3 100 0.01669522 0.01745052 0.01532820 0.00417783 0.03482945 0.10418629 0.01707741 0.63562211
97 M 1 3 3 100 0.02512356 0.02631150 0.02311153 0.00642246 0.05192001 0.13958941 0.03337288 0.58386349
97 R 1 3 3 100 0.01612629 0.01635497 0.01436590 0.00349296 0.03672620 0.14633940 0.03337288 0.64169538
97 C 1 3 3 100 0.01669522 0.01745052 0.01532820 0.00417783 0.03482945 0.10418629 0.01707741 0.63562211
101 M 0 3 3 100 0.01890695 0.01986668 0.01783177 0.00496685 0.03834969 0.12661171 0.03337288 0.48034595
101 R 0 3 3 100 0.02034269 0.02166058 0.01902624 0.00530331 0.04146675 0.14167134 0.03337288 0.60140963
101 C 0 3 3 100 0.01910642 0.02074425 0.01822135 0.00516763 0.03705596 0.09824876 0.01707741 0.56523891
101 M 1 3 3 100 0.01890695 0.01986668 0.01783177 0.00496685 0.03834969 0.12661171 0.03337288 0.48034595
101 R 1 3 3 100 0.02034269 0.02166058 0.01902624 0.00530331 0.04146675 0.14167134 0.03337288 0.60140963
101 C 1 3 3 100 0.01910642 0.02074425 0.01822135 0.00516763 0.03705596 0.09824876 0.01707741 0.56523891
14 M 0 4 6 100 0.06992393 0.07110659 0.06809849 0.03480561 0.11267443 0.18433409 0.05197689 0.65373393
14 R 0 4 6 100 0.04345549 0.04419915 0.04142432 0.01689217 0.07924904 0.15265508 0.03337288 0.69827882
14 C 0 4 6 100 0.05444835 0.05486252 0.05254161 0.02597527 0.09001870 0.13957433 0.02659737 0.73244046
14 M 1 4 6 100 0.06992393 0.07110659 0.06809849 0.03480561 0.11267443 0.18433409 0.05197689 0.65373393
14 R 1 4 6 100 0.04345549 0.04419915 0.04142432 0.01689217 0.07924904 0.15265508 0.03337288 0.69827882
14 C 1 4 6 100 0.05444835 0.05486252 0.05254161 0.02597527 0.09001870 0.13957433 0.02659737 0.73244046
23 M 0 4 6 100 0.04491021 0.04615155 0.04325415 0.01863766 0.07837332 0.12172816 0.03337288 0.44400560
23 R 0 4 6 100 0.04666173 0.04819019 0.04419915 0.01924528 0.08181323 0.13183358 0.03337288 0.52078496
23 C 0 4 6 100 0.04396897 0.04516480 0.04232935 0.01734729 0.07765909 0.08937491 0.01707741 0.46774498
23 M 1 4 6 100 0.04491021 0.04615155 0.04325415 0.01863766 0.07837332 0.12172816 0.03337288 0.44400560
23 R 1 4 6 100 0.04666173 0.04819019 0.04419915 0.01924528 0.08181323 0.13183358 0.03337288 0.52078496
23 C 1 4 6 100 0.04396897 0.04516480 0.04232935 0.01734729 0.07765909 0.08937491 0.01707741 0.46774498
58 M 0 4 6 100 0.11092084 0.10955531 0.10267741 0.03851506 0.22025550 0.22447122 0.03337288 1.50982878
58 R 0 4 6 100 0.18613432 0.18010075 0.16518507 0.05285999 0.41193925 0.28165375 0.03337288 2.37704517
58 C 0 4 6 100 0.15720200 0.13307885 0.12744907 0.03204288 0.42167361 0.22818872 0.01707741 3.04906164
58 M 1 4 6 100 0.11092084 0.10955531 0.10267741 0.03851506 0.22025550 0.22447122 0.03337288 1.50982878
58 R 1 4 6 100 0.18613432 0.18010075 0.16518507 0.05285999 0.41193925 0.28165375 0.03337288 2.37704517
58 C 1 4 6 100 0.15720200 0.13307885 0.12744907 0.03204288 0.42167361 0.22818872 0.01707741 3.04906164
60 M 0 4 6 100 0.06822584 0.06958629 0.06521765 0.02647359 0.12522272 0.19065495 0.03337288 1.08918725
60 R 0 4 6 100 0.09926054 0.10048210 0.09417382 0.03712395 0.18365305 0.21165584 0.03337288 1.34235347
60 C 0 4 6 100 0.07217494 0.07266011 0.06664251 0.02405424 0.14194613 0.16349797 0.01707741 1.56531813
60 M 1 4 6 100 0.06822584 0.06958629 0.06521765 0.02647359 0.12522272 0.19065495 0.03337288 1.08918725
60 R 1 4 6 100 0.09926054 0.10048210 0.09417382 0.03712395 0.18365305 0.21165584 0.03337288 1.34235347
60 C 1 4 6 100 0.07217494 0.07266011 0.06664251 0.02405424 0.14194613 0.16349797 0.01707741 1.56531813
80 M 0 4 6 100 0.04974489 0.05141824 0.04715986 0.02033191 0.08776709 0.13365532 0.03337288 0.53527737
80 R 0 4 6 100 0.07328656 0.07424757 0.06958629 0.02734874 0.13532412 0.16388713 0.03337288 0.80481500
80 C 0 4 6 100 0.05345582 0.05368952 0.04924304 0.01859426 0.10481103 0.10930698 0.01707741 0.69963838
80 M 1 4 6 100 0.04974489 0.05141824 0.04715986 0.02033191 0.08776709 0.13365532 0.03337288 0.53527737
80 R 1 4 6 100 0.07328656 0.07424757 0.06958629 0.02734874 0.13532412 0.16388713 0.03337288 0.80481500
80 C 1 4 6 100 0.05345582 0.05368952 0.04924304 0.01859426 0.10481103 0.10930698 0.01707741 0.69963838
113 M 0 4 6 100 0.02610342 0.02688635 0.02519842 0.01117801 0.04478266 0.12651598 0.03337288 0.47961979
113 R 0 4 6 100 0.02686612 0.02747376 0.02574895 0.01129376 0.04659388 0.13964976 0.03337288 0.58436846
113 C 0 4 6 100 0.02416514 0.02519842 0.02361646 0.01060124 0.04015117 0.09915536 0.01707741 0.57571865
113 M 1 4 6 100 0.02610342 0.02688635 0.02519842 0.01117801 0.04478266 0.12651598 0.03337288 0.47961979
113 R 1 4 6 100 0.02686612 0.02747376 0.02574895 0.01129376 0.04659388 0.13964976 0.03337288 0.58436846
113 C 1 4 6 100 0.02416514 0.02519842 0.02361646 0.01060124 0.04015117 0.09915536 0.01707741 0.57571865
119 M 0 4 6 100 0.06990281 0.07266011 0.06664251 0.02976741 0.11987179 0.21659189 0.06859086 0.68394021
119 R 0 4 6 100 0.11657871 0.11944779 0.11194884 0.05988311 0.18487503 0.34913911 0.12382883 0.98440823
119 C 0 4 6 100 0.09616339 0.09833373 0.09417382 0.05011476 0.15065424 0.24489015 0.06616413 0.90640029
119 M 1 4 6 100 0.06990281 0.07266011 0.06664251 0.02976741 0.11987179 0.21659189 0.06859086 0.68394021
119 R 1 4 6 97 0.18245307 0.18805629 0.17625009 0.09596183 0.28111589 0.36240607 0.12382883 1.06064284
119 C 1 4 6 97 0.15938694 0.16518507 0.15481473 0.07989305 0.24886732 0.25336285 0.06616413 0.97020448
2 M 0 5 10 100 0.09604220 0.09623130 0.09216033 0.04464848 0.16591937 0.20353602 0.03337288 1.24133479
2 R 0 5 10 100 0.08777312 0.08637448 0.08272049 0.04051265 0.15226845 0.19774738 0.03337288 1.17173076
2 C 0 5 10 100 0.06567034 0.06245868 0.06112328 0.02779791 0.12386151 0.16256425 0.01707741 1.54749032
2 M 1 5 10 100 0.09604220 0.09623130 0.09216033 0.04464848 0.16591937 0.20353602 0.03337288 1.24133479
2 R 1 5 10 100 0.08777312 0.08637448 0.08272049 0.04051265 0.15226845 0.19774738 0.03337288 1.17173076
2 C 1 5 10 100 0.06567034 0.06245868 0.06112328 0.02779791 0.12386151 0.16256425 0.01707741 1.54749032
20 M 0 5 10 100 0.05966700 0.05981642 0.05728595 0.03020060 0.09614499 0.15198023 0.03337288 0.69211863
20 R 0 5 10 100 0.09064310 0.09216033 0.08826157 0.04500091 0.14666785 0.18043191 0.03337288 0.97551296
20 C 0 5 10 100 0.06302723 0.06382326 0.06112328 0.02940908 0.10522742 0.12661171 0.01707741 0.93869747
20 M 1 5 10 100 0.05966700 0.05981642 0.05728595 0.03020060 0.09614499 0.15198023 0.03337288 0.69211863
20 R 1 5 10 100 0.09064310 0.09216033 0.08826157 0.04500091 0.14666785 0.18043191 0.03337288 0.97551296
20 C 1 5 10 100 0.06302723 0.06382326 0.06112328 0.02940908 0.10522742 0.12661171 0.01707741 0.93869747
40 M 0 5 10 100 0.03834118 0.03882370 0.03718130 0.02018391 0.05996190 0.10666980 0.03337288 0.34094894
40 R 0 5 10 100 0.04351005 0.04419915 0.04232935 0.02208730 0.06973885 0.12465676 0.03337288 0.46562687
40 C 0 5 10 100 0.03315059 0.03337288 0.03196107 0.01705774 0.05247545 0.08215037 0.01707741 0.39518181
40 M 1 5 10 100 0.03834118 0.03882370 0.03718130 0.02018391 0.05996190 0.10666980 0.03337288 0.34094894
40 R 1 5 10 100 0.04351005 0.04419915 0.04232935 0.02208730 0.06973885 0.12465676 0.03337288 0.46562687
40 C 1 5 10 100 0.03315059 0.03337288 0.03196107 0.01705774 0.05247545 0.08215037 0.01707741 0.39518181
99 M 0 5 10 100 0.03263108 0.03337288 0.03196107 0.01740111 0.05053954 0.09499148 0.03337288 0.27038068
99 R 0 5 10 100 0.03187273 0.03265934 0.03060899 0.01668076 0.05001570 0.10078660 0.03337288 0.30437706
99 C 0 5 10 100 0.02790141 0.02868735 0.02688635 0.01491817 0.04276343 0.06754881 0.01707741 0.26718573
99 M 1 5 10 100 0.03263108 0.03337288 0.03196107 0.01740111 0.05053954 0.09499148 0.03337288 0.27038068
99 R 1 5 10 100 0.03187273 0.03265934 0.03060899 0.01668076 0.05001570 0.10078660 0.03337288 0.30437706
99 C 1 5 10 100 0.02790141 0.02868735 0.02688635 0.01491817 0.04276343 0.06754881 0.01707741 0.26718573
26 M 0 6 15 100 0.05518518 0.05606114 0.05368952 0.03228466 0.08204480 0.14645014 0.03337288 0.64266692
26 R 0 6 15 100 0.05039660 0.05031889 0.04924304 0.02891772 0.07601199 0.16057388 0.03337288 0.77260263
26 C 0 6 15 100 0.03919957 0.03967191 0.03799362 0.02273194 0.05839589 0.11622636 0.01707741 0.79101937
26 M 1 6 15 100 0.05518518 0.05606114 0.05368952 0.03228466 0.08204480 0.14645014 0.03337288 0.64266692
26 R 1 6 15 100 0.05039660 0.05031889 0.04924304 0.02891772 0.07601199 0.16057388 0.03337288 0.77260263
26 C 1 6 15 100 0.03919957 0.03967191 0.03799362 0.02273194 0.05839589 0.11622636 0.01707741 0.79101937
46 M 0 6 15 100 0.07879724 0.07922108 0.07586971 0.04436597 0.12084621 0.16376321 0.03337288 0.80359833
46 R 0 6 15 100 0.09327572 0.09216033 0.09018988 0.05037725 0.14774268 0.19589698 0.03337288 1.14990472
46 C 0 6 15 100 0.06213544 0.06112328 0.05981642 0.03226595 0.10190119 0.13963467 0.01707741 1.14173264
46 M 1 6 15 100 0.07879724 0.07922108 0.07586971 0.04436597 0.12084621 0.16376321 0.03337288 0.80359833
46 R 1 6 15 100 0.09327572 0.09216033 0.09018988 0.05037725 0.14774268 0.19589698 0.03337288 1.14990472
46 C 1 6 15 100 0.06213544 0.06112328 0.05981642 0.03226595 0.10190119 0.13963467 0.01707741 1.14173264
48 M 0 6 15 100 0.11214878 0.11194884 0.10721295 0.05980346 0.17965844 0.17977020 0.03337288 0.96837093
48 R 0 6 15 100 0.16329866 0.16165332 0.15481473 0.07950901 0.27650262 0.20811771 0.03337288 1.29784985
48 C 0 6 15 100 0.13348425 0.12472413 0.12205746 0.05053473 0.26585516 0.15170129 0.01707741 1.34758573
48 M 1 6 15 100 0.11214878 0.11194884 0.10721295 0.05980346 0.17965844 0.17977020 0.03337288 0.96837093
48 R 1 6 15 100 0.16329866 0.16165332 0.15481473 0.07950901 0.27650262 0.20811771 0.03337288 1.29784985
48 C 1 6 15 100 0.13348425 0.12472413 0.12205746 0.05053473 0.26585516 0.15170129 0.01707741 1.34758573
105 M 0 6 15 100 0.04314929 0.04325415 0.04232935 0.02564993 0.06333551 0.11644007 0.03337288 0.40626672
105 R 0 6 15 100 0.03048312 0.03060899 0.02931410 0.01714558 0.04664540 0.11899687 0.03337288 0.42430434
105 C 0 6 15 100 0.02588801 0.02631150 0.02519842 0.01521558 0.03831733 0.08353795 0.01707741 0.40864437
105 M 1 6 15 100 0.04314929 0.04325415 0.04232935 0.02564993 0.06333551 0.11644007 0.03337288 0.40626672
105 R 1 6 15 100 0.03048312 0.03060899 0.02931410 0.01714558 0.04664540 0.11899687 0.03337288 0.42430434
105 C 1 6 15 100 0.02588801 0.02631150 0.02519842 0.01521558 0.03831733 0.08353795 0.01707741 0.40864437
36 M 0 7 21 100 0.08344023 0.08272049 0.08095188 0.05205845 0.11973053 0.14440272 0.03549861 0.58740745
36 R 0 7 21 100 0.13319880 0.13307885 0.13023354 0.08932297 0.18235335 0.21262959 0.05357913 0.84382384
36 C 0 7 21 100 0.09508289 0.09417382 0.09216033 0.06112909 0.13431164 0.14897361 0.02770089 0.80117052
36 M 1 7 21 100 0.08344023 0.08272049 0.08095188 0.05205845 0.11973053 0.14440272 0.03549861 0.58740745
36 R 1 7 21 100 0.13319880 0.13307885 0.13023354 0.08932297 0.18235335 0.21262959 0.05357913 0.84382384
36 C 1 7 21 100 0.09508289 0.09417382 0.09216033 0.06112909 0.13431164 0.14897361 0.02770089 0.80117052
38 M 0 7 21 100 0.15728785 0.15481473 0.15150470 0.10208981 0.22348183 0.24994831 0.05537304 1.12824137
38 R 0 7 21 100 0.17142642 0.16879399 0.16518507 0.09129654 0.27975729 0.23575846 0.03337288 1.66548584
38 C 0 7 21 100 0.14568306 0.13895730 0.13895730 0.07887010 0.24113051 0.23001722 0.02833524 1.86721285
38 M 1 7 21 100 0.15728785 0.15481473 0.15150470 0.10208981 0.22348183 0.24994831 0.05537304 1.12824137
38 R 1 7 21 100 0.17142642 0.16879399 0.16518507 0.09129654 0.27975729 0.23575846 0.03337288 1.66548584
38 C 1 7 21 100 0.14568306 0.13895730 0.13895730 0.07887010 0.24113051 0.23001722 0.02833524 1.86721285
51 M 0 7 21 100 0.09856642 0.09833373 0.09623130 0.06060401 0.14296367 0.15716983 0.03549861 0.69586835
51 R 0 7 21 100 0.13264372 0.13307885 0.13023354 0.08857525 0.18263905 0.22161454 0.05357913 0.91664432
51 C 0 7 21 100 0.09998404 0.10048210 0.09833373 0.06358467 0.14267564 0.15594129 0.02770089 0.87786654
51 M 1 7 21 100 0.09856642 0.09833373 0.09623130 0.06060401 0.14296367 0.15716983 0.03549861 0.69586835
51 R 1 7 21 100 0.13264372 0.13307885 0.13023354 0.08857525 0.18263905 0.22161454 0.05357913 0.91664432
51 C 1 7 21 100 0.09998404 0.10048210 0.09833373 0.06358467 0.14267564 0.15594129 0.02770089 0.87786654
52 M 0 7 21 100 0.16141551 0.15819707 0.15819707 0.10462866 0.22948377 0.22595229 0.05537304 0.92200891
52 R 0 7 21 100 0.18966348 0.18403554 0.18010075 0.09710672 0.31722650 0.21349354 0.03337288 1.36576454
52 C 0 7 21 100 0.18294052 0.16879399 0.16879399 0.08637300 0.33251227 0.19264013 0.02833524 1.30968438
52 M 1 7 21 100 0.16141551 0.15819707 0.15819707 0.10462866 0.22948377 0.22595229 0.05537304 0.92200891
52 R 1 7 21 100 0.18966348 0.18403554 0.18010075 0.09710672 0.31722650 0.21349354 0.03337288 1.36576454
52 C 1 7 21 100 0.18294052 0.16879399 0.16879399 0.08637300 0.33251227 0.19264013 0.02833524 1.30968438
53 M 0 7 21 100 0.06600095 0.06664251 0.06382326 0.04195230 0.09331827 0.12532825 0.03549861 0.44247288
53 R 0 7 21 100 0.11419120 0.11439467 0.11194884 0.07872093 0.15266207 0.18670926 0.05357913 0.65063297
53 C 0 7 21 100 0.07713597 0.07752729 0.07586971 0.05200676 0.10468284 0.12375876 0.02770089 0.55291472
53 M 1 7 21 100 0.06600095 0.06664251 0.06382326 0.04195230 0.09331827 0.12532825 0.03549861 0.44247288
53 R 1 7 21 100 0.11419120 0.11439467 0.11194884 0.07872093 0.15266207 0.18670926 0.05357913 0.65063297
53 C 1 7 21 100 0.07713597 0.07752729 0.07586971 0.05200676 0.10468284 0.12375876 0.02770089 0.55291472
132 M 0 7 21 100 0.09219906 0.09216033 0.09018988 0.05853547 0.13045449 0.18268722 0.05583083 0.59778120
132 R 0 7 21 100 0.13215496 0.13307885 0.13023354 0.09117639 0.17661744 0.23602187 0.08513890 0.65429933
132 C 0 7 21 100 0.10375791 0.10492067 0.10267741 0.07136351 0.13845107 0.17096364 0.04493299 0.65049237
132 M 1 7 21 100 0.09219906 0.09216033 0.09018988 0.05853547 0.13045449 0.18268722 0.05583083 0.59778120
132 R 1 7 21 91 0.17131482 0.17248175 0.16879399 0.11584695 0.23278478 0.25198777 0.08513890 0.74581468
132 C 1 7 21 99 0.11211617 0.11194884 0.10955531 0.07697936 0.14970048 0.17294229 0.04493299 0.66563640
12 M 0 8 28 100 0.07782952 0.07752729 0.07586971 0.05462715 0.10308655 0.13901738 0.04164875 0.46401952
12 R 0 8 28 100 0.06225592 0.06245868 0.06112328 0.04035250 0.08754037 0.14225429 0.03337288 0.60636919
12 C 0 8 28 100 0.05012110 0.05031889 0.04924304 0.03430598 0.06789056 0.10940151 0.02131231 0.56158590
12 M 1 8 28 100 0.07782952 0.07752729 0.07586971 0.05462715 0.10308655 0.13901738 0.04164875 0.46401952
12 R 1 8 28 100 0.06225592 0.06245868 0.06112328 0.04035250 0.08754037 0.14225429 0.03337288 0.60636919
12 C 1 8 28 100 0.05012110 0.05031889 0.04924304 0.03430598 0.06789056 0.10940151 0.02131231 0.56158590
54 M 0 9 36 100 0.19141202 0.19216489 0.18805629 0.14254137 0.24293580 0.25389342 0.09171876 0.70282099
54 R 0 9 36 100 0.22720394 0.22843544 0.22355135 0.16877685 0.28925259 0.32316332 0.10096586 1.03435492
54 C 0 9 36 100 0.19134878 0.19216489 0.18805629 0.14741581 0.23666192 0.25820667 0.06908678 0.96502809
54 M 1 9 36 92 0.23665324 0.23852606 0.23342623 0.17398218 0.30344469 0.26972584 0.09171876 0.79320769
54 R 1 9 36 90 0.34237961 0.34442991 0.33706579 0.24800110 0.44407224 0.35762047 0.10096586 1.26668964
54 C 1 9 36 92 0.26697114 0.26574599 0.26006418 0.20050311 0.33738786 0.28047758 0.06908678 1.13867910
68 M 0 9 36 100 0.08333657 0.08272049 0.08095188 0.05783575 0.11158673 0.13106652 0.03337288 0.51474235
68 R 0 9 36 100 0.09271418 0.09216033 0.09018988 0.06360346 0.12547469 0.15212811 0.03337288 0.69346619
68 C 0 9 36 100 0.06206651 0.06245868 0.06112328 0.04178039 0.08527317 0.10424260 0.01707741 0.63630935
68 M 1 9 36 100 0.08333657 0.08272049 0.08095188 0.05783575 0.11158673 0.13106652 0.03337288 0.51474235
68 R 1 9 36 100 0.09271418 0.09216033 0.09018988 0.06360346 0.12547469 0.15212811 0.03337288 0.69346619
68 C 1 9 36 100 0.06206651 0.06245868 0.06112328 0.04178039 0.08527317 0.10424260 0.01707741 0.63630935
90 M 0 9 36 100 0.09854707 0.09833373 0.09623130 0.06730401 0.13388449 0.13694485 0.03337288 0.56195014
90 R 0 9 36 100 0.13317573 0.13307885 0.13023354 0.08856360 0.18427960 0.15850509 0.03337288 0.75282281
90 C 0 9 36 100 0.09077097 0.09018988 0.08826157 0.05622816 0.13280511 0.10799201 0.01707741 0.68290628
90 M 1 9 36 100 0.09854707 0.09833373 0.09623130 0.06730401 0.13388449 0.13694485 0.03337288 0.56195014
90 R 1 9 36 100 0.13317573 0.13307885 0.13023354 0.08856360 0.18427960 0.15850509 0.03337288 0.75282281
90 C 1 9 36 100 0.09077097 0.09018988 0.08826157 0.05622816 0.13280511 0.10799201 0.01707741 0.68290628
124 M 0 10 45 100 0.15047925 0.15150470 0.14826543 0.11021589 0.19362611 0.21396059 0.06553163 0.69858072
124 R 0 10 45 100 0.21777747 0.21877169 0.21409422 0.16526948 0.27240389 0.30245352 0.09526561 0.96024296
124 C 0 10 45 100 0.15185026 0.15150470 0.14826543 0.11561528 0.18949713 0.22602633 0.05568545 0.91743710
124 M 1 10 45 100 0.15047925 0.15150470 0.14826543 0.11021589 0.19362611 0.21396059 0.06553163 0.69858072
124 R 1 10 45 94 0.33979709 0.33706579 0.33706579 0.25536803 0.42702849 0.32669413 0.09526561 1.12033143
124 C 1 10 45 94 0.24301154 0.24373731 0.23852606 0.17771174 0.31262975 0.24222210 0.05568545 1.05362430
134 M 0 10 45 100 0.23521171 0.23342623 0.22843544 0.16270885 0.31783289 0.25685849 0.06553163 1.00678529
134 R 0 10 45 100 0.42102828 0.41838534 0.40944001 0.30982155 0.53863928 0.36184034 0.09526561 1.37435151
134 C 0 10 45 100 0.34937910 0.34442991 0.34442991 0.23868467 0.47539269 0.28171125 0.05568545 1.42516977
134 M 1 10 45 100 0.23521171 0.23342623 0.22843544 0.16270885 0.31783289 0.25685849 0.06553163 1.00678529
134 R 1 10 45 100 0.42102828 0.41838534 0.40944001 0.30982155 0.53863928 0.36184034 0.09526561 1.37435151
134 C 1 10 45 100 0.34937910 0.34442991 0.34442991 0.23868467 0.47539269 0.28171125 0.05568545 1.42516977
30 M 0 11 55 100 0.20138063 0.20065335 0.19636326 0.14989077 0.25645517 0.22912317 0.07052223 0.74440959
30 R 0 11 55 100 0.32334087 0.32280654 0.31590474 0.24927092 0.39923273 0.32615674 0.09529057 1.11635621
30 C 0 11 55 100 0.23968120 0.23852606 0.23342623 0.18422546 0.29663867 0.24403919 0.05661459 1.05193960
30 M 1 11 55 99 0.20866256 0.20951676 0.20503716 0.15480565 0.26652667 0.23087198 0.07052223 0.75581658
30 R 1 11 55 99 0.34542878 0.34442991 0.33706579 0.26595790 0.42674994 0.33011126 0.09529057 1.14359106
30 C 1 11 55 99 0.25930457 0.26006418 0.25450385 0.19828197 0.32207996 0.24676227 0.05661459 1.07554646
94 M 0 11 55 100 0.15393569 0.15481473 0.15150470 0.11654739 0.19437591 0.18249622 0.05149912 0.64670756
94 R 0 11 55 100 0.15523695 0.15481473 0.15150470 0.11276608 0.20263340 0.17742444 0.04093885 0.76893782
94 C 0 11 55 100 0.11741428 0.11689393 0.11439467 0.08653264 0.15255827 0.14945728 0.03027405 0.73784243
94 M 1 11 55 100 0.15393569 0.15481473 0.15150470 0.11654739 0.19437591 0.18249622 0.05149912 0.64670756
94 R 1 11 55 100 0.15523695 0.15481473 0.15150470 0.11276608 0.20263340 0.17742444 0.04093885 0.76893782
94 C 1 11 55 100 0.11741428 0.11689393 0.11439467 0.08653264 0.15255827 0.14945728 0.03027405 0.73784243
91 M 0 12 66 100 0.15497601 0.15481473 0.15150470 0.11648480 0.19669974 0.17194433 0.04577527 0.64586949
91 R 0 12 66 100 0.23037781 0.22843544 0.22843544 0.17800911 0.28547332 0.23007425 0.06403260 0.82667522
91 C 0 12 66 100 0.15258521 0.15150470 0.14826543 0.11440898 0.19532969 0.17247046 0.03790663 0.78471911
91 M 1 12 66 100 0.15497601 0.15481473 0.15150470 0.11648480 0.19669974 0.17194433 0.04577527 0.64586949
91 R 1 12 66 100 0.23037781 0.22843544 0.22843544 0.17800911 0.28547332 0.23007425 0.06403260 0.82667522
91 C 1 12 66 100 0.15258521 0.15150470 0.14826543 0.11440898 0.19532969 0.17247046 0.03790663 0.78471911
129 M 0 12 66 100 0.26379103 0.26006418 0.26006418 0.18859407 0.35198630 0.27687659 0.06138403 1.24886949
129 R 0 12 66 100 0.42190579 0.41838534 0.40944001 0.29985110 0.55517510 0.32133003 0.06056540 1.70481798
129 C 0 12 66 100 0.32199983 0.31590474 0.31590474 0.21277919 0.45529530 0.28678367 0.04190182 1.96279932
129 M 1 12 66 100 0.26379103 0.26006418 0.26006418 0.18859407 0.35198630 0.27687659 0.06138403 1.24886949
129 R 1 12 66 100 0.42190579 0.41838534 0.40944001 0.29985110 0.55517510 0.32133003 0.06056540 1.70481798
129 C 1 12 66 100 0.32199983 0.31590474 0.31590474 0.21277919 0.45529530 0.28678367 0.04190182 1.96279932
88 M 0 13 78 100 0.20350028 0.20065335 0.20065335 0.15650480 0.25309886 0.21635197 0.06843898 0.68394021
88 R 0 13 78 100 0.43832847 0.43686657 0.43686657 0.36379042 0.50940950 0.34690674 0.11924938 1.00918164
88 C 0 13 78 100 0.29866963 0.29607218 0.29607218 0.24578314 0.35000779 0.26130801 0.07338852 0.93041631
88 M 1 13 78 100 0.20350028 0.20065335 0.20065335 0.15650480 0.25309886 0.21635197 0.06843898 0.68394021
88 R 1 13 78 100 0.43832847 0.43686657 0.43686657 0.36379042 0.50940950 0.34690674 0.11924938 1.00918164
88 C 1 13 78 100 0.29866963 0.29607218 0.29607218 0.24578314 0.35000779 0.26130801 0.07338852 0.93041631
96 M 0 13 78 100 0.28904541 0.28974198 0.28354713 0.21234725 0.37442190 0.26828738 0.06843898 1.05171227
96 R 0 13 78 100 0.62984060 0.63083217 0.61734460 0.50915949 0.75062908 0.42971729 0.11924938 1.54849400
96 C 0 13 78 100 0.49925178 0.49735430 0.48672057 0.38031454 0.62772018 0.33856812 0.07338852 1.56193874
96 M 1 13 78 100 0.28904541 0.28974198 0.28354713 0.21234725 0.37442190 0.26828738 0.06843898 1.05171227
96 R 1 13 78 100 0.62984060 0.63083217 0.61734460 0.50915949 0.75062908 0.42971729 0.11924938 1.54849400
96 C 1 13 78 100 0.49925178 0.49735430 0.48672057 0.38031454 0.62772018 0.33856812 0.07338852 1.56193874
98 M 0 13 78 100 0.23888292 0.23852606 0.23342623 0.17990948 0.30300022 0.25724333 0.06843898 0.96690701
98 R 0 13 78 100 0.45590816 0.45616417 0.44641110 0.37563609 0.53427062 0.35686884 0.11924938 1.06797510
98 C 0 13 78 100 0.31593071 0.31590474 0.30915051 0.25486957 0.37792987 0.28930878 0.07338852 1.14049953
98 M 1 13 78 100 0.23888292 0.23852606 0.23342623 0.17990948 0.30300022 0.25724333 0.06843898 0.96690701
98 R 1 13 78 92 0.57126267 0.56621705 0.56621705 0.46666402 0.67426943 0.38341644 0.11924938 1.23277935
98 C 1 13 78 92 0.47148010 0.46613031 0.46613031 0.36436496 0.58506494 0.31407191 0.07338852 1.34409530
102 M 0 13 78 100 0.08268828 0.08272049 0.08095188 0.06437772 0.10154499 0.12158355 0.03337288 0.44295128
102 R 0 13 78 100 0.07023975 0.06958629 0.06958629 0.05426388 0.08680468 0.11909979 0.03337288 0.42503859
102 C 0 13 78 100 0.04652949 0.04615155 0.04615155 0.03605309 0.05733434 0.08732236 0.01707741 0.44650759
102 M 1 13 78 100 0.08268828 0.08272049 0.08095188 0.06437772 0.10154499 0.12158355 0.03337288 0.44295128
102 R 1 13 78 100 0.07023975 0.06958629 0.06958629 0.05426388 0.08680468 0.11909979 0.03337288 0.42503859
102 C 1 13 78 100 0.04652949 0.04615155 0.04615155 0.03605309 0.05733434 0.08732236 0.01707741 0.44650759
135 M 0 13 78 100 0.19452821 0.19216489 0.19216489 0.14471362 0.24866152 0.19174099 0.05144674 0.71461492
135 R 0 13 78 100 0.27688770 0.27748472 0.27155193 0.21646488 0.33885707 0.23669315 0.07400110 0.75706501
135 C 0 13 78 100 0.21045950 0.20951676 0.20503716 0.16186065 0.26057360 0.17340805 0.03884522 0.77410690
135 M 1 13 78 100 0.19452821 0.19216489 0.19216489 0.14471362 0.24866152 0.19174099 0.05144674 0.71461492
135 R 1 13 78 100 0.27688770 0.27748472 0.27155193 0.21646488 0.33885707 0.23669315 0.07400110 0.75706501
135 C 1 13 78 100 0.21045950 0.20951676 0.20503716 0.16186065 0.26057360 0.17340805 0.03884522 0.77410690
72 M 0 14 91 100 0.16000867 0.15819707 0.15819707 0.12588552 0.19575538 0.15845126 0.04558509 0.55076792
72 R 0 14 91 100 0.20451538 0.20503716 0.20065335 0.16192500 0.24914300 0.20557792 0.05638160 0.74957576
72 C 0 14 91 100 0.13819896 0.13598631 0.13598631 0.10783708 0.17151223 0.15532518 0.03590560 0.67192604
72 M 1 14 91 100 0.16000867 0.15819707 0.15819707 0.12588552 0.19575538 0.15845126 0.04558509 0.55076792
72 R 1 14 91 100 0.20451538 0.20503716 0.20065335 0.16192500 0.24914300 0.20557792 0.05638160 0.74957576
72 C 1 14 91 100 0.13819896 0.13598631 0.13598631 0.10783708 0.17151223 0.15532518 0.03590560 0.67192604
116 M 0 14 91 100 0.23692728 0.23342623 0.23342623 0.17929474 0.29994765 0.22376542 0.05908223 0.84747915
116 R 0 14 91 100 0.38274469 0.38373529 0.37553080 0.30104504 0.46776814 0.33494349 0.09520831 1.17833353
116 C 0 14 91 100 0.27743780 0.27748472 0.27155193 0.21029318 0.34923596 0.25438511 0.05508447 1.17477359
116 M 1 14 91 100 0.23692728 0.23342623 0.23342623 0.17929474 0.29994765 0.22376542 0.05908223 0.84747915
116 R 1 14 91 100 0.38274469 0.38373529 0.37553080 0.30104504 0.46776814 0.33494349 0.09520831 1.17833353
116 C 1 14 91 100 0.27743780 0.27748472 0.27155193 0.21029318 0.34923596 0.25438511 0.05508447 1.17477359
3 M 0 16 100 100 0.23719748 0.23342623 0.23342623 0.18252825 0.29850794 0.24707870 0.05603691 1.08942268
3 R 0 16 100 100 0.26275364 0.26006418 0.26006418 0.20243614 0.32947148 0.26189732 0.05913516 1.15988873
3 C 0 16 100 100 0.20420341 0.20065335 0.20065335 0.15259743 0.26465606 0.24059705 0.04161276 1.39108633
3 M 1 16 100 100 0.23719748 0.23342623 0.23342623 0.18252825 0.29850794 0.24707870 0.05603691 1.08942268
3 R 1 16 97 100 0.24589939 0.24373731 0.23852606 0.18858731 0.31016486 0.25579604 0.05641198 1.15988873
3 C 1 16 100 100 0.20420341 0.20065335 0.20065335 0.15259743 0.26465606 0.24059705 0.04161276 1.39108633
9 M 0 18 100 100 0.31559031 0.31590474 0.30915051 0.24847259 0.38447958 0.27367298 0.09435718 0.79375944
9 R 0 18 100 100 0.45763280 0.45616417 0.45616417 0.37786818 0.53547540 0.36869506 0.14522092 0.93606378
9 C 0 18 100 100 0.34916229 0.35195491 0.34442991 0.28561207 0.41216300 0.28930397 0.08910490 0.93930629
9 M 1 18 100 100 0.31559031 0.31590474 0.30915051 0.24847259 0.38447958 0.27367298 0.09435718 0.79375944
9 R 1 18 100 100 0.45763280 0.45616417 0.45616417 0.37786818 0.53547540 0.36869506 0.14522092 0.93606378
9 C 1 18 100 100 0.34916229 0.35195491 0.34442991 0.28561207 0.41216300 0.28930397 0.08910490 0.93930629
11 M 0 18 100 100 0.48344636 0.47631419 0.47631419 0.36379101 0.61356867 0.39548085 0.09579553 1.63269725
11 R 0 18 100 100 0.81449924 0.81761334 0.80013228 0.63775284 1.00378795 0.61961697 0.15262209 2.51552837
11 C 0 18 100 100 0.74129961 0.71817602 0.71817602 0.49965450 1.05784614 0.55423076 0.09220017 3.33157453
11 M 1 18 100 100 0.48344636 0.47631419 0.47631419 0.36379101 0.61356867 0.39548085 0.09579553 1.63269725
11 R 1 18 100 100 0.81449924 0.81761334 0.80013228 0.63775284 1.00378795 0.61961697 0.15262209 2.51552837
11 C 1 18 100 100 0.74129961 0.71817602 0.71817602 0.49965450 1.05784614 0.55423076 0.09220017 3.33157453
95 M 0 18 100 100 0.17025655 0.16879399 0.16518507 0.12552787 0.22202108 0.16111270 0.03337288 0.77779635
95 R 0 18 100 100 0.20409904 0.20065335 0.20065335 0.14501791 0.27507679 0.17806878 0.03337288 0.95012754
95 C 0 18 100 100 0.14058811 0.13307885 0.13307885 0.08752451 0.21735439 0.12603837 0.01707741 0.93021524
95 M 1 18 100 100 0.17025655 0.16879399 0.16518507 0.12552787 0.22202108 0.16111270 0.03337288 0.77779635
95 R 1 18 100 100 0.20409904 0.20065335 0.20065335 0.14501791 0.27507679 0.17806878 0.03337288 0.95012754
95 C 1 18 100 100 0.14058811 0.13307885 0.13307885 0.08752451 0.21735439 0.12603837 0.01707741 0.93021524
114 M 0 18 100 100 0.16556447 0.16518507 0.16165332 0.12291960 0.21415764 0.16020991 0.03337288 0.76910403
114 R 0 18 100 100 0.17635047 0.17248175 0.17248175 0.12901026 0.23181560 0.17986735 0.03337288 0.96941794
114 C 0 18 100 100 0.12354568 0.11944779 0.11944779 0.08232431 0.17788607 0.12754551 0.01707741 0.95259489
114 M 1 18 100 100 0.16556447 0.16518507 0.16165332 0.12291960 0.21415764 0.16020991 0.03337288 0.76910403
114 R 1 18 100 100 0.17635047 0.17248175 0.17248175 0.12901026 0.23181560 0.17986735 0.03337288 0.96941794
114 C 1 18 100 100 0.12354568 0.11944779 0.11944779 0.08232431 0.17788607 0.12754551 0.01707741 0.95259489
130 M 0 18 100 100 0.57066589 0.56621705 0.56621705 0.43743692 0.70827187 0.44472588 0.14092317 1.40346768
130 R 0 18 100 100 1.11579968 1.10650775 1.10650775 0.91988958 1.30399944 0.68150559 0.21948207 2.11611759
130 C 0 18 100 100 1.09257046 1.08284995 1.08284995 0.88212246 1.29734934 0.60212495 0.14412656 2.51552837
130 M 1 18 100 100 0.57066589 0.56621705 0.56621705 0.43743692 0.70827187 0.44472588 0.14092317 1.40346768
130 R 1 18 100 100 1.11579968 1.10650775 1.10650775 0.91988958 1.30399944 0.68150559 0.21948207 2.11611759
130 C 1 18 100 100 1.09257046 1.08284995 1.08284995 0.88212246 1.29734934 0.60212495 0.14412656 2.51552837
136 M 0 18 100 100 0.54345022 0.54226377 0.53066985 0.41580288 0.67481782 0.42526831 0.13563409 1.33338994
136 R 0 18 100 100 0.81573854 0.81761334 0.80013228 0.67101771 0.95641802 0.52016628 0.20570295 1.31535774
136 C 0 18 100 100 0.83222750 0.83547632 0.81761334 0.67719698 0.98314080 0.48310493 0.13557548 1.72147927
136 M 1 18 100 100 0.54345022 0.54226377 0.53066985 0.41580288 0.67481782 0.42526831 0.13563409 1.33338994
136 R 1 18 100 100 0.81573854 0.81761334 0.80013228 0.67101771 0.95641802 0.52016628 0.20570295 1.31535774
136 C 1 18 100 100 0.83222750 0.83547632 0.81761334 0.67719698 0.98314080 0.48310493 0.13557548 1.72147927
42 M 0 19 100 100 0.12775581 0.12744907 0.12472413 0.09946674 0.15750510 0.14138076 0.03558530 0.56170729
42 R 0 19 100 100 0.17790151 0.17625009 0.17625009 0.13945565 0.21793037 0.17484630 0.04014629 0.76149568
42 C 0 19 100 100 0.11744293 0.11689393 0.11439467 0.08983455 0.14658010 0.12188611 0.02058348 0.72175487
42 M 1 19 100 100 0.12775581 0.12744907 0.12472413 0.09946674 0.15750510 0.14138076 0.03558530 0.56170729
42 R 1 19 91 100 0.13906956 0.13895730 0.13598631 0.10579467 0.17496167 0.15941550 0.03337288 0.76149568
42 C 1 19 100 95 0.13497749 0.13598631 0.13307885 0.10148106 0.17046465 0.12815851 0.02058348 0.79795090
112 M 0 19 100 100 0.18970650 0.18805629 0.18403554 0.14005323 0.24622515 0.18217559 0.04018970 0.82578238
112 R 0 19 100 100 0.31799122 0.31590474 0.30915051 0.23499024 0.40647753 0.21929241 0.04565551 1.05330458
112 C 0 19 100 100 0.25563737 0.25450385 0.24906241 0.18501000 0.32885944 0.15809454 0.02377008 1.05148500
112 M 1 19 100 99 0.19513677 0.19216489 0.19216489 0.14330117 0.25432791 0.18368232 0.04018970 0.83949858
112 R 1 19 90 100 0.18141333 0.18010075 0.17625009 0.12979990 0.24317977 0.18748814 0.03337288 1.05330458
112 C 1 19 90 100 0.12096508 0.11689393 0.11689393 0.07961780 0.17621466 0.13400241 0.01707741 1.05148500
118 M 0 21 100 100 0.17747638 0.17625009 0.17625009 0.14260801 0.21336536 0.16672736 0.05311247 0.52338016
118 R 0 21 100 100 0.18177086 0.18010075 0.18010075 0.14424133 0.22090092 0.17283626 0.04985342 0.59920404
118 C 0 21 100 100 0.13320227 0.13307885 0.13023354 0.10594647 0.16212874 0.14113653 0.03598748 0.55351253
118 M 1 21 100 98 0.18943885 0.18805629 0.18805629 0.15127739 0.22927283 0.16993318 0.05311247 0.54370073
118 R 1 21 100 97 0.21131325 0.20951676 0.20951676 0.16563370 0.25970629 0.18072965 0.04985342 0.65518484
118 C 1 21 100 97 0.16132825 0.15819707 0.15819707 0.12455119 0.20228051 0.14654986 0.03598748 0.59678709
45 M 0 24 100 100 0.16508039 0.16518507 0.16165332 0.13101097 0.19994385 0.16694370 0.05270083 0.52883796
45 R 0 24 100 100 0.25278424 0.25450385 0.24906241 0.20786853 0.29677579 0.24828312 0.08309678 0.74183987
45 C 0 24 100 100 0.16995802 0.16879399 0.16879399 0.13833451 0.20141499 0.17885947 0.04677413 0.68394021
45 M 1 24 100 100 0.16508039 0.16518507 0.16165332 0.13101097 0.19994385 0.16694370 0.05270083 0.52883796
45 R 1 24 100 100 0.25278424 0.25450385 0.24906241 0.20786853 0.29677579 0.24828312 0.08309678 0.74183987
45 C 1 24 100 100 0.16995802 0.16879399 0.16879399 0.13833451 0.20141499 0.17885947 0.04677413 0.68394021
32 M 0 25 100 100 0.08319772 0.08272049 0.08272049 0.06723891 0.09901894 0.11029178 0.03678167 0.33071572
32 R 0 25 100 100 0.06774626 0.06809849 0.06664251 0.05424240 0.08127997 0.10444556 0.03732622 0.29225766
32 C 0 25 100 100 0.04718429 0.04715986 0.04615155 0.03825355 0.05599474 0.08110949 0.02002619 0.32850737
32 M 1 25 100 100 0.08319772 0.08272049 0.08272049 0.06723891 0.09901894 0.11029178 0.03678167 0.33071572
32 R 1 25 93 100 0.05975901 0.05981642 0.05853751 0.04719162 0.07253559 0.09875970 0.03337288 0.29225766
32 C 1 25 93 100 0.04258075 0.04232935 0.04232935 0.03412397 0.05108648 0.07670587 0.01791068 0.32850737
106 M 0 26 100 100 0.16011026 0.15819707 0.15819707 0.12043404 0.20431682 0.16123462 0.03514961 0.73959864
106 R 0 26 100 100 0.19899570 0.19636326 0.19636326 0.14554176 0.26047386 0.19364494 0.03641781 1.02967101
106 C 0 26 100 100 0.13053613 0.12744907 0.12744907 0.08959100 0.18115425 0.13539978 0.01868395 0.98122208
106 M 1 26 100 99 0.16640928 0.16518507 0.16165332 0.12445477 0.21363048 0.16288609 0.03514961 0.75482722
106 R 1 26 100 97 0.25184735 0.24906241 0.24373731 0.17564584 0.34168289 0.20056127 0.03641781 1.10453719
106 C 1 26 100 97 0.19811322 0.20065335 0.19216489 0.11931605 0.29254439 0.14020940 0.01868395 1.05216932
74 M 0 28 100 100 0.23809323 0.23852606 0.23342623 0.18436070 0.29732696 0.23829419 0.05590385 1.01574617
74 R 0 28 100 100 0.31572922 0.30915051 0.30915051 0.24100859 0.40010202 0.32423992 0.06789276 1.54849400
74 C 0 28 100 100 0.22311994 0.21877169 0.21877169 0.16589079 0.29270717 0.26944732 0.04403706 1.64865370
74 M 1 28 100 100 0.23809323 0.23852606 0.23342623 0.18436070 0.29732696 0.23829419 0.05590385 1.01574617
74 R 1 28 100 100 0.31572922 0.30915051 0.30915051 0.24100859 0.40010202 0.32423992 0.06789276 1.54849400
74 C 1 28 100 100 0.22311994 0.21877169 0.21877169 0.16589079 0.29270717 0.26944732 0.04403706 1.64865370
93 M 0 28 100 100 0.23188169 0.22843544 0.22843544 0.17861816 0.29036740 0.21037888 0.05254161 0.84236613
93 R 0 28 100 100 0.29958556 0.29607218 0.29607218 0.23313918 0.37205414 0.26382889 0.06842306 1.01728403
93 C 0 28 100 100 0.22516713 0.21877169 0.21877169 0.16576907 0.29764979 0.20944884 0.04227449 1.03771361
93 M 1 28 100 100 0.23188169 0.22843544 0.22843544 0.17861816 0.29036740 0.21037888 0.05254161 0.84236613
93 R 1 28 100 100 0.29958556 0.29607218 0.29607218 0.23313918 0.37205414 0.26382889 0.06842306 1.01728403
93 C 1 28 100 100 0.22516713 0.21877169 0.21877169 0.16576907 0.29764979 0.20944884 0.04227449 1.03771361
84 M 0 29 100 100 0.17551110 0.17248175 0.17248175 0.13446974 0.22059235 0.16656528 0.03969764 0.69888274
84 R 0 29 100 100 0.22775787 0.22355135 0.22355135 0.17423073 0.28669376 0.21060634 0.04697675 0.94419113
84 C 0 29 100 100 0.16077145 0.15819707 0.15819707 0.11604851 0.21481556 0.15676758 0.02688635 0.91407251
84 M 1 29 100 100 0.17551110 0.17248175 0.17248175 0.13446974 0.22059235 0.16656528 0.03969764 0.69888274
84 R 1 29 100 100 0.22775787 0.22355135 0.22355135 0.17423073 0.28669376 0.21060634 0.04697675 0.94419113
84 C 1 29 100 100 0.16077145 0.15819707 0.15819707 0.11604851 0.21481556 0.15676758 0.02688635 0.91407251
55 M 0 30 100 100 0.16747405 0.16879399 0.16518507 0.13613318 0.19903397 0.17628818 0.06024457 0.51585604
55 R 0 30 100 100 0.22668302 0.22843544 0.22355135 0.18792063 0.26476483 0.23999981 0.08367347 0.68838911
55 C 0 30 100 100 0.15912124 0.15819707 0.15819707 0.13247314 0.18521226 0.18663913 0.05299780 0.65727569
55 M 1 30 100 100 0.16747405 0.16879399 0.16518507 0.13613318 0.19903397 0.17628818 0.06024457 0.51585604
55 R 1 30 91 100 0.19440057 0.19216489 0.19216489 0.15894049 0.22970640 0.22085048 0.07085373 0.68838911
55 C 1 30 91 100 0.13974033 0.13895730 0.13895730 0.11507395 0.16425154 0.17276669 0.04541219 0.65727569
64 M 0 30 100 100 0.27602955 0.27155193 0.27155193 0.20571206 0.35701010 0.25204065 0.05531494 1.14841455
64 R 0 30 100 100 0.48619451 0.48672057 0.47631419 0.36517019 0.61829654 0.36793883 0.08213262 1.64829743
64 C 0 30 100 100 0.40399383 0.40068594 0.39211903 0.27381780 0.55519690 0.29780493 0.04939226 1.79558035
64 M 1 30 100 100 0.27602955 0.27155193 0.27155193 0.20571206 0.35701010 0.25204065 0.05531494 1.14841455
64 R 1 30 100 100 0.48619451 0.48672057 0.47631419 0.36517019 0.61829654 0.36793883 0.08213262 1.64829743
64 C 1 30 100 100 0.40399383 0.40068594 0.39211903 0.27381780 0.55519690 0.29780493 0.04939226 1.79558035
78 M 0 31 100 100 0.16043803 0.16165332 0.15819707 0.13170637 0.18860793 0.16479284 0.06745398 0.40259563
78 R 0 31 100 100 0.26343706 0.26574599 0.26006418 0.22386829 0.30085012 0.25654718 0.11348355 0.57996476
78 C 0 31 100 100 0.17653739 0.17625009 0.17248175 0.15062173 0.20062274 0.19197809 0.07280158 0.50624709
78 M 1 31 97 100 0.15509864 0.15481473 0.15150470 0.12665532 0.18323243 0.16263489 0.06569894 0.40259563
78 R 1 31 100 78 0.34308424 0.34442991 0.33706579 0.28546997 0.39918629 0.28958708 0.11348355 0.73896772
78 C 1 31 100 86 0.21698868 0.21877169 0.21409422 0.18155030 0.25145906 0.21194593 0.07280158 0.61703440
122 M 0 31 100 100 0.21611991 0.21409422 0.21409422 0.16395533 0.27195577 0.20802777 0.05476774 0.79016504
122 R 0 31 100 100 0.32468044 0.32280654 0.32280654 0.25600988 0.39420576 0.27020543 0.07402325 0.98632489
122 C 0 31 100 100 0.23764227 0.23852606 0.23342623 0.18683354 0.28852732 0.20257056 0.03919465 1.04694977
122 M 1 31 100 99 0.22741317 0.22843544 0.22355135 0.17143770 0.28785196 0.20993065 0.05476774 0.80468675
122 R 1 31 100 99 0.35324025 0.35195491 0.34442991 0.27824546 0.42905321 0.27486629 0.07402325 1.02064522
122 C 1 31 100 99 0.26281321 0.26574599 0.26006418 0.20636008 0.31949738 0.20540812 0.03919465 1.07648607
27 M 0 34 100 100 0.16354811 0.16165332 0.16165332 0.13254353 0.19471863 0.15946719 0.05386386 0.47211216
27 R 0 34 100 100 0.24524799 0.24373731 0.24373731 0.20422810 0.28489067 0.21483584 0.06961638 0.66298247
27 C 0 34 100 100 0.18004285 0.18010075 0.17625009 0.15157192 0.20728018 0.15568712 0.04047736 0.59881566
27 M 1 34 100 100 0.16354811 0.16165332 0.16165332 0.13254353 0.19471863 0.15946719 0.05386386 0.47211216
27 R 1 34 100 100 0.24524799 0.24373731 0.24373731 0.20422810 0.28489067 0.21483584 0.06961638 0.66298247
27 C 1 34 100 100 0.18004285 0.18010075 0.17625009 0.15157192 0.20728018 0.15568712 0.04047736 0.59881566
73 M 0 34 100 100 0.22264266 0.22355135 0.21877169 0.17457901 0.27354437 0.21665431 0.05391045 0.87068637
73 R 0 34 100 100 0.33733228 0.33706579 0.32985912 0.27151730 0.40537962 0.29447679 0.06877889 1.26080225
73 C 0 34 100 100 0.24043636 0.23852606 0.23852606 0.19423605 0.28833394 0.22593136 0.04004231 1.27477614
73 M 1 34 100 100 0.22264266 0.22355135 0.21877169 0.17457901 0.27354437 0.21665431 0.05391045 0.87068637
73 R 1 34 100 100 0.33733228 0.33706579 0.32985912 0.27151730 0.40537962 0.29447679 0.06877889 1.26080225
73 C 1 34 100 100 0.24043636 0.23852606 0.23852606 0.19423605 0.28833394 0.22593136 0.04004231 1.27477614
1 M 0 37 100 100 0.24435161 0.24373731 0.23852606 0.19385092 0.29672044 0.31995875 0.09265963 1.10483501
1 R 0 37 100 100 0.28620882 0.28354713 0.28354713 0.22978850 0.34276315 0.30120323 0.09893061 0.91704062
1 C 0 37 100 100 0.20381475 0.20503716 0.20065335 0.16438445 0.24336784 0.30431128 0.07284880 1.27119953
1 M 1 37 100 92 0.40569888 0.40068594 0.40068594 0.30064820 0.52173573 0.34977068 0.09265963 1.32031106
1 R 1 37 100 90 0.55640772 0.55411099 0.54226377 0.43906499 0.67587878 0.34797148 0.09893061 1.22393012
1 C 1 37 100 90 0.54793330 0.54226377 0.54226377 0.41579121 0.68661522 0.34891700 0.07284880 1.67117479
115 M 0 39 100 100 0.22704230 0.22843544 0.22355135 0.18271909 0.27161846 0.24857842 0.09314150 0.66341247
115 R 0 39 100 100 0.32578301 0.32280654 0.32280654 0.26845981 0.38187320 0.35020973 0.13955925 0.87881569
115 C 0 39 100 100 0.23050342 0.22843544 0.22843544 0.19092010 0.26906787 0.27916901 0.08893174 0.87635002
115 M 1 39 95 88 0.27741620 0.27748472 0.27155193 0.21580016 0.34260794 0.26165808 0.08537812 0.80190282
115 R 1 39 100 75 0.55994951 0.55411099 0.55411099 0.44598227 0.67511147 0.42354084 0.13955925 1.28538125
115 C 1 39 95 88 0.31132459 0.30915051 0.30915051 0.24778739 0.37521142 0.29932765 0.08169190 1.09676772
87 M 0 41 100 100 0.17288524 0.17248175 0.16879399 0.13697206 0.20985993 0.23742027 0.05652345 0.99725666
87 R 0 41 100 100 0.25331102 0.25450385 0.24906241 0.20990395 0.29604789 0.37298290 0.10227874 1.36016770
87 C 0 41 100 100 0.15603016 0.15481473 0.15481473 0.12955486 0.18227337 0.31645141 0.05874029 1.70481798
87 M 1 41 99 89 0.25285632 0.24906241 0.24906241 0.19100559 0.32184300 0.27043388 0.05581690 1.31025698
87 R 1 41 100 81 0.65794657 0.64461441 0.64461441 0.47753331 0.86458789 0.49585832 0.10227874 2.40397438
87 C 1 41 93 88 0.22764183 0.22355135 0.22355135 0.17438724 0.28851247 0.36532794 0.05193463 2.56985569
4 M 0 51 100 100 0.29435176 0.29607218 0.28974198 0.23283495 0.35662159 0.33608377 0.13020540 0.86749324
4 R 0 51 100 100 0.43191230 0.42752610 0.42752610 0.36158430 0.49809414 0.41743697 0.21853541 0.79737020
4 C 0 51 100 100 0.31707263 0.31590474 0.31590474 0.26560078 0.36599369 0.35340314 0.13432136 0.92981324
4 M 1 51 100 92 0.43814413 0.43686657 0.42752610 0.34066682 0.53785188 0.36248921 0.13020540 1.00916268
4 R 1 51 100 75 0.74691131 0.74989983 0.73386653 0.61667575 0.87387925 0.47660595 0.21853541 1.03943448
4 C 1 51 100 80 0.64857453 0.64461441 0.64461441 0.52781321 0.76777963 0.40907515 0.13432136 1.24583667
117 M 0 54 100 100 0.33608898 0.33706579 0.32985912 0.26660285 0.40669546 0.32027008 0.11885551 0.86300520
117 R 0 54 100 100 0.61522150 0.61734460 0.60414541 0.52449260 0.69972575 0.54004160 0.28062082 1.03928472
117 C 0 54 100 100 0.43520528 0.43686657 0.42752610 0.36968143 0.49648888 0.43105172 0.16390484 1.13361864
117 M 1 54 100 100 0.33608898 0.33706579 0.32985912 0.26660285 0.40669546 0.32027008 0.11885551 0.86300520
117 R 1 54 61 100 0.37777311 0.37553080 0.37553080 0.30160403 0.45418682 0.40828836 0.16039818 1.03928472
117 C 1 54 100 100 0.43520528 0.43686657 0.42752610 0.36968143 0.49648888 0.43105172 0.16390484 1.13361864
83 M 0 61 100 100 0.58214020 0.57858760 0.57858760 0.44376231 0.72548089 0.45680544 0.14263912 1.46293112
83 R 0 61 100 100 1.40706681 1.40346768 1.40346768 1.19373076 1.60410714 0.83340238 0.31433832 2.20959233
83 C 0 61 100 100 1.37249998 1.37346071 1.34409530 1.15461051 1.57774165 0.75437008 0.20771329 2.73971018
83 M 1 61 100 100 0.58214020 0.57858760 0.57858760 0.44376231 0.72548089 0.45680544 0.14263912 1.46293112
83 R 1 61 100 93 1.50958101 1.49747972 1.49747972 1.27735379 1.72660009 0.85161032 0.31433832 2.30719610
83 C 1 61 100 99 1.42130360 1.43413024 1.40346768 1.19340884 1.63252283 0.75998605 0.20771329 2.78065401
24 M 0 62 100 100 0.27935191 0.27748472 0.27748472 0.21974724 0.34226717 0.28554579 0.07628075 1.06889877
24 R 0 62 100 100 0.42114600 0.41838534 0.41838534 0.34651285 0.49639391 0.46432047 0.14635522 1.47308381
24 C 0 62 100 100 0.27776072 0.27748472 0.27155193 0.22703518 0.33016728 0.38627316 0.08701152 1.71479531
24 M 1 62 100 100 0.27935191 0.27748472 0.27748472 0.21974724 0.34226717 0.28554579 0.07628075 1.06889877
24 R 1 62 98 100 0.41263212 0.40944001 0.40944001 0.33879962 0.48720033 0.45977586 0.14350429 1.47308381
24 C 1 62 100 100 0.27776072 0.27748472 0.27155193 0.22703518 0.33016728 0.38627316 0.08701152 1.71479531
47 M 0 63 100 100 0.43691099 0.43686657 0.42752610 0.34961062 0.52455448 0.46361854 0.19175003 1.12094981
47 R 0 63 100 100 0.88858818 0.89144116 0.87238161 0.76229994 1.00466000 0.77737621 0.41290571 1.46356361
47 C 0 63 100 100 0.68891380 0.68779426 0.67308881 0.58976417 0.78003345 0.69496657 0.28793167 1.67740674
47 M 1 63 100 92 0.56208553 0.56621705 0.55411099 0.44376538 0.68278722 0.49211274 0.19175003 1.26297219
47 R 1 63 100 73 1.49432169 1.49747972 1.46546271 1.26684863 1.70441132 0.90493227 0.41290571 1.98326735
47 C 1 63 100 73 1.52243715 1.53019623 1.49747972 1.27687060 1.75456477 0.85105833 0.28793167 2.51552837
65 M 0 63 100 100 0.19467528 0.19636326 0.19216489 0.15626000 0.23309375 0.20353602 0.07956425 0.52067242
65 R 0 63 100 100 0.41365553 0.40944001 0.40944001 0.35398662 0.46862831 0.36100714 0.16326845 0.79823233
65 C 0 63 100 100 0.27471034 0.27748472 0.27155193 0.23577166 0.31018171 0.25958687 0.09476592 0.71107148
65 M 1 63 98 97 0.19967547 0.20065335 0.19636326 0.15937267 0.24047317 0.20453781 0.07733944 0.54093636
65 R 1 63 88 78 0.47748208 0.47631419 0.46613031 0.39614478 0.55593277 0.36695943 0.13155155 1.02362328
65 C 1 63 87 97 0.25114065 0.24906241 0.24906241 0.21174472 0.28816632 0.23489005 0.07426601 0.74291502
107 M 0 68 100 100 0.17644250 0.17625009 0.17248175 0.14305264 0.20916203 0.29143768 0.12032876 0.70586551
107 R 0 68 100 100 0.32454390 0.32280654 0.32280654 0.27991288 0.36514643 0.47017747 0.29339683 0.75347391
107 C 0 68 100 100 0.20172634 0.20065335 0.20065335 0.17481334 0.22609423 0.38278273 0.17051732 0.85928292
107 M 1 68 100 73 0.54573195 0.54226377 0.53066985 0.41443544 0.68585948 0.40586879 0.12032876 1.36899507
107 R 1 68 100 73 0.99680566 0.99316995 0.99316995 0.83781413 1.14970111 0.68518665 0.29339683 1.60015618
107 C 1 68 100 73 0.85017354 0.85372957 0.83547632 0.68804754 1.01431471 0.57921403 0.17051732 1.96747700
110 M 0 68 100 100 0.53953950 0.54226377 0.53066985 0.41612396 0.66901640 0.44013615 0.12936391 1.49747972
110 R 0 68 100 100 1.09421922 1.08284995 1.08284995 0.92324544 1.25665531 0.83286220 0.33495980 2.07087373
110 C 0 68 100 100 0.97225835 0.97193538 0.95115482 0.78032922 1.17094117 0.70892321 0.19133605 2.62664618
110 M 1 68 100 100 0.53953950 0.54226377 0.53066985 0.41612396 0.66901640 0.44013615 0.12936391 1.49747972
110 R 1 68 100 100 1.09421922 1.08284995 1.08284995 0.92324544 1.25665531 0.83286220 0.33495980 2.07087373
110 C 1 68 100 100 0.97225835 0.97193538 0.95115482 0.78032922 1.17094117 0.70892321 0.19133605 2.62664618
59 M 0 70 100 100 0.15456211 0.15481473 0.15150470 0.12156943 0.18883887 0.19804677 0.04854561 0.80795202
59 R 0 70 100 100 0.22811320 0.22843544 0.22355135 0.18781208 0.26839226 0.30342469 0.08496733 1.08355227
59 C 0 70 100 100 0.13821227 0.13895730 0.13598631 0.11327293 0.16323578 0.23259530 0.04576418 1.18215974
59 M 1 70 97 100 0.14944651 0.14826543 0.14826543 0.11691096 0.18345916 0.19522139 0.04717037 0.80795202
59 R 1 70 99 92 0.29432738 0.28974198 0.28974198 0.23594417 0.35525252 0.33485515 0.08401264 1.33465602
59 C 1 70 99 92 0.18170221 0.18010075 0.18010075 0.14321743 0.22301305 0.25943857 0.04509584 1.49256282
123 M 0 73 100 100 0.21575741 0.21409422 0.21409422 0.17371024 0.25767740 0.27367298 0.12216302 0.61308978
123 R 0 73 100 100 0.39764628 0.40068594 0.39211903 0.34161610 0.44905810 0.45277552 0.31277966 0.65543159
123 C 0 73 100 100 0.25967574 0.26006418 0.25450385 0.22353773 0.29313614 0.35643303 0.18599485 0.68305389
123 M 1 73 94 92 0.28963031 0.28974198 0.28354713 0.22859267 0.35176660 0.28742188 0.11371287 0.72649070
123 R 1 73 93 76 0.65708612 0.65869777 0.64461441 0.55146862 0.75857953 0.52859769 0.28157718 0.99232301
123 C 1 73 93 76 0.47574064 0.47631419 0.46613031 0.39662704 0.55198879 0.42297435 0.16545401 1.08131137
5 M 0 84 100 100 0.49080315 0.48672057 0.48672057 0.38518380 0.59936073 0.42448778 0.14823339 1.21558221
5 R 0 84 100 100 0.80928702 0.80013228 0.80013228 0.69108327 0.92011558 0.68113746 0.37069255 1.25157153
5 C 0 84 100 100 0.67416269 0.67308881 0.65869777 0.56400500 0.78097707 0.58582267 0.22524879 1.52359624
5 M 1 84 100 100 0.49080315 0.48672057 0.48672057 0.38518380 0.59936073 0.42448778 0.14823339 1.21558221
5 R 1 84 100 100 0.80928702 0.80013228 0.80013228 0.69108327 0.92011558 0.68113746 0.37069255 1.25157153
5 C 1 84 100 100 0.67416269 0.67308881 0.65869777 0.56400500 0.78097707 0.58582267 0.22524879 1.52359624
7 M 0 84 100 100 0.47790245 0.47631419 0.46613031 0.37268311 0.58679142 0.39986410 0.13253350 1.20642179
7 R 0 84 100 100 0.92517739 0.93081857 0.91091711 0.78202226 1.06125685 0.77670446 0.35386171 1.70481798
7 C 0 84 100 100 0.77752911 0.78302497 0.76628343 0.63307306 0.92253932 0.62411939 0.20508148 1.89936708
7 M 1 84 100 100 0.47790245 0.47631419 0.46613031 0.37268311 0.58679142 0.39986410 0.13253350 1.20642179
7 R 1 84 100 100 0.92517739 0.93081857 0.91091711 0.78202226 1.06125685 0.77670446 0.35386171 1.70481798
7 C 1 84 100 100 0.77752911 0.78302497 0.76628343 0.63307306 0.92253932 0.62411939 0.20508148 1.89936708
8 M 0 84 100 100 0.23645261 0.23852606 0.23342623 0.19058571 0.28188673 0.28672076 0.13510747 0.60846965
8 R 0 84 100 100 0.48380999 0.48672057 0.47631419 0.41846633 0.54295911 0.54803692 0.34524972 0.86993399
8 C 0 84 100 100 0.31391777 0.31590474 0.30915051 0.27124490 0.35254604 0.40595953 0.20432937 0.80655628
8 M 1 84 100 94 0.30025440 0.30254069 0.29607218 0.24025786 0.35991056 0.30399799 0.13510747 0.68400941
8 R 1 84 100 67 0.90521415 0.91091711 0.89144116 0.76592053 1.03704069 0.68672681 0.34524972 1.36594959
8 C 1 84 100 67 0.68217045 0.68779426 0.67308881 0.56826708 0.79325591 0.53206509 0.20432937 1.38547511
79 M 0 84 100 100 0.49156106 0.48672057 0.48672057 0.37047420 0.62255101 0.40749785 0.10735207 1.54682156
79 R 0 84 100 100 1.09631909 1.10650775 1.08284995 0.90716289 1.28133675 0.77260263 0.26181243 2.27993314
79 C 0 84 100 100 1.03590726 1.03704100 1.01486844 0.81017166 1.26629800 0.67520145 0.15823127 2.88120671
79 M 1 84 100 100 0.49156106 0.48672057 0.48672057 0.37047420 0.62255101 0.40749785 0.10735207 1.54682156
79 R 1 84 100 99 1.11928224 1.10650775 1.10650775 0.92440956 1.30989657 0.77720821 0.26181243 2.30719610
79 C 1 84 100 99 1.08950859 1.08284995 1.08284995 0.84851896 1.33555437 0.68047534 0.15823127 2.92639176
85 M 0 85 100 100 0.25643096 0.25450385 0.25450385 0.20543886 0.30806979 0.34050711 0.11096123 1.04491530
85 R 0 85 100 100 0.53480202 0.53066985 0.53066985 0.45724788 0.60744610 0.67600453 0.28874179 1.58266707
85 C 0 85 100 100 0.32848819 0.32985912 0.32280654 0.28114730 0.37279977 0.57175073 0.17337874 1.88546123
85 M 1 85 100 80 0.55143359 0.54226377 0.54226377 0.40904476 0.70944853 0.42563611 0.11096123 1.63269725
85 R 1 85 100 80 1.28448755 1.28723460 1.25971276 1.04339632 1.52475280 0.86151436 0.28874179 2.57048692
85 C 1 85 100 80 1.26018374 1.25971276 1.23277935 0.96109484 1.57320817 0.76827336 0.17337874 3.40436182
108 M 0 86 100 100 0.25041095 0.24906241 0.24373731 0.17961643 0.33507389 0.22459254 0.04365800 1.15538524
108 R 0 86 100 100 0.40222468 0.40068594 0.39211903 0.29605414 0.52276679 0.31008734 0.06561351 1.46546271
108 C 0 86 100 100 0.34288686 0.33706579 0.32985912 0.21103104 0.50860836 0.24018142 0.03533240 1.63269725
108 M 1 86 100 100 0.25041095 0.24906241 0.24373731 0.17961643 0.33507389 0.22459254 0.04365800 1.15538524
108 R 1 86 100 100 0.40222468 0.40068594 0.39211903 0.29605414 0.52276679 0.31008734 0.06561351 1.46546271
108 C 1 86 100 100 0.34288686 0.33706579 0.32985912 0.21103104 0.50860836 0.24018142 0.03533240 1.63269725
121 M 0 86 100 100 0.26597640 0.26006418 0.26006418 0.18280850 0.37197364 0.24627899 0.04050362 1.49747972
121 R 0 86 100 100 0.45056831 0.43686657 0.43686657 0.30511960 0.63116166 0.34794641 0.05721171 2.11611759
121 C 0 86 100 100 0.42090996 0.40068594 0.39211903 0.20917981 0.73367296 0.28465234 0.03018852 2.68403240
121 M 1 86 100 100 0.26597640 0.26006418 0.26006418 0.18280850 0.37197364 0.24627899 0.04050362 1.49747972
121 R 1 86 100 100 0.45056831 0.43686657 0.43686657 0.30511960 0.63116166 0.34794641 0.05721171 2.11611759
121 C 1 86 100 100 0.42090996 0.40068594 0.39211903 0.20917981 0.73367296 0.28465234 0.03018852 2.68403240
133 M 0 86 100 100 0.23766162 0.23342623 0.23342623 0.17002802 0.31866279 0.21546358 0.04121001 1.12653577
133 R 0 86 100 100 0.31979066 0.31590474 0.31590474 0.24114750 0.40851866 0.27382089 0.06085964 1.23198030
133 C 0 86 100 100 0.26588896 0.26006418 0.26006418 0.17568074 0.37979454 0.21637355 0.03186451 1.46926832
133 M 1 86 100 100 0.23766162 0.23342623 0.23342623 0.17002802 0.31866279 0.21546358 0.04121001 1.12653577
133 R 1 86 100 100 0.31979066 0.31590474 0.31590474 0.24114750 0.40851866 0.27382089 0.06085964 1.23198030
133 C 1 86 100 100 0.26588896 0.26006418 0.26006418 0.17568074 0.37979454 0.21637355 0.03186451 1.46926832
103 M 0 92 100 100 0.22533397 0.22355135 0.21877169 0.16766310 0.29008973 0.24617256 0.04813815 1.25889626
103 R 0 92 100 100 0.38557397 0.38373529 0.37553080 0.30505474 0.46961629 0.35589420 0.08268474 1.53185069
103 C 0 92 100 100 0.24563981 0.24373731 0.24373731 0.19041698 0.30494522 0.28712383 0.04390401 1.87773471
103 M 1 92 99 100 0.22200258 0.21877169 0.21877169 0.16516970 0.28621720 0.24392441 0.04726292 1.25889626
103 R 1 92 99 88 0.57284317 0.56621705 0.56621705 0.42846110 0.73232608 0.39720225 0.08065200 1.95617742
103 C 1 92 99 100 0.23761403 0.23852606 0.23342623 0.18403431 0.29537342 0.28322326 0.04271925 1.87773471
10 M 0 93 100 100 0.29982706 0.29607218 0.29607218 0.22655888 0.37773257 0.28412990 0.07275439 1.10962099
10 R 0 93 100 100 0.51964859 0.51932381 0.50822036 0.41854096 0.62006412 0.41834013 0.10610647 1.64936649
10 C 0 93 100 100 0.36132014 0.35964432 0.35964432 0.28916510 0.43387408 0.33688372 0.05917351 1.91792971
10 M 1 93 100 100 0.29982706 0.29607218 0.29607218 0.22655888 0.37773257 0.28412990 0.07275439 1.10962099
10 R 1 93 100 97 0.56471392 0.56621705 0.55411099 0.45296333 0.67585287 0.42988734 0.10610647 1.74167626
10 C 1 93 100 99 0.37325316 0.37553080 0.36750173 0.29794708 0.44897986 0.34063499 0.05917351 1.96088060
75 M 0 124 100 100 0.72356617 0.71817602 0.71817602 0.57843687 0.86867521 0.66635828 0.28465234 1.55991461
75 R 0 124 100 100 1.63011916 1.63269725 1.59778921 1.42057390 1.83624138 1.44861563 0.93505280 2.24424466
75 C 0 124 100 100 1.71385478 1.70481798 1.70481798 1.47082674 1.93764984 1.37301552 0.63727274 2.95818652
75 M 1 124 100 99 0.78710255 0.78302497 0.78302497 0.62785453 0.94644415 0.67439932 0.28465234 1.59778921
75 R 1 124 100 99 1.74642453 1.74206436 1.74206436 1.52422698 1.94446077 1.46879208 0.93505280 2.30719610
75 C 1 124 100 99 1.71385479 1.70481798 1.70481798 1.47082674 1.93764984 1.39545257 0.63727274 3.05565854
69 M 0 128 100 100 0.33142812 0.32985912 0.32985912 0.26911997 0.39188926 0.47002507 0.23606438 0.93586150
69 R 0 128 100 100 0.64944508 0.64461441 0.64461441 0.56737792 0.72283697 0.83340238 0.67134541 1.03457849
69 C 0 128 100 100 0.45169290 0.45616417 0.44641110 0.39546977 0.50149542 0.75217228 0.45913143 1.23224659
69 M 1 128 100 77 0.77313270 0.76628343 0.76628343 0.60631338 0.94315955 0.57559424 0.23606438 1.40346768
69 R 1 128 100 77 1.55543336 1.56362752 1.53019623 1.34533910 1.74662048 1.10507382 0.67134541 1.81901614
69 C 1 128 100 77 1.53610987 1.53019623 1.53019623 1.31851949 1.73546033 1.00722057 0.45913143 2.20959233
39 M 0 157 100 100 0.49188640 0.48672057 0.48672057 0.38595420 0.60106441 0.42803460 0.14676700 1.24832978
39 R 0 157 100 100 1.08544398 1.08284995 1.08284995 0.92159949 1.24043037 0.92410361 0.43021408 1.98498263
39 C 0 157 100 100 0.89938420 0.89144116 0.89144116 0.74292836 1.05248629 0.76322571 0.25676906 2.26862801
39 M 1 157 100 100 0.49188640 0.48672057 0.48672057 0.38595420 0.60106441 0.42803460 0.14676700 1.24832978
39 R 1 157 94 100 1.02048289 1.01486844 1.01486844 0.86181523 1.17217473 0.88804122 0.39729174 1.98498263
39 C 1 157 100 100 0.89938420 0.89144116 0.89144116 0.74292836 1.05248629 0.76322571 0.25676906 2.26862801
109 M 0 193 100 100 0.48533509 0.48672057 0.47631419 0.38968145 0.57979589 0.52792439 0.24289592 1.14742218
109 R 0 193 100 100 1.15860790 1.08284995 1.10650775 0.95080834 1.47655326 1.08238199 0.70342884 1.66548584
109 C 0 193 100 100 1.21690009 1.20642179 1.20642179 1.04966365 1.36860729 0.91753624 0.46602958 1.80647924
109 M 1 193 100 97 0.63046124 0.63083217 0.61734460 0.50361326 0.75716545 0.54720844 0.24289592 1.23277935
109 R 1 193 100 97 1.37272222 1.37346071 1.34409530 1.19339188 1.53199818 1.13117126 0.70342884 1.81901614
109 C 1 193 100 97 1.21690009 1.20642179 1.20642179 1.04966365 1.36860729 0.96138507 0.46602958 1.98326735
13 M 0 206 100 100 0.64177818 0.64461441 0.63083217 0.50032860 0.78726149 0.52473931 0.17609778 1.56362752
13 R 0 206 100 100 1.36445902 1.37346071 1.34409530 1.16233347 1.55381476 1.05319077 0.49126492 2.25786687
13 C 0 206 100 100 1.35210529 1.34409530 1.34409530 1.11956169 1.57618753 0.93323577 0.30411404 2.86382376
13 M 1 206 100 100 0.64177818 0.64461441 0.63083217 0.50032860 0.78726149 0.52473931 0.17609778 1.56362752
13 R 1 206 100 100 1.36445902 1.37346071 1.34409530 1.16233347 1.55381476 1.05319077 0.49126492 2.25786687
13 C 1 206 100 100 1.35210529 1.34409530 1.34409530 1.11956169 1.57618753 0.93323577 0.30411404 2.86382376
16 M 0 206 100 100 0.60709545 0.60414541 0.59122842 0.46798982 0.75154235 0.48946327 0.15656442 1.53019623
16 R 0 206 100 100 1.31037376 1.31535774 1.28723460 1.10832110 1.50078479 0.94582504 0.40486428 2.20959233
16 C 0 206 100 100 1.33445580 1.34409530 1.31535774 1.09825223 1.56044678 0.85179439 0.25335137 2.86382376
16 M 1 206 100 100 0.60709545 0.60414541 0.59122842 0.46798982 0.75154235 0.48946327 0.15656442 1.53019623
16 R 1 206 100 100 1.31037376 1.31535774 1.28723460 1.10832110 1.50078479 0.94582504 0.40486428 2.20959233
16 C 1 206 100 100 1.33445580 1.34409530 1.31535774 1.09825223 1.56044678 0.85179439 0.25335137 2.86382376
6 M 0 207 100 100 0.33929951 0.33706579 0.33706579 0.27605652 0.40052378 0.42311387 0.27688566 0.64656781
6 R 0 207 100 100 0.66909113 0.67308881 0.65869777 0.58591583 0.74277120 0.71802082 0.70601808 0.73022763
6 C 0 207 100 100 0.49455658 0.49735430 0.48672057 0.43434757 0.54763832 0.59739374 0.49456738 0.72159890
6 M 1 207 100 78 0.54928215 0.55411099 0.54226377 0.44175697 0.65555239 0.48458098 0.27688566 0.84807111
6 R 1 207 51 78 0.54345323 0.54226377 0.53066985 0.44156033 0.64269027 0.57015290 0.36486370 0.89094729
6 C 1 207 58 78 0.49914586 0.49735430 0.49735430 0.41068992 0.58480581 0.48307903 0.24739746 0.94328113
31 M 0 218 100 100 0.32234877 0.32280654 0.31590474 0.26144878 0.38205931 0.45014110 0.24384268 0.83097432
31 R 0 218 100 100 0.69689854 0.70282099 0.68779426 0.60802188 0.77647187 0.90249084 0.76231902 1.06843683
31 C 0 218 100 100 0.46447960 0.46613031 0.45616417 0.40632873 0.51616778 0.77603329 0.50243210 1.19862496
31 M 1 218 100 63 0.88636546 0.89144116 0.87238161 0.68921344 1.09065234 0.62418684 0.24384268 1.59778921
31 R 1 218 100 63 1.93148655 1.94086391 1.89936708 1.65031532 2.19405755 1.35517945 0.76231902 2.40911130
31 C 1 218 100 63 1.86602579 1.85875748 1.85875748 1.56519440 2.15672263 1.25251862 0.50243210 3.12241769
37 M 0 220 100 100 0.47669516 0.47631419 0.46613031 0.37179227 0.58453016 0.47682919 0.14708454 1.54581897
37 R 0 220 100 100 1.04952027 1.03704100 1.03704100 0.89437125 1.19596612 0.97298625 0.40873270 2.31618914
37 C 0 220 100 100 1.45099926 1.46546271 1.43413024 1.17288324 1.72714077 0.88529723 0.24713210 3.17138558
37 M 1 220 100 97 0.63202809 0.63083217 0.61734460 0.48517582 0.78542873 0.49327704 0.14708454 1.65430195
37 R 1 220 100 96 1.45433733 1.46546271 1.43413024 1.22408736 1.67355236 1.02500832 0.40873270 2.57048692
37 C 1 220 100 96 1.49715259 1.49747972 1.46546271 1.20803562 1.78391891 0.93727841 0.24713210 3.55474185
19 M 0 248 99 100 0.24961899 0.24906241 0.24373731 0.20203557 0.29599175 0.31942589 0.18235584 0.55952635
19 R 0 248 99 100 0.52267811 0.51932381 0.51932381 0.45735755 0.58044618 0.58249361 0.52227987 0.64964939
19 C 0 248 99 100 0.34992247 0.35195491 0.34442991 0.30714556 0.38774329 0.45687525 0.32570882 0.64086381
19 M 1 248 59 95 0.18804760 0.18805629 0.18403554 0.14310843 0.23440777 0.26150112 0.11456241 0.59690467
19 R 1 248 99 50 1.34332648 1.34409530 1.31535774 1.14434183 1.52932871 0.90838715 0.52227987 1.57993301
19 C 1 248 99 50 1.06172318 1.05969797 1.03704100 0.89206724 1.22583970 0.75489314 0.32570882 1.74961072
57 M 0 253 100 100 0.59189730 0.59122842 0.57858760 0.46326249 0.72301211 0.52236311 0.18237256 1.49618571
57 R 0 253 100 100 1.32347821 1.31535774 1.31535774 1.13393405 1.49718688 1.06199072 0.49360632 2.28486596
57 C 0 253 100 100 1.13715564 1.13068242 1.13068242 0.95840565 1.30659051 0.97984461 0.32301590 2.97228544
57 M 1 253 100 96 0.69805032 0.70282099 0.68779426 0.54261996 0.85785832 0.53980822 0.18237256 1.59778921
57 R 1 253 100 96 1.55951725 1.56362752 1.53019623 1.32917367 1.77342031 1.10233064 0.49360632 2.46174487
57 C 1 253 100 96 1.62160388 1.63269725 1.59778921 1.35042292 1.88223341 1.02622746 0.32301590 3.26034347
61 M 0 254 100 100 0.59991650 0.60414541 0.59122842 0.48039005 0.71815557 0.57602981 0.28128875 1.17960756
61 R 0 254 100 100 1.19958077 1.20642179 1.18062777 1.04756847 1.33464867 1.07410927 0.78965288 1.46103530
61 C 0 254 100 100 1.21084535 1.20642179 1.20642179 1.05540035 1.34858477 0.97015152 0.56768744 1.65794397
61 M 1 254 100 99 0.64805765 0.64461441 0.64461441 0.51850735 0.77760764 0.58254002 0.28128875 1.20642179
61 R 1 254 100 99 1.27044488 1.25971276 1.25971276 1.11002673 1.41360777 1.08742318 0.78965288 1.49747972
61 C 1 254 100 99 1.21086562 1.20642179 1.20642179 1.05549908 1.34858789 0.98377018 0.56768744 1.70481798
62 M 0 258 100 100 0.41258121 0.40944001 0.40944001 0.33198002 0.49238668 0.48467363 0.24116972 0.97403825
62 R 0 258 100 100 0.95017584 0.95115482 0.93081857 0.82989184 1.05654056 1.01453949 0.73513648 1.40013508
62 C 0 258 100 100 0.67366911 0.67308881 0.65869777 0.58706738 0.74978246 0.84163822 0.47796414 1.48202519
62 M 1 258 100 88 0.64891496 0.64461441 0.64461441 0.51593687 0.78171743 0.53940004 0.24116972 1.20642179
62 R 1 258 100 88 1.46066021 1.46546271 1.43413024 1.26969136 1.63064406 1.15638450 0.73513648 1.81901614
62 C 1 258 100 88 1.26939168 1.25971276 1.25971276 1.09701267 1.42619161 0.97361731 0.47796414 1.98326735
15 M 0 276 100 100 0.63433345 0.63083217 0.63083217 0.49594322 0.77714890 0.53800292 0.18511259 1.56362752
15 R 0 276 100 100 1.27704180 1.28723460 1.25971276 1.07620246 1.46645241 1.03872334 0.47786085 2.25786687
15 C 0 276 100 100 1.27510793 1.28723460 1.25971276 1.03735311 1.50930947 0.92941142 0.29517770 2.92639176
15 M 1 276 100 100 0.63433345 0.63083217 0.63083217 0.49594322 0.77714890 0.53800292 0.18511259 1.56362752
15 R 1 276 100 100 1.27704180 1.28723460 1.25971276 1.07620246 1.46645241 1.03872334 0.47786085 2.25786687
15 C 1 276 100 100 1.27510793 1.28723460 1.25971276 1.03735311 1.50930947 0.92941142 0.29517770 2.92639176
17 M 0 276 100 100 0.35876453 0.35964432 0.35195491 0.28941830 0.42724691 0.49918500 0.20722007 1.20251706
17 R 0 276 100 100 0.69680860 0.70282099 0.68779426 0.60363051 0.78134650 0.90415029 0.56013132 1.45945732
17 C 0 276 100 100 0.45846339 0.45616417 0.45616417 0.39553921 0.51599898 0.80281716 0.35639452 1.80843242
17 M 1 276 99 91 0.65773770 0.65869777 0.64461441 0.51630755 0.80235320 0.55075672 0.20566478 1.47489018
17 R 1 276 100 90 1.27322140 1.25971276 1.25971276 1.08866871 1.44512995 1.03145285 0.56013132 1.89936708
17 C 1 276 100 90 1.24488607 1.23277935 1.23277935 1.03915869 1.44147010 0.92660351 0.35639452 2.40911130
35 M 0 276 100 100 0.63647744 0.63083217 0.63083217 0.50434048 0.76937859 0.58235120 0.23992201 1.41351316
35 R 0 276 100 100 1.50615283 1.49747972 1.49747972 1.30191152 1.69202768 1.32362778 0.79393101 2.20672890
35 C 0 276 100 100 1.34441287 1.34409530 1.31535774 1.14922743 1.52402411 1.19384206 0.52838098 2.69740759
35 M 1 276 100 96 0.72051017 0.71817602 0.70282099 0.56787986 0.87515747 0.59939832 0.23992201 1.49747972
35 R 1 276 100 96 1.70811250 1.70481798 1.70481798 1.47241782 1.92439053 1.36812799 0.79393101 2.35760306
35 C 1 276 100 96 1.72662569 1.74206436 1.70481798 1.47014040 1.96519602 1.24348291 0.52838098 2.92639176
126 M 0 396 100 100 0.74063748 0.73386653 0.73386653 0.59020115 0.89188768 0.65063297 0.25927848 1.63269725
126 R 0 396 100 100 1.48342893 1.49747972 1.46546271 1.26334075 1.69101696 1.29967437 0.67149052 2.51552837
126 C 0 396 100 100 1.47120485 1.46546271 1.46546271 1.20473595 1.73481467 1.19036388 0.42531427 3.33157453
126 M 1 396 100 100 0.74063748 0.73386653 0.73386653 0.59020115 0.89188768 0.65063297 0.25927848 1.63269725
126 R 1 396 100 100 1.48342893 1.49747972 1.46546271 1.26334075 1.69101696 1.29967437 0.67149052 2.51552837
126 C 1 396 100 100 1.47120485 1.46546271 1.46546271 1.20473595 1.73481467 1.19036388 0.42531427 3.33157453
125 M 0 482 100 100 0.62494233 0.63083217 0.61734460 0.50255143 0.74584524 0.59167581 0.28545323 1.22640148
125 R 0 482 100 100 1.37699966 1.37346071 1.37346071 1.19385485 1.54209286 1.21689650 0.78743737 1.88057763
125 C 0 482 100 100 1.18215837 1.18062777 1.15538524 1.01889773 1.33145215 1.07352907 0.53239300 2.16468787
125 M 1 482 100 93 0.69322136 0.68779426 0.68779426 0.55563732 0.83031492 0.61112320 0.28545323 1.30834588
125 R 1 482 100 68 1.89092034 1.89936708 1.85875748 1.61548161 2.14759678 1.34787700 0.78743737 2.30719610
125 C 1 482 100 68 1.88822558 1.89936708 1.85875748 1.58977755 2.16878716 1.24819489 0.53239300 2.92639176
131 M 0 482 100 100 0.87309417 0.87238161 0.85372957 0.70643405 1.03629252 0.81153964 0.41219241 1.59778921
131 R 0 482 100 100 1.83743082 1.81901614 1.81901614 1.60136602 2.05086751 1.68430896 1.20329699 2.35760306
131 C 0 482 100 100 1.90408749 1.89936708 1.89936708 1.64035419 2.14562345 1.65222070 0.87426908 3.12241769
131 M 1 482 100 100 0.87309417 0.87238161 0.85372957 0.70643405 1.03629252 0.81153964 0.41219241 1.59778921
131 R 1 482 100 100 1.83743082 1.81901614 1.81901614 1.60136602 2.05086751 1.68430896 1.20329699 2.35760306
131 C 1 482 100 100 1.90408749 1.89936708 1.89936708 1.64035419 2.14562345 1.65222070 0.87426908 3.12241769
