MarkerID Chromosome Position Label Alleles AlleleCount0 AlleleCount1 AlleleCountX GenotypeCount0 GenotypeCount1 GenotypeCount2 GenotypeCountX RecombRate GenDist
0 1 304 . A,T 77 23 0 29 19 2 0 1.00000000 0.00030400
1 1 514 . A,T 21 79 0 1 19 30 0 1.00000000 0.00051400
2 1 1039 . A,T 99 1 0 49 1 0 0 1.00000000 0.00103900
3 1 1665 . A,T 98 2 0 48 2 0 0 1.00000000 0.00166500
4 1 1971 . A,T 98 2 0 48 2 0 0 1.00000000 0.00197100
5 1 2107 . A,T 90 10 0 40 10 0 0 1.00000000 0.00210700
6 1 2301 . A,T 99 1 0 49 1 0 0 1.00000000 0.00230100
7 1 2648 . A,T 95 5 0 45 5 0 0 1.00000000 0.00264800
8 1 2700 . A,T 99 1 0 49 1 0 0 1.00000000 0.00270000
9 1 2952 . A,T 97 3 0 47 3 0 0 1.00000000 0.00295200
10 1 3144 . A,T 21 79 0 1 19 30 0 1.00000000 0.00314400
11 1 3167 . A,T 79 21 0 30 19 1 0 1.00000000 0.00316700
12 1 3502 . A,T 79 21 0 30 19 1 0 1.00000000 0.00350200
13 1 3506 . A,T 21 79 0 1 19 30 0 1.00000000 0.00350600
14 1 4041 . A,T 93 7 0 43 7 0 0 1.00000000 0.00404100
15 1 4107 . A,T 95 5 0 45 5 0 0 1.00000000 0.00410700
16 1 4266 . A,T 81 19 0 32 17 1 0 1.00000000 0.00426600
17 1 4440 . A,T 81 19 0 32 17 1 0 1.00000000 0.00444000
18 1 4473 . A,T 99 1 0 49 1 0 0 1.00000000 0.00447300
19 1 4516 . A,T 99 1 0 49 1 0 0 1.00000000 0.00451600
20 1 4644 . A,T 19 81 0 1 17 32 0 1.00000000 0.00464400
21 1 4662 . A,T 99 1 0 49 1 0 0 1.00000000 0.00466200
22 1 4732 . A,T 70 30 0 26 18 6 0 1.00000000 0.00473200
23 1 4924 . A,T 90 10 0 41 8 1 0 1.00000000 0.00492400
24 1 6009 . A,T 85 15 0 38 9 3 0 1.00000000 0.00600900
25 1 6048 . A,T 99 1 0 49 1 0 0 1.00000000 0.00604800
26 1 6212 . A,T 99 1 0 49 1 0 0 1.00000000 0.00621200
27 1 6258 . A,T 81 19 0 32 17 1 0 1.00000000 0.00625800
28 1 6502 . A,T 81 19 0 32 17 1 0 1.00000000 0.00650200
29 1 6810 . A,T 70 30 0 26 18 6 0 1.00000000 0.00681000
30 1 7655 . A,T 88 12 0 38 12 0 0 1.00000000 0.00765500
31 1 8115 . A,T 99 1 0 49 1 0 0 1.00000000 0.00811500
32 1 8474 . A,T 96 4 0 46 4 0 0 1.00000000 0.00847400
33 1 8493 . A,T 97 3 0 47 3 0 0 1.00000000 0.00849300
34 1 8883 . A,T 93 7 0 43 7 0 0 1.00000000 0.00888300
35 1 9072 . A,T 91 9 0 42 7 1 0 1.00000000 0.00907200
36 1 9256 . A,T 79 21 0 31 17 2 0 1.00000000 0.00925600
