57166,4338,54818,6686,0.0033630069238377845,0.035806132542037586,8068.148056555749,21209.939978270577,17136.02289128331,16508.30839877404,17437.060763007925,17350.4066828467
81532,10884,83104,9312,0.020655737704918034,0.022868852459016393,21022.11959784339,14474.328557150402,15483.814526212054,16819.834889421465,16635.632446416934,16526.259163602044
65525,5764,62731,8558,0.0300617161059128,0.04917380051761895,22059.330538612998,14681.733127763224,12772.232884711515,16694.916174038153,17088.502059914168,16420.69520745519
48682,6074,49188,5568,0.00467687074829932,0.01636904761904762,17584.152977849317,12523.848723995718,14091.856915946088,16149.886536835782,17071.41266527972,16318.425755443493
78077,8948,77503,9522,0.026222971936819505,0.03918110719214844,25001.762126530684,19082.47781818258,16220.598433562704,16332.70196749539,16587.992386451675,16588.352758408975
77973,4396,75799,6570,0.0007093037002009694,0.013122118453717933,25779.42016817449,16853.32484801555,15207.148012542057,17196.118487681357,17214.65090667613,16370.233748537985
70688,6596,69681,7603,0.0008594757198109154,0.019123334765792865,39124.99280206357,13825.679570574972,14429.798356894431,16294.957519796779,16695.389483164552,16318.081750730847
87321,6928,85087,9162,0.01171573917064899,0.026668722059503623,11614.382096805035,11673.119820724176,11156.828103168376,14615.445790912214,15407.220374018054,15337.432353377037
75805,4284,73801,6288,0.0006264682850430697,0.017227877838684416,19728.46421286309,13114.52742108967,12399.837623380112,16577.966035629528,16423.90425883667,16044.002371909444
82483,9326,84288,7521,0.017599492627239574,0.021721896305692087,26338.21838066261,16576.143125976487,15974.445102336182,17022.663002054403,16486.03779068231,16207.49547567657
118227,12094,118780,11541,0.003383214053350683,0.00579050097592713,17479.134982280382,10214.993376329774,9068.253608014022,20287.514361952515,16548.618198382384,16810.840405262883
60177,6904,57636,9445,0.015793127386324192,0.024730996181881293,17324.865582305105,13262.273184470663,14527.65035040081,18943.67741035885,18066.63144146612,17306.226965140315
40086,3178,39774,3490,0.0008123476848090983,0.011372867587327376,26169.72262494421,17384.77272781777,16167.506456188288,16530.525578242057,16888.245172202394,16626.172453020095
72163,9062,72603,8622,0.014692207550678817,0.02334015250139483,15086.58121410479,12387.701283195782,13131.3420013732,16812.12029940958,16966.04882882082,16718.678949465208
62560,5040,60935,6665,0.003155569580309246,0.03187125276112338,15361.682513198957,16495.969502581193,15258.675883969652,18243.234269341974,18263.073276251744,17206.987291599533
89361,9864,90280,8945,0.007267321826740441,0.02043934263770749,18110.643761469815,18463.58381390747,16913.833077362084,17625.55454233432,18225.916382191743,17289.104220886027
62837,4244,61031,6050,0.006260671599317018,0.010149876683741225,13174.2987449112,16408.494058152188,15780.849798972953,18020.93462403488,17682.214732205208,17507.390411372166
45060,5116,45291,4885,0.0036900369003690036,0.008405084050840509,27299.957934215858,23162.13699963089,12352.848886892561,15661.428092818527,16179.58141369845,16244.596630281954
44825,5800,44595,6030,0.011210762331838564,0.02298206278026906,20411.64662676032,15452.200258401142,15107.38802643163,16887.611116492553,17131.78125157711,16512.0407351811
40644,5152,40443,5353,0.00481000481000481,0.023809523809523808,23662.95916744977,15327.138074001376,15440.48902234664,15930.165025288352,15996.470140642701,15814.357683842294
33693,3556,32778,4471,0.0007064641469445425,0.016072059342988342,25943.112035747617,23912.892447609705,18454.035639906968,15675.936347974604,16617.471839148595,17351.880004958603
42791,4298,41283,5806,0.005585344057193923,0.018543342269883824,20064.832535116275,18033.374904203465,14965.523162437496,14137.949844103461,15264.204204506646,15585.649395082037
68982,5002,67823,6161,0.0024091547881951417,0.05310178678980124,11212.502273834458,11075.681220572344,11953.807822119887,16479.982967434735,16951.283732229695,16814.73954339354
50302,5394,51071,4625,0.0,0.013173944864601122,nan,15856.94898389565,13241.041526623956,16885.76158639467,16780.729038381225,15902.28088362235
43975,4866,42768,6073,0.0034389584868582657,0.029476787030213707,20174.34577787374,14377.430164848909,14535.206748597077,16117.347768764417,16344.686013432192,16200.232520208114
49372,5384,48720,6036,0.004493787998942638,0.026301876817340735,24208.07468182075,18738.714293536294,14042.448262099597,16328.755530593427,16499.15883823387,16043.153378031644
126261,11380,124557,13084,0.0004874878128046799,0.027827429314267144,13075.949830058744,14475.041713898941,12432.841826782575,16236.95535501331,16984.16555429789,15330.186726109363
109954,9762,112344,7372,0.0035998690956692485,0.008290607614268572,7789.080224845503,9260.619155389391,13102.0280154416,19317.476151126833,17261.632815335815,17150.320258132127
36174,3826,35622,4378,0.022254127781765973,0.023151471643933955,22746.12454320493,17500.422050907262,16030.228960481389,17506.76198322325,17275.417905334292,16889.434347958897
57083,5918,57852,5149,0.011675824175824176,0.015882554945054944,23543.946984637038,17134.62855347191,16048.344573330764,16121.376187659196,16750.05729691983,16442.560432559632
29425,3336,27985,4776,0.0016501650165016502,0.03217821782178218,18025.06981580192,16787.577452142774,15844.725861457295,16071.922007710706,16101.231354822254,16229.996544419262
73805,6284,73214,6875,0.01033505584264044,0.027754625770961827,16596.07896825319,20061.7913788322,14612.095293277873,17084.429583652276,18026.678324579258,16557.55106861606
48694,4206,46944,5956,0.0037025609379821045,0.02267818574514039,13620.843520309136,12610.852693552037,13027.11729456258,16080.376309219668,15976.236659477316,15998.629736036846
63907,7382,64663,6626,0.0075657272555324385,0.030168337431435596,16724.078567042125,12486.972534892515,13044.44067878359,16624.495613416315,16997.784701522854,16601.58941280756
75833,7688,76462,7059,0.009789702683103698,0.01531907179115301,19227.894757469094,12791.011539508847,13290.289244265154,16455.348526581496,16386.534156872607,16629.631978152127
46442,3734,44502,5674,0.010635320458998041,0.029107192835152534,14907.6106085157,12780.180919765216,14468.627879762116,15922.330102260532,16955.869096569393,17239.750104786475
52732,5832,52199,6365,0.0008247422680412372,0.0111340206185567,32389.867325178282,12313.858747769997,14899.84398161787,16654.775146282318,15919.518023591616,16117.088964578874
43726,5558,44583,4701,0.01758530183727034,0.012073490813648294,25413.636760618203,20146.714192704145,18205.55538661437,16845.76353299622,17300.718218263242,17206.168023714927
86217,8032,86328,7921,0.009845701689933872,0.02233651726671565,23319.063049141125,14962.888451319532,12997.619948910988,17976.95779080435,17367.56266936452,16829.847633865524
61802,6842,61635,7009,0.004310344827586207,0.025233477011494254,25203.429769793915,16952.721100568455,16279.67279208224,17087.978937017433,16781.41772575685,16778.060020023244
49648,4176,47624,6200,0.0002244165170556553,0.03130610412926391,16384.069516789168,16970.125172273965,13805.022165079617,14819.821411785677,16443.395814865544,15446.535232842589
58232,4268,57101,5399,0.0002680605816914623,0.016753786355716394,11592.651479788405,17563.018451069758,15695.21168200673,16852.465985927083,16544.65302961616,16144.810377644064
79926,12490,82593,9823,0.006437474318586495,0.015819750719079578,20021.1558537985,10843.871626981574,12525.175522708678,15601.146343371964,15724.664475908632,15534.12102652563
52788,7728,53833,6683,0.001113895850737956,0.02199944305207463,6947.560183725169,13114.882289479667,10834.58304903901,15789.484050050489,16429.681159636308,16488.58310492804
56330,5174,55525,5979,0.004305705059203444,0.00581270182992465,30160.10533760772,13348.614814141043,13419.272003121681,15929.316360388004,16178.060652825681,15705.383838015885
30959,2530,30463,3026,0.0,0.008552357113057988,nan,16868.0522034845,15228.638809672177,15655.070832410225,15515.633453928876,15625.441792973561
78523,7326,77793,8056,0.0036807438977140643,0.018016272762495157,28741.40601597689,13454.22638099233,12210.513462206653,15934.113732361253,17389.060767875577,16669.990958565835
66103,5186,64109,7180,0.0,0.018753044325377496,nan,9362.51150633525,12144.893487999418,17816.552757620793,17338.874722491724,16402.693348722554
66072,5752,64849,6975,0.0006769564040075819,0.025115082588681288,18845.76511575078,17245.36635560072,14507.098902579588,16367.164191225585,17002.296845876936,15820.787828248958
61589,6532,62411,5710,0.0011988610819721264,0.019106848493930767,13995.34989126604,19602.34475644035,16234.572385383031,17105.351784043916,17817.12672979271,17325.206942126475
75800,8300,75615,8485,0.019405450041288193,0.024910542251582714,19448.24411569589,13133.422368538231,14311.592089622687,17098.434736858548,17001.94172943704,16238.667316303094
74497,9024,74702,8819,0.01529998280900808,0.01942582086986419,25093.99614940143,19113.479374893453,13611.164553228082,16802.726605538483,16988.968295878083,17041.259248997332
33008,3856,31469,5395,0.0,0.03163390663390663,nan,17945.42640873892,15673.070232460574,16099.808313949921,16918.145853873604,16074.142822464088
74000,6656,73799,6857,0.006896551724137931,0.013146551724137931,12788.937211757016,8438.411293994475,11854.496277259554,17659.281574681423,18482.133942369914,17152.97776767913
54094,5442,54393,5143,0.0,0.008695652173913044,nan,11786.788630618352,11860.748207894087,15563.125527778077,15386.207269707164,15692.037210499508
156131,17758,159343,14546,0.004738788719371244,0.022018030513176145,8741.425076556536,9166.902559609583,10303.726336386319,17310.249615207926,17293.947169484203,16546.155425761553
58362,6154,57546,6970,0.0024410089503661514,0.04548413344182262,21773.830050978864,13463.843579688335,14234.200078898992,16801.644349524813,16128.281727220248,15808.18154341332
56697,6304,56751,6250,0.0022667170381564035,0.02313940309784662,26787.943035051623,13946.0702400238,15488.082115354366,16922.503407599077,16524.36817368406,16262.168535370174
51821,6260,51944,6137,0.005148741418764302,0.015017162471395881,14752.544276343115,11655.119861178475,12975.262148771175,17226.99605648419,17420.94813104035,17018.77645567748
70875,5854,68182,8547,0.0032060623724861556,0.027980180705333722,9645.19538735674,9016.220296570604,13179.292704827785,16605.75003705925,15535.373488336363,15492.832245755688
60121,5928,59145,6904,0.0023715415019762848,0.019499341238471673,17570.36389921542,15328.052532605254,13744.052927770683,17538.870082340694,17389.216794100783,16903.384481389767
65750,8234,65175,8809,0.004425630171252646,0.01539349624783529,25913.131946748734,16528.721821469437,14993.870325281752,16694.490589463923,16767.74752708096,16766.930549296365
75169,8352,74678,8843,0.04137323943661972,0.02579225352112676,24263.550231558187,18598.64756143475,14217.989235764691,16835.045381062202,15908.033049003798,15750.232989303102
64204,7620,64621,7203,0.0017889087656529517,0.013814351023653349,9827.699725898292,11003.403630368244,12694.704544621442,15388.426849802257,16799.13417127473,15308.260168984649
65313,4912,63744,6481,0.0006366723259762309,0.010611205432937181,15609.888628672992,15928.816274889628,14951.17830725445,17144.791694891832,17333.695120188004,16369.904070454995
54588,4948,53697,5839,0.00981675392670157,0.013907068062827226,21431.84090808859,16132.437531035102,13148.67539280087,16225.605030677905,16144.189210393291,16173.299059466315
38639,2570,38132,3077,0.0008476970895733258,0.020062164453235377,13695.671943792911,11702.660658978342,11389.856829457534,17654.718090706694,17875.55128980644,16500.399932198667
49568,5188,49107,5649,0.007112068965517242,0.016271551724137932,25696.978467217494,12344.330053188462,15266.311155898422,16474.793928568357,16501.147574563936,16492.933097322737
52784,5780,53059,5505,0.0027137042062415195,0.02103120759837178,23079.313126109344,12315.645224155478,11434.712600703797,13381.05021100943,15661.896897436138,14099.112628506486
42857,5984,42743,6098,0.0,0.02237354085603113,nan,11958.135368589812,14355.217371314226,16239.291945363158,16308.86356597958,16719.84078653185
54151,4898,53719,5330,0.004791666666666666,0.007604166666666667,8806.3750278933,8528.344223188213,14157.910115929646,16800.29653413703,17417.74893272935,16510.847397077974
89851,11910,89222,12539,0.05973601850591917,0.03218124914954416,23770.761742536226,13701.916479506106,12698.15507055061,17804.52150654789,15818.358623585458,16832.733524685857
47843,6446,48873,5416,0.002617801047120419,0.01963350785340314,30173.02143671185,14454.197949651865,15212.069953725357,16469.306196332735,16632.19803086467,16404.40077343775
43829,5900,44743,4986,0.009574052364204768,0.014263384134427511,14706.484890483553,15461.956470942827,14949.128380093945,15859.51605606016,16207.197993566602,16003.038988550605
80797,8604,82219,7182,0.0004343576935606472,0.0028776197198392877,24294.168041866422,16918.3484375541,15060.970718582465,16749.759937534793,17471.509376679085,16445.005771339274
47264,5636,46286,6614,0.004697986577181208,0.049105145413870246,16343.008723494053,18184.58193101696,14889.521972903882,15369.306500372399,15929.237786527348,15498.194402546347
48674,5150,48608,5216,0.03452311293153891,0.014335868929198362,18521.885211202312,17219.50733831249,13696.904567642838,15180.36607878536,15579.806706836132,15541.467755641177
57357,3652,54045,6964,0.010018367006177992,0.023209216897645685,33910.7280312509,15257.414956038603,13936.53700682117,17864.41225433912,17587.438168164408,17429.01423798911
65573,5716,64717,6572,0.001967535661583866,0.029185112313494015,9029.035745364816,14632.149386552563,13956.621464895192,16201.74266425886,16209.31116383004,16400.699718515134
44069,6556,45220,5405,0.003945885005636978,0.020574971815107104,21142.894945298158,9403.802796010856,16946.633730592417,19238.123647595585,17758.804840236568,17574.186517280687
61698,5902,60681,6919,0.012336719883889695,0.023403483309143686,20929.498035399058,14621.677420608232,15435.121422090597,16409.357393971037,15943.214577068,16417.593384148717
59319,4690,55676,8333,0.002097535395909806,0.01546932354483482,19613.262697561688,17509.39592690803,15086.95221961487,16731.088197963076,17359.503174557536,16852.607457493115
46786,4290,46203,4873,0.0026231419411250363,0.01486447099970854,21565.369173084186,18648.185426290864,15633.170929085305,14413.964288195468,15580.208976207323,15256.845432096456
36521,3880,36733,3668,0.032589621459012286,0.019804462271245927,23174.80505486537,17429.76730543389,15224.312470834793,17071.328394349282,16858.13920667474,16179.641558762378
87348,12508,92881,6975,0.01094834232845027,0.013030069390902082,22763.37892413105,13819.485522421346,13463.575044805368,16946.278563653348,16792.571755619065,16779.0887455304
58824,6712,58931,6605,0.011123787792355962,0.014689104392470051,24752.26320592185,14852.602447334817,15558.28252221919,18599.693514172664,18698.035428019564,18396.96747350252
65387,5902,64170,7119,0.001358080579447714,0.010185604345857854,14015.456081739376,16389.877104870568,16738.28377453966,16154.249641492928,15756.213427386938,16428.033918750396
47406,4578,45220,6764,0.010235131396957123,0.03319502074688797,19506.982917757552,17807.92893266834,17637.478989801577,17036.91365280439,17234.410655695585,17041.258626577506
48043,3486,47041,4488,0.007172353836122582,0.03216692023473158,18891.095057556377,16374.456441924389,15670.312449518015,16850.719646202848,17215.426896889316,16818.10157379614
31494,3102,30340,4256,0.00448796409628723,0.01040391676866585,31942.77092622936,20247.248028810922,14629.161711897454,16613.95791703449,17092.342232412055,16791.14567987694
94646,10330,95560,9416,0.007586206896551724,0.02004310344827586,17233.936639099855,15712.085392854957,14953.998322756224,16157.251851992256,16810.123872246604,16132.73674154703
68673,8056,68518,8211,0.007923128792987188,0.019892110586648686,19686.520083587333,14134.537370648046,13858.906729005295,16555.550828769345,16750.798728217094,16748.25295680477
29725,2316,28286,3755,0.0005903187721369539,0.021841794569067298,12782.360275741667,21940.650786740945,16222.732031615837,15937.121465590588,15487.617859263533,15912.845880891004
59067,4942,54076,9933,0.0014391077531930203,0.019427954668105773,21408.22191510152,18773.35426118318,15379.44552473592,15912.47334496461,15532.667534586732,15460.099843448967
75839,8842,76438,8243,0.004341031429067547,0.01771140823059559,17990.008158141674,15695.75762255641,14591.360231336601,16007.194520134957,16550.06417163537,16126.412414422826
61023,5026,60447,5602,0.0025974025974025974,0.013105076741440378,14772.883856134336,18555.90970623978,14650.029099424022,17016.05287482374,17728.651396604186,17303.846477888423
90823,8402,89986,9239,0.012117576484703059,0.011337732453509297,23899.065033947,13413.124380919038,11489.005375650124,20920.24311391697,20192.53973040509,16837.72930671448
100499,9062,99218,10343,0.0035669324381032313,0.028745279060008393,26067.110505818622,16400.69346769193,14520.436316179947,16265.28632604097,15890.215466101414,16108.30242017757
69503,10586,72547,7542,0.01777921448197834,0.02715370939065783,13417.095048011399,9107.55998778067,11426.788977945656,17342.89286580773,17572.62324643679,15816.97534434953
46971,5470,46841,5600,0.0017844396859386152,0.023733047822983584,7306.935060441637,13534.08761742468,14960.479385413522,18279.89026002117,18279.57065234,17907.323095402196
45410,4766,45465,4711,0.0004862630683199611,0.011062484804279115,17316.9339999454,19077.76622563006,15263.14280708863,17697.270218648042,17399.556011130924,17375.07342419398
35452,4548,35494,4506,0.0038181187087816732,0.017528635890315863,21801.950775788944,18494.529809617914,13803.989218211329,16514.24100626127,17061.096481641267,16720.19836775248
105167,16634,110293,11508,0.013447828904731044,0.0368600129617628,12822.092538810246,13167.178950335207,14317.730066164444,15616.41812647496,16088.368726583432,15698.281831044531
61710,5890,61382,6218,0.0042,0.027,18400.8389815395,11484.610465934069,12907.615445831681,18601.781171715083,16663.54321579328,16526.31995075549
55698,8818,58055,6461,0.01503957783641161,0.006860158311345646,25541.97477201183,14459.858204451815,14480.504347604014,17092.71482581929,16861.75716191892,16446.2228943231
38059,3150,37351,3858,0.001638001638001638,0.0085995085995086,31934.31303508982,9669.351418684979,11092.98354325521,17169.00347154127,17126.561924138714,16380.340434425316
39635,3214,37990,4859,0.026126126126126126,0.05157657657657658,27849.777886423377,22782.473238361028,16205.321097358481,17619.84025232919,16690.330965420315,16518.183263644856
62963,7262,62805,7420,0.003163444639718805,0.01836555360281195,14694.686294174819,14000.126980331052,15123.989120859851,16322.641120061051,15474.049714204239,16735.615398205107
85047,6762,84752,7057,0.0035778175313059034,0.023255813953488372,21582.440528130257,16998.740522957385,13367.376437513454,17214.945431196018,16805.05576926893,16121.069313465176
60693,5356,60433,5616,0.00031441597233139445,0.024760257821097312,5467.165422829399,12119.77623308371,13546.61007000935,17103.1758904522,16941.438212070872,16053.011335985275
63248,8576,64069,7755,0.007461294534601754,0.009606416713299757,20579.343919366045,14892.43333352829,12728.44909123361,18446.793705683012,17724.0321455788,16999.769776647645
91305,7920,89388,9837,0.006721662083715246,0.01924839596700275,14330.453324386755,13075.099731986798,11699.718222362491,17835.025916635324,17090.771247042107,16044.079825914452
31886,2710,30082,4514,0.0,0.017178362573099414,nan,12678.266557074008,14980.802512341337,17274.529777014188,17230.128446348306,16730.446419094027
77208,6892,76528,7572,0.017165744802593936,0.03337783711615487,17802.945099620272,10822.593133531582,11459.534769815327,15804.626937323603,16089.94108030025,16485.04166232004
84735,7074,81485,10324,0.008635578583765112,0.020610247553252733,26992.763169918,16717.902033370257,14824.124372305321,17555.18043269911,16285.558888986146,15865.702590701667
30076,2324,28958,3442,0.0,0.022634676324128564,nan,12417.398368261089,14827.45085245284,17572.664538331435,17057.84735179678,16418.657773416147
32736,3364,32032,4068,0.0017277125086385626,0.0248790601243953,26621.55166514276,22002.450986161264,17022.796356480678,17556.01563545216,17315.755608160318,16603.4515223353
42016,2084,40602,3498,0.0,0.008387096774193548,nan,19202.04046819549,12890.260296040136,14624.11332849219,15978.262189000896,15198.21717879602
120282,18102,126679,11705,0.002404274265360641,0.014470169189670526,16357.761527069959,10903.98120189522,14029.552481565168,15794.637896688182,16054.8545395342,16188.879478902893
82284,5332,78481,9135,0.0031232776042623553,0.009645416130810215,34428.119482855116,26521.34028367008,16228.50624290732,17004.675192957377,16773.762674535308,15650.253436384482
29565,3196,28308,4453,0.0161243881370573,0.02548229196659948,30445.484731590102,23966.4009061192,20902.57909436701,15677.517738611248,16315.66225063519,17690.087857420127
29922,3202,29125,3999,0.0,0.010549558390578999,nan,15101.72655384788,15822.6174982466,16331.190848673907,16779.69534393216,16661.92652477946
59973,5052,59335,5690,0.000188040616773223,0.044941707408800304,23693.37566943686,19263.881237691534,14814.948442223094,16660.107033278608,17304.32730397476,16287.786452794535
46021,4604,45127,5498,0.0005422993492407809,0.015997830802603037,20955.921953766556,13336.20984649025,13773.34105189419,16732.14585219032,17096.272447506075,16120.714759861534
69485,7244,67699,9030,0.004920805781946794,0.019760110718130094,22507.14347777922,18859.948360660732,16505.966425226918,16918.706043634647,17022.822624637007,16904.190918080454
100010,10214,100878,9346,0.020180383314543405,0.01358511837655017,16440.177310456314,14426.10905254635,10952.828862766308,14573.939538972658,16226.676680952665,15224.227217769161
93213,7276,91817,8672,0.004905395935529082,0.043841976173791174,25120.03555358352,16873.12985861771,15923.433518981925,16069.815082151701,16620.669615382547,16512.112644298784
32457,3264,30832,4889,0.002654867256637168,0.047123893805309736,25031.300930718247,20190.590526710235,16365.21156102469,17288.72463275509,17380.436070863798,16451.730973570295
121713,11512,120801,12424,0.007756710169908889,0.02911844373307067,12724.016998714858,11420.825016452176,11553.21841215029,17683.575146218904,16895.622793244973,16750.486278764598
38418,4018,37441,4995,0.0008852168781351431,0.025523753319563292,20225.492842299307,17915.400047438216,16770.797133656164,16894.336196615655,15828.49432342276,16454.560958500388
42315,5646,42409,5552,0.005957108816521049,0.029785544082605243,29407.666894062113,15772.549034927375,14948.838451221976,16240.32843385603,16137.62387190478,15828.160606749572
68077,6452,68583,5946,0.0033020507473062216,0.024504692387904068,21353.178129432305,22309.06149009155,15058.793608036438,16778.42977998931,17492.70541928156,16601.442231166755
70282,4794,67893,7183,0.002257700370907918,0.021851314304144494,11175.204417055951,15666.459036239798,15845.636807468207,16844.385384635163,16897.01829089589,16622.46444244136
59301,7780,59905,7176,0.010825043885313048,0.023551784669397308,18960.06017730117,17177.520325723377,13442.087616370733,16686.435007248278,17384.414709642966,16854.527247195503
59281,4728,57761,6248,0.0,0.02579225352112676,nan,13699.293955647154,13286.011542250668,15558.6245995173,16309.170773212787,15667.396279814782
109545,13656,110998,12203,0.00818066597534278,0.0197027307293467,19283.525092360902,10829.341937576173,13959.350459522122,17998.97257066123,16895.37711307458,16812.65119271009
39776,4324,39989,4111,0.009210223347916187,0.013585079438176375,30319.409678194945,24015.180792603795,19124.918240801235,17397.83425931529,16390.664864007267,17726.10089443643
75946,8154,75808,8292,0.006250930197946123,0.021208513171602918,17870.32272944394,15411.140575329744,14737.75910223169,15781.17460105361,16156.042985727734,16011.307491810398
56791,6210,56423,6578,0.009169363538295576,0.03303667745415318,16093.008617537202,11983.911996756002,11255.897933110471,15851.53687883951,17957.29646205922,16899.597048628155
60786,4750,59860,5676,0.005853821709315939,0.019150359591905,25038.691237274812,14067.28846601204,14331.562088943336,16514.219694787538,15877.615758621174,15748.23503074636
50468,4288,49874,4882,0.0,0.016367265469061875,nan,17933.203242967036,15756.71167110928,16494.77900259739,16557.34655477726,16396.653088174342
86382,9718,85411,10689,0.0013529511246406223,0.01226111956705564,29768.00640162864,12544.572730744829,13632.251213592137,17290.70795051835,16630.69349753116,16441.97464303344
61580,8116,62949,6747,0.008484609313338595,0.015292028413575375,25609.07003186304,17852.49012000654,14784.375181920464,17279.969505503337,17642.292087714337,16916.448050739265
67050,5850,65534,7366,0.007199424046076314,0.047516198704103674,11877.895846076635,16741.864109102145,14284.85708043033,17008.618423429576,17444.168430336886,16388.666093737113
37993,3216,37087,4122,0.0013875123885034688,0.03419226957383548,25276.01300806843,20593.666025233582,18150.911974113493,17814.131110687347,17679.06528655549,17211.249968945347
72115,5726,70643,7198,0.017068864037669218,0.0272218952324897,23509.103205740183,15065.924524753083,14094.139446417345,17120.701194291658,17769.75537757927,17254.121489646182
34329,4480,32817,5992,0.010452961672473868,0.0195993031358885,24648.97309697795,17649.05724946715,15792.517638728432,15305.824130835757,15540.730435188201,16098.058142936627
111277,9132,108941,11468,0.00030349013657056146,0.019119878603945373,25977.343166260678,15798.02207344171,11924.640225118286,15042.523288450247,17161.28897131999,15902.525944866436
103785,11136,102499,12422,0.008483405268641166,0.029691918440244085,17948.10636195705,13327.340262266156,12410.794582372346,16397.028478522603,16386.986758134004,16289.770969835727
50097,5128,50037,5188,0.0010799136069114472,0.0062634989200863935,36731.5596230415,11404.27377169827,13861.103345747082,16517.549574403547,16719.872236458606,16167.51483892082
41480,6044,41407,6117,0.0027924294135898233,0.017840521253490536,9813.269016845099,11361.734176998754,13049.625182549631,16833.94355295706,17582.188434488304,16891.709494082632
32614,4250,31099,5765,0.0024600246002460025,0.006765067650676507,30477.73226427859,20097.955939049705,14809.876977274538,17099.435808274236,17018.67206443535,16188.184087795717
72815,7274,72493,7596,0.0015723270440251573,0.04213836477987421,13657.598381424503,15652.31352395246,13125.867708157944,16373.078762580106,16382.730200637683,16032.914438477317
72466,11634,76417,7683,0.009812360130831468,0.036064727147529695,23800.660526839463,18112.753533887757,13774.600722370074,16013.523878871132,16129.627141713181,15777.853371695837
48679,4682,49015,4346,0.0,0.034679443303673285,nan,13291.764011765652,12479.523505328318,15958.889016062561,16089.621843895273,15545.711311518913
57021,10060,59125,7956,0.003274513370929598,0.028742950700382026,20667.123673479997,15848.24279351474,15608.736687924773,17026.353452435782,16455.08321197613,16436.28048015481
86066,6350,84663,7753,0.001154334526145677,0.018931086228789102,23722.02246237317,13034.34115545486,12601.44704373178,17098.210742243,17973.60450811154,16256.829897180032
32254,3846,31187,4913,0.00033738191632928474,0.033063427800269905,10865.366256429505,18984.681743710455,16513.908456667865,15230.995372630894,15579.966385169595,15810.882270165546
94692,8992,94984,8700,0.008939974457215836,0.020479839445356685,26777.124162185326,17274.878204933222,15636.403914024379,16424.577633974273,15610.52506779156,16023.497759184595
132391,12770,131993,13168,0.009005114905266192,0.012138894892298826,17580.373984506317,16183.834291302845,15871.06722213497,16218.285066745206,16535.61661635578,16267.775777002766
51025,4200,48663,6562,0.002006305531670966,0.02292920607623961,6057.417449219264,12546.807726974415,14094.305739513426,16651.736204214812,16418.38968396916,16279.814575734526
42008,3788,41399,4397,0.010615199034981907,0.02255729794933655,26149.383096716916,15047.741250339373,16082.212910775263,15716.990654386816,16201.654697184451,16211.664620902075
82391,10634,82861,10164,0.028720944383594987,0.029268589509553366,26399.12940334933,16565.264558417577,14843.932214712357,14968.821260233968,15322.796455091071,15593.942031237204
38960,3476,38610,3826,0.01224246043595103,0.021946849805912213,22113.445118191812,18246.361423383143,14558.321224708201,16623.915056603226,17388.151795971,16289.204993019372
53154,6382,52554,6982,0.0024995193232070756,0.019900019227071717,18527.659735440444,16669.01524218545,16964.842853196726,17160.46474805799,17494.35275500429,17123.02792584793
45321,4408,44273,5456,0.003996238834038552,0.02926657263751763,36344.48649287144,18003.43160559895,16118.440941842877,17503.137065249357,16935.008068405266,16120.251827521952
119322,11722,122783,8261,0.003864643227448393,0.017909322273541334,20100.21163626999,12168.400347825267,14162.708809397473,17110.026171897032,16723.792202470635,16934.32451090416
52349,4772,49779,7342,0.002369668246445498,0.020497630331753555,27996.338966421183,14058.270548417362,14428.58916465933,17671.909480113078,17468.468789031842,16988.40990700754
71153,8936,71923,8166,0.0075610282998487795,0.015662130049686758,26415.932575163723,15215.779211453493,14088.330555501541,17191.57494250643,17613.791292477763,17142.07997940243
43642,3882,41130,6394,0.0,0.034664116662682286,nan,14209.28679128633,14310.167372553162,16075.627482992428,16181.4526341818,15940.874713968731
94853,13388,94467,13774,0.00611387084447841,0.032288880397401604,16904.247261861496,15025.967238809017,15336.443191763026,16495.782161805568,16649.012012943243,16037.333942759416
61270,5294,59467,7097,0.00831551437396056,0.02744119743406985,22671.582186848103,13253.112426772226,14676.545055076836,16788.003954226508,16683.095371738884,16370.56949838245
121279,10490,118250,13519,0.012613170316489978,0.013541747272305192,18286.090276982948,16886.4960780125,13578.756433994093,17709.64993161208,17435.897361084524,16595.130489995798
56648,2888,53383,6153,0.012774010408452925,0.020186090521999683,31060.608282505855,19259.6408378986,16865.35943649375,17739.55837034666,17065.83968713419,17336.313336766387
60775,5274,58747,7302,0.0022119815668202765,0.01152073732718894,8604.721161838701,13164.879396968488,14779.14742566131,17475.20010545443,17851.529252374406,17060.252787008583
57601,7424,58857,6168,0.006128953174797744,0.019857808286344692,25336.239795104386,14069.182611867831,14413.910250674224,16350.721579212177,15895.30405140588,16010.621610796707
52785,4336,51446,5675,0.0,0.023763894212341895,nan,16233.348973321323,15409.738100706132,16673.64087757544,17081.885572014817,16134.600169277153
33116,2984,31749,4351,0.00322234156820623,0.03276047261009667,24739.40172691288,12192.056185573416,12996.614135672115,15550.874668204515,16067.086226473497,15421.258288800227
64153,6072,64537,5688,0.0017311021350259665,0.004731679169070975,13597.413719271739,16517.563159952868,16010.56176523742,17331.836256399885,17872.5162490449,16078.395917109048
55887,6114,54863,7138,0.006300238974581794,0.022268086030849447,27274.034868370585,16001.318842016633,15813.406558815772,16511.25993225357,17024.330846912628,17092.463793461062
62856,5788,60755,7889,0.006091006807595844,0.024364027230383375,25141.81452681095,15253.936596151807,13992.346785167598,17661.417020106317,16723.820945483403,16883.552081151836
90660,11740,90928,11472,0.008770555990602976,0.02192638997650744,25568.252082084415,12901.226618010272,12027.690659506672,16954.33604101698,16368.260686742482,16125.06964805844
70895,4730,68709,6916,0.013582614253755194,0.017417705337168424,21650.732774076656,15347.98109238121,11805.79600076177,15249.147814274089,16148.09887524715,15002.158616357665
47637,4804,46235,6206,0.004342017368069473,0.012024048096192385,14284.895179314472,19441.240895207604,16201.223150430178,17016.240693454263,17433.204070470158,16884.998678018786
58022,5482,57786,5718,0.006186726659167604,0.02671541057367829,13349.00623835219,19955.110687578992,16908.861144373743,17292.975226927967,16897.64028669793,16498.935741648267
65169,10456,66251,9374,0.039956996953950906,0.01308009317326644,26638.00692553777,11609.097642027724,13313.804951952243,18040.380188894436,17918.6113646473,17407.236002673606
103681,7208,101580,9309,0.0018404101485473905,0.010648087288024188,18648.86650884189,9751.244924751443,12680.655594473437,17281.792802614797,16692.941210900313,16241.778296053897
43246,3410,41994,4662,0.006811145510835914,0.024458204334365324,10372.65644411046,11671.316688107403,11682.069066210861,17697.820586973598,16621.385892901337,15845.825186740527
67083,6358,66329,7112,0.0012843565373747753,0.02132031852042127,21654.09838296159,12645.068112941057,13128.765792832593,14882.874082024666,16857.649614548453,16315.274943076438
46581,4948,45817,5712,0.0022966507177033493,0.0323444976076555,22687.89336440783,19122.20795049943,16697.5664955646,16645.696680792284,16640.56719685738,16381.628637981226
59276,5240,57782,6734,0.003523884103367267,0.027864787261811536,24973.483446265072,17388.242044314648,16332.95516372583,16608.366487396055,16661.625287400053,16566.433387873636
59380,6156,58732,6804,0.0017290160326941214,0.03175102169129205,13449.419984577708,15381.408986150254,14704.885127117179,16727.6341432772,16719.151186305993,16305.834541435252
106236,3988,101801,8423,0.00017930787161556393,0.022234176080329928,32167.759602488335,13161.639992973256,12119.366443674242,15768.426458601072,15533.246720578529,14796.076733996413
63095,8194,61963,9326,0.0061609549480169425,0.013765883711975357,27386.462542992795,13519.595619766513,14173.239937834605,16460.999642136812,16703.01658205379,16346.216572480038
102159,6082,99209,9032,0.012009398659820729,0.025106605169262903,24019.106803961313,15528.678787988141,14389.38344783592,16480.651206254668,16762.64245045236,15545.658111590683
68915,6710,66695,8930,0.031786627694556084,0.03671903544026306,19549.33866410771,16211.836422980925,13192.556625826144,16093.716662602574,16888.643692498077,16534.823795657303
38418,3198,37718,3898,0.0013351134846461949,0.028437917222963953,23280.95201340738,19476.44765124113,16870.10106948635,16315.23454979398,16919.85471865203,16537.13018696487
60047,6002,59337,6712,0.002921535893155259,0.019407345575959932,17114.7830290082,16583.253095571417,14025.916161210449,16052.00229470766,16406.21971477169,15885.28143705875
74445,10236,75923,8758,0.056481172942352546,0.029240253248917027,23971.458341086716,17371.952183167945,14255.279331243746,17825.782183925403,17408.317221250814,16681.31375954441
90216,8380,89326,9270,0.005627344726969571,0.03225302209253856,26629.735942065057,21932.821043053886,15953.246829128311,15105.293003880483,15712.160167518034,16855.36541622124
63767,6458,64013,6212,0.014801915542011318,0.029168480626904657,17407.84655815908,11276.893712018764,12412.930573427511,16897.4143439263,16888.6119487281,16422.269815364245
58156,5348,56833,6671,0.0016671297582661851,0.01611558766323979,28549.27823485257,12573.41282951755,12956.75491626884,15363.763539350888,16436.29382234441,15933.719116979844
69091,5438,67437,7092,0.010746021905352345,0.02634841909485431,8974.940862029072,9603.863276593747,12199.817443406204,18015.464333168897,16163.003524280377,16067.934398482957
78529,9680,78796,8820,0.001705653021442495,0.023148148148148147,35541.21448988333,12432.689230166505,12912.250148011564,17725.649793431458,18354.477806546936,16809.124096976087
53168,6368,52153,7383,0.0018590816136828407,0.017382413087934562,16525.535484529868,17759.671772186608,15909.46997235888,17741.282319486065,17417.493925237442,16826.31575291882
46014,5062,45455,5621,0.00697612020391736,0.019452642876308022,28356.64532638532,13937.553413967287,14822.6436352069,15912.150013964916,16059.906615030934,15944.355614781132
64666,6090,62991,7765,0.010285511615534669,0.03351658095406987,13433.901734197436,11120.402790216813,11628.296214871925,15851.264752993517,16243.029051668966,15651.390311873103
43825,3264,42881,4208,0.011137011137011137,0.01618751618751619,16762.926534519356,13325.875620062661,12845.166423536428,17516.124624530574,15770.146846385407,15880.010261410316
41444,4352,40987,4809,0.0,0.02400408580183861,nan,18977.02352877889,14922.99366674405,17062.924977952483,16659.723650689117,16816.764978814743
96122,12778,96366,12534,0.0016454134101192926,0.02946318387494858,14418.251240979447,11664.312388201526,13799.485150558501,17662.314373976686,17843.37467906937,17275.246314012362
41031,4338,41221,4148,0.0015590894917368258,0.019800436545057688,23016.553994324793,13932.467557818985,14586.576530829054,17678.64917013958,16836.78874321451,16675.007707203717
58943,6082,59072,5953,0.0,0.014067671938212577,nan,16998.518976051248,16305.003426819048,17584.84564318396,17568.064317231667,17284.937114289547
63802,5894,64541,5155,0.001595287765369984,0.01595287765369984,20208.456374869085,19345.55861688961,15825.14344522361,17287.64228341396,17156.577705794098,16381.157359394536
48501,7668,49726,6443,0.000485319097306479,0.031788400873574374,26008.74129354134,17279.743565921366,14728.659453742912,15874.616106915539,16443.76487219859,15942.491970585928
44177,5552,44461,5268,0.0005445140212360468,0.01197930846719303,39061.0016180877,18363.787050617804,15798.794521899768,16844.28470857924,16423.415592400204,16075.660777079931
68883,7846,67622,9107,0.0008435259384226065,0.041965415436524676,19213.61000134455,8964.802761609193,10603.996078759894,16677.83894005343,17030.862059093506,16338.43815886165
64121,7168,62560,8729,0.0037633284549445953,0.016203219736567007,14306.541338471821,14796.625346473276,15391.212316917849,16527.805232946856,15647.974335482015,16456.708960067368
85641,4960,82613,7988,0.00044169611307420494,0.01420789163722026,17933.562562570816,13181.6180420733,12049.687678024195,16687.548511911584,16511.497959136017,15411.64407280844
81559,11466,84029,8996,0.011777992900935785,0.023152629880606648,10076.50103866039,8722.420628963522,11871.413550076544,17100.0630585163,17030.076412565028,16254.053350103624
49461,4828,48903,5386,0.004308160162189559,0.013431322858590979,16115.805365216418,12414.972638728157,13536.621562585413,17205.153756643358,16581.309384878088,16708.50655398018
38802,4462,38858,4406,0.0008588605782994561,0.017606641855138848,13678.311877378435,18882.22277526532,17158.29371658435,17060.757013345275,17561.815960125426,17309.780089774908
77627,5894,77790,5731,0.005639703512729617,0.017321946503383822,23600.792031712503,15508.880749380402,13562.039900519381,15500.421922410205,15403.367047179278,16363.743998038255
46051,5478,46767,4762,0.006408734868264894,0.022905293140280086,27958.67815607169,18553.223704502263,15117.706125809538,16788.260626815783,17672.17280828326,16646.538482484197
45707,4022,45689,4040,0.0016602102933038186,0.021306032097399005,19237.368904767616,16223.09475562251,15499.648993566276,17156.175693887522,16632.414826672833,16913.510026539636
55322,6182,54958,6546,0.009150991357397052,0.017920691408235892,19791.812570042424,14538.941057972734,15219.94039429798,16765.561314210427,16630.339654302836,16347.744902636494
110164,9552,109413,10303,0.020486205954657197,0.013930620049166894,22855.09156878539,16178.076924066978,15688.53235051733,15815.975301855311,15403.108057936783,15981.964002911354
55007,6994,57043,4958,0.008447160316319195,0.026599568655643422,18704.363452318787,13553.058901270068,14602.670950247571,17104.980121024615,17242.05824610932,16954.56529349251
52886,4714,51846,5754,0.0020134228187919465,0.02214765100671141,17112.82803000881,12935.939408398139,14017.176331658417,16865.509602084345,17381.870080188506,16655.966246495052
109143,14058,113267,9934,0.001034126163391934,0.011563410736109805,29476.396631153977,11252.571805569578,14635.674168748941,15510.738705332722,16235.495713433424,16085.797890998852
111970,11934,112213,11691,0.00554016620498615,0.0214442640175757,20311.77534963707,16150.44921045741,13185.31980390138,18488.40372898897,17523.936242616222,16562.13232662007
57563,5438,56406,6595,0.009896536212325686,0.019680611785874942,24309.189825603684,12977.746517504374,15128.962709160747,16337.987014989252,16973.075002270092,16934.15336365827
76645,5724,75552,6817,0.0,0.014274809160305343,nan,18104.68552846143,14090.79000808916,16493.33810484158,16851.84303582349,16490.075368208847
60639,5410,59568,6481,0.008470353761833582,0.026158445440956652,18294.47012642074,17458.03400997643,14869.821473937898,16690.44935603231,16667.163885255057,16360.286660986616
66973,7556,66351,8178,0.005812263876780006,0.00988084859052601,24412.226816303162,19438.4348450463,12656.741149137253,16519.36726261897,17065.630109973117,17169.29680010305
59741,6308,60368,5681,0.01671361502347418,0.026009389671361502,28663.804387195003,24187.184152549427,13044.1115515809,16297.433773149856,17294.86830866774,15820.776572919356
63237,5932,63430,5739,0.0022205773501110288,0.013915618060695781,27352.999756353744,12366.865242656546,15329.683528603682,17337.794164835737,16446.911675738425,15967.144969707113
104664,8232,102286,10610,0.00929766843083965,0.02345873265627235,19007.611955985576,14407.170125316923,13166.091713159743,16167.205551883522,16420.078750502922,16333.616719814921
58038,4462,56929,5571,0.0004371584699453552,0.009508196721311476,14793.860272650667,10817.631900718437,12117.221165771847,17944.021923673416,16677.339453523487,16265.668928429717
44408,5768,44818,5358,0.0003700277520814061,0.05504162812210916,10850.08126797239,16864.110741847548,15909.96301208413,16506.283381270292,16754.278384836463,16231.522528056319
45341,4388,44202,5527,0.017137096774193547,0.028561827956989246,16647.631745195908,13419.845795637282,11418.066860858426,16106.623246970918,16577.457931449084,15906.342704730616
41917,4308,40204,6021,0.001275103602167676,0.03968759961746892,22094.728675951555,16225.963200520146,15464.515506519634,15826.546918732376,16956.337707111987,16372.071597553893
71012,5164,69982,6194,0.009653508015859335,0.014738838131356662,19204.34620165569,15159.945224580091,13642.068375258066,17236.43693587292,16601.152346520903,16217.923096071525
58401,6624,57968,7057,0.00015625,0.01515625,22121.79050034356,14081.496332989382,16062.511049845158,16152.79326401458,15660.105171739633,16119.426955815756
39526,3738,37971,5293,0.0012113870381586917,0.03876438522107813,24532.972851926956,11302.81951299042,13225.017154805642,16117.824086555294,16055.666617895922,15961.25225029116
91085,9404,92092,8397,0.0,0.020694426971946157,nan,13877.908099828888,14559.087026761721,15774.447881713504,15574.756529257706,16202.134136802753
43249,2976,41664,4561,0.00410612760581175,0.026216045483259634,20419.09842434587,13908.06892751998,13701.76536017207,15961.631245024284,16660.359436748367,16216.51952706649
84164,10700,86983,7881,0.006009615384615385,0.03485576923076923,14973.013527773297,19469.26818443425,14560.013875227758,17379.286894278273,17358.622692202738,17115.276446092696
101790,11106,102188,10708,0.014957264957264958,0.017236467236467237,15557.330367076282,15579.709265570187,12134.188268778644,16420.128975863594,15950.493756184465,15966.414370035673
102545,11024,101370,12199,0.015453728661275831,0.01954177897574124,15583.438265770043,14049.850987807356,15249.792662739446,17529.61075080908,17388.454036924206,16834.051277260187
21369,2656,20443,3582,0.00338409475465313,0.019176536943034405,25844.8233060538,17478.46514837635,16288.77416818147,14197.362811384475,14696.891565894353,15635.27614944471
54229,5796,53654,6371,0.0029613177864149546,0.02915047196002221,22244.1023638223,14697.038025983487,16083.971954817844,16710.140436706388,16487.780234946225,16130.035390515077
95657,13904,98678,10883,0.023675185308109303,0.028819559685805952,17043.73626126936,16723.050704928024,15326.520409533818,17127.64913135617,17924.610297683514,17410.88289499542
42063,4162,41256,4969,0.010300782859497322,0.02657601977750309,19783.854357755128,13688.808926434822,13153.969000436615,16118.091430332532,16186.365743372351,15356.167397828114
73970,8974,74321,8623,0.0012731902510003637,0.022008002910149146,22042.57668218669,12644.123009244011,12958.879903858278,17979.176277612813,17853.078400222326,17086.944898967777
86680,8184,85902,8962,0.0048439948710642545,0.01438951417580852,22586.695081498732,14512.72696630279,14363.909734333023,16665.06780483956,16665.979674905244,16364.51566899362
44461,5268,42902,6827,0.000715307582260372,0.031354315689079634,30753.78734295722,16937.233256694235,16278.877734379315,15545.58448711226,15914.943432714857,16144.087145569856
77100,9336,77574,8862,0.0023169601482854493,0.023555761507568735,32550.92125222382,11294.900400983774,12946.550845744072,16706.308818445792,17070.626159480234,16095.454032799811
67256,5644,66016,6884,0.002509410288582183,0.020075282308657464,25265.521617482987,16264.987557056538,13191.419585308933,17095.773408005538,17280.890863105633,16762.206313567323
97714,8562,95916,10360,0.003066511578724754,0.02268161150470551,20702.03904098801,14989.486730351655,12190.153479850036,18936.096037012023,18146.780648451677,17259.298824077334
65484,4212,63488,6208,0.0,0.029426261829652998,nan,15339.78205662349,17639.150875549953,16393.806388166893,16558.170442386538,17097.192113208854
52384,5216,50757,6843,0.019939577039274924,0.025881168177240683,24255.89903463401,15229.088828119333,16827.874117948402,17343.609650490507,16159.261871457875,17392.26429529724
43330,4194,42577,4947,0.013683431952662722,0.028476331360946745,15455.790570236097,13880.080946684595,15329.079120539269,16851.857716238548,16285.937841563536,17019.682519873182
38684,3752,37315,5121,0.0007002801120448179,0.028361344537815126,15587.867314770047,14301.202499217388,13562.13255508075,15648.689909175106,16428.26659415849,15929.487919962297
92701,6524,91683,7542,0.004403734366742998,0.01620574246961423,17292.388345508945,15607.83267340411,15845.025111112423,16371.46541978613,17111.00156982126,16455.181636378096
35332,3084,34434,3982,0.012738853503184714,0.007165605095541401,25195.42927994649,9499.848257264452,14391.705770168484,15854.62158567931,15399.104079084025,15087.204139796404
39660,4440,38278,5822,0.001943634596695821,0.015063168124392614,21365.88082679937,15020.157074868046,14794.15862842378,16999.23093723773,16281.12526174316,16385.987315380953
89199,8770,89093,8876,0.004808976756612343,0.015495591771306438,20377.94835017425,13046.458367614432,12288.699473296616,17578.26622871858,17373.490520445073,16883.14539639279
61995,6126,61300,6821,0.009054895302773062,0.02905112242973024,25910.41727842431,15139.659822064803,13449.493449391217,17127.143038610062,16855.99366213965,16080.58700325792
64348,5348,61033,8663,0.0041268462206776714,0.025086880973066897,17296.85678766383,22738.768015125832,14477.329480065799,16027.775659853207,16940.099451575858,16479.515630415804
68308,5676,67035,6949,0.009341117597998333,0.028273561301084237,29835.226438012563,17892.16567288991,14094.586530830884,16639.117241986318,16284.548404034756,16285.413423574797
64767,3354,62866,5255,0.0011999040076793857,0.01427885769138469,24275.74340537572,15852.80474574147,17127.155668072865,16954.99391144718,16774.39599311775,17064.01423224525
83347,8462,81410,10399,0.013583600889108422,0.032785873055075326,27026.382866063097,15731.341075365333,15874.589274225587,16183.705844813834,15902.8181068361,16343.385047655742
35409,3400,34653,4156,0.0007199424046076314,0.012778977681785457,23738.27438276626,20689.93777913262,15497.709620096373,17910.560899984823,17663.367393266584,17027.497561938944
50711,5458,50174,5995,0.0038022813688212928,0.016476552598225603,20862.101562705113,16770.94075184337,16883.380698486464,17522.546713642583,17731.156012647592,16937.242463073293
50123,5102,48837,6388,0.006965475469412477,0.027710478497880074,24388.81637912742,16925.08652687244,16483.581143039093,15760.640890190363,15804.302873804456,16083.621545370748
76952,8312,78214,7050,0.016282225237449117,0.012814714307251621,23292.469556199412,14776.370965339194,13808.752472676946,15876.837452579355,16314.062629560194,16262.153287534562
40782,3318,39413,4687,0.004234122042341221,0.02092154420921544,14115.393896195053,16133.880014104314,15947.494566907331,17414.991062394027,17872.24684640308,17233.159672386988
58151,3850,55775,6226,0.0008350033400133601,0.01586506346025384,19123.703802937474,16684.662210399172,16005.692457263198,16084.022138800745,17115.758559661463,16484.718550460202
51474,6126,50864,6736,0.0033085194375516956,0.033498759305210915,22965.922796069102,15482.517782435922,13751.493150343285,16919.739249235696,16436.03067549573,16052.410890494568
36518,3482,36540,3460,0.01818817768450507,0.01416579223504722,22765.573842944927,17482.72321018726,14627.476364702878,17536.71532375628,17472.46984786679,16572.131818637525
64537,5688,64318,5907,0.01382667964946446,0.013339824732229796,11119.05010221267,13803.240384661009,12261.828199192807,16223.918797772509,16946.46916474722,16333.037670174885
38067,3958,37514,4511,0.0027726432532347504,0.021025878003696857,16917.64062655835,14633.54221927812,14692.25697505386,17431.963408364685,18112.824166879716,17421.52716246896
106936,4620,103170,8386,0.0005751092707614447,0.008971704623878536,17092.50044332038,11324.4269078226,10683.818306219395,16985.755636379366,15814.539159331147,14932.080738493585
58388,6128,58563,5953,0.013536701620591039,0.037178265014299335,12591.514552569408,13661.11850613477,13955.834977492239,15850.444838803514,16105.890756432942,16051.317990887714
71409,7552,71137,7824,0.010467144795503005,0.030335336305485558,22316.06095677089,10941.023014431656,13897.821999748603,17356.03304472601,16964.20655421878,16453.100169685003
54490,7014,56154,5350,0.007485380116959065,0.022339181286549707,22320.139623696807,11167.226943137177,12323.888670056442,16817.892241129262,16472.022502684096,16071.04809221896
62065,8160,62419,7806,0.0013550135501355014,0.020212285456187896,17497.61745964379,11250.749185616041,13605.715677623077,18349.14920106696,18135.686297022814,17147.344327348288
45056,6020,45540,5536,0.00752222475495783,0.03464782311374515,18625.58416260572,17053.527680438536,16156.374857125356,16909.62109360298,16348.101410988938,16360.088525837584
55930,5574,54633,6871,0.0014275517487508922,0.02346538187009279,22715.120414205005,13893.095308507825,15231.629576304129,16165.479982267276,16601.920197286257,16133.704077856655
30050,5294,30240,5104,0.0006215040397762585,0.013983840894965818,7587.033092626971,17433.637038448982,16432.487810702267,15672.59617736872,16786.410823849972,16310.18185533287
36162,4642,36235,4569,0.0,0.02905287623474724,nan,14363.32932026033,13922.603631358761,18430.717612545825,17599.494153029373,17108.78109921491
38776,5324,38094,6006,0.002172338884866039,0.02986965966690804,15570.695790032949,23347.268773499756,15115.61259191951,17451.333122229364,17771.793843165004,17403.53345706823
51768,5832,50822,6778,0.0010921004732435385,0.004732435384055333,27942.49536954868,13128.157124407111,16260.798359949044,17812.571713863108,17732.385297202225,17019.150631816447
64929,7432,66095,6266,0.0004084133142740453,0.01000612619971411,12790.023212828606,10674.677346508204,12671.241985553126,18513.097355440284,17978.305111221533,18015.546587802244
53782,5754,51321,8215,0.004131332898456186,0.02826701456838443,13513.8039221857,13120.345063733006,11638.70993283309,15077.342337440665,14950.466432008208,14707.681831948821
47127,3498,45947,4678,0.0028993147074327886,0.02161307327358988,14157.092398845247,16358.025688519854,12406.668979460976,16217.069578306,15661.954818010465,15850.006242649375
64675,7686,65285,7076,0.007379295804343242,0.017604891418933163,24020.602809299264,10896.582307544313,12780.172839810997,16735.085194859887,17897.832293613563,16159.112385941678
54837,5188,54877,5148,0.0010534632604687912,0.012246510402949697,13263.88132556193,15920.415485502615,15722.193214269964,17176.52767885626,16972.959704422254,16720.734956174365
71911,8178,72621,7468,0.0007199424046076314,0.02243820494360451,33478.98632371075,14902.223704846321,17174.064781926478,18873.684957790912,17419.3740145572,17889.531514036404
80193,12832,85514,7511,0.01625172890733057,0.034174734900875976,16532.611190729946,14336.722328043044,15592.372905610786,19736.41516469102,17456.90440873556,17235.975833147942
43890,5394,44263,5021,0.0025673940949935813,0.03080872913992298,24850.316646088537,20769.292571355945,17455.002764038807,16596.52400980995,16778.342850251964,16893.872236233667
69981,6748,69485,7244,0.012068387529332886,0.014163593697619846,15082.098909116408,13392.200556290412,13578.75801560632,16086.174755626562,16207.795620232213,15895.242568838341
56743,6258,55661,7340,0.00014494854326714017,0.015219597043049718,8018.799626861197,14818.146443310832,15514.115310867108,16962.053748563474,16387.675709128733,16144.412730630573
52295,6754,53569,5480,0.01650485436893204,0.009708737864077669,18883.097106763325,16791.784776734516,13543.201113146148,17530.310723248658,17285.829355872378,17033.195063151332
73995,6094,73179,6910,0.017473260616329558,0.01032510854601292,27344.047191927028,21354.012416746835,16974.312168081757,15968.32352409455,16442.403738238518,16728.75243976592
91595,12734,94743,9586,0.02865151043288695,0.02834008097165992,22199.090466525548,21184.99610160126,13744.440458036841,16620.250460333536,16887.010941988265,16817.989801503336
35170,4830,35638,4362,0.002126528442317916,0.037480063795853266,13833.29845930033,19923.529523652316,16754.41459662968,16512.536411095152,17024.37341875514,16366.089790007702
37679,5170,36862,5987,0.010445962233828847,0.02872639614302933,23246.532395273363,18373.228247084455,14940.635838073755,16891.916957298654,17051.880406050303,16640.40455277583
50326,8238,51315,7249,0.0163566388710712,0.01611610006414368,22013.606559488242,16893.905928189568,15021.537422833442,16396.540825567776,17264.507290429963,16476.397825751843
66537,6904,66901,6540,0.025203252032520326,0.014552845528455285,20616.709591362127,14122.943242943502,15610.310984888041,16469.63177698257,16838.418835354107,16561.870661115216
39719,4802,39840,4681,0.0020833333333333333,0.007291666666666667,24071.69102273895,13970.36399161479,14784.572501730789,16612.51042092971,15862.487077060145,15811.462130453207
89435,11054,90993,9496,0.019282842373020432,0.02330352014441618,30359.002543848634,22815.459681546832,15830.492219427533,15490.451285291432,15767.770663420346,15243.627399838617
32977,3504,32331,4150,0.0,0.011254019292604502,nan,17396.09590827034,15947.042574950701,16086.962906654206,16710.557023132587,16525.032150621737
66242,7742,66782,7202,0.007909604519774011,0.01344632768361582,17052.435776043592,9265.30344099026,11811.15821619554,15470.592250269163,16263.943245441305,16377.09492673408
50302,5394,49516,6180,0.0015776425512733828,0.030200585981519045,17051.835849884243,18413.190429605806,15727.039887731466,16715.604805060106,17206.18366121366,16649.441436726436
114109,20580,114690,19999,0.02440707201379905,0.02181974989219491,18281.974753195966,12344.394258746159,11021.120652689833,16712.115627370382,16807.967206586865,16377.721756284776
89138,8206,89107,8237,0.007028440666884603,0.02321019941157241,16803.33762176283,12844.315339394534,12207.07693903875,16213.031568203709,15864.78883302902,15570.147885270373
72628,6896,71766,7758,0.021807397069085833,0.0471039776692254,15208.095710334816,15620.682880077862,13556.62447373922,16551.76180615255,16190.177935320029,16172.572024685483
69247,7482,69761,6968,0.006441834028040924,0.015915119363395226,19416.921959333027,15977.425401350976,15975.665691424405,17379.670294551346,16742.01829670403,17070.861430645382
32169,3552,32078,3643,0.005307855626326964,0.028662420382165606,18754.944863721925,20740.51774610865,14909.873804423909,16718.200725960367,17402.8253119551,16584.23558670158
53699,6326,53115,6910,0.0003707136237256719,0.01603336422613531,8034.680421408761,13159.605653241832,14156.03695864149,16818.669549038066,16692.98559755492,16214.416071980042
80059,6966,78191,8834,0.0030757400999615533,0.02114571318723568,10541.967927963227,12895.63668860499,12397.920653107543,15923.879366684496,15564.894701536827,16067.134280410055
72968,6556,72381,7143,0.0,0.02187646233036968,nan,17439.514863922654,15535.966018185336,16626.863724553423,16696.80304203986,17051.665965706812
64024,8876,64064,8836,0.021394162652309437,0.029824312836497592,26271.059713110863,19654.015394589667,14996.929858848198,15956.030706605761,16293.947340531802,16220.71560157752
73959,3882,72548,5293,0.0001488316713796696,0.01488316713796696,24511.359340044895,12397.261573628755,14854.194901164357,18137.278687464743,16853.71512081743,16467.085808601925
