58284,6232,57274,7242,0.03504043126684636,0.025606469002695417,7215.251164373382,934.1644394544172,3635.1789928030616
59707,7374,59508,7573,0.021686746987951807,0.033734939759036145,5272.24203497324,9174.383748263013,4099.620844235583
44752,5424,44085,6091,0.00911854103343465,0.05167173252279635,5270.839156996639,3956.6886297815527,4626.659164943992
64278,7546,64322,7502,0.02203856749311295,0.027548209366391185,11225.358159292362,12285.296955208934,4076.0886323526925
51444,6156,51099,6501,0.019933554817275746,0.026578073089700997,4726.793431605129,7050.191402269331,4298.986868114943
58121,7928,58308,7741,0.030379746835443037,0.049367088607594936,11777.460933714225,6643.897439234247,3892.218390112821
59978,6586,58765,7799,0.021621621621621623,0.05,3784.418851430859,4734.7624825812245,3449.624322324921
51537,6544,51600,6481,0.015444015444015444,0.059845559845559844,945.0777422387346,4692.1871269749545,4146.89418209157
58434,7102,58039,7497,0.015789473684210527,0.02894736842105263,2470.3769923103323,8323.774450458033,5941.594799186463
69168,8116,68275,9009,0.012254901960784314,0.028186274509803922,5053.6014537335,6536.512708684258,4795.79582128518
72484,9312,72188,9608,0.015037593984962405,0.03634085213032581,18952.01752720249,6001.831245745696,4740.1362020099605
63102,6594,62425,7271,0.008426966292134831,0.037921348314606744,1891.0942168435406,6085.54791785594,4785.122853648282
54190,6326,53797,6719,0.022082018927444796,0.04574132492113565,3032.5223290154895,4678.588034800671,3301.68060893852
61980,6664,61847,6797,0.02813852813852814,0.03354978354978355,3798.8341634887797,8501.034010807647,6029.244574364126
66581,7948,66223,8306,0.019880715705765408,0.03876739562624255,4047.3977798934184,5786.686116475437,6301.823663971998
67760,7316,66555,8521,0.013404825737265416,0.040214477211796246,4501.459381962888,7842.035358560944,4680.848242771003
67397,7132,66775,7754,0.010101010101010102,0.041666666666666664,7813.568006709089,4832.597488997372,4228.994734988102
62211,6958,61477,7692,0.010810810810810811,0.043243243243243246,4499.403508750518,5554.860018075844,3762.4692245854435
68318,7858,68613,7563,0.024657534246575342,0.0410958904109589,5376.426852342713,4625.65188721036,4519.881717480665
74838,9262,74502,9598,0.010683760683760684,0.017094017094017096,4548.184172489924,4974.547736950322,4772.998289165645
63595,6630,63363,6862,0.017045454545454544,0.008522727272727272,8963.094917712662,1261.970659173814,5987.356309522615
60818,7826,59987,8657,0.022408963585434174,0.058823529411764705,3752.2964728677202,2169.9641126209212,3306.6751753651297
60733,7388,60933,7188,0.024725274725274724,0.01098901098901099,6022.539749455283,11837.753660472148,3687.459988895467
