,Unnamed: 0,Agree,AgreeError,AgreeGeva,AgreeGevaError,Total,TotalError,TotalGeva,TotalGevaError
0,0,1935546.0,1915710.0,1963637.0,1930451.0,2412610.0,2395024.0,2382444.0,2365425.0
1,1,1828914.0,1811880.0,1851798.0,1820678.0,2295985.0,2279470.0,2267771.0,2251235.0
2,2,1724627.0,1708272.0,1750737.0,1722381.0,2175905.0,2159291.0,2149165.0,2132795.0
3,3,1622535.0,1608279.0,1649232.0,1623596.0,2053483.0,2038155.0,2028008.0,2012988.0
4,4,1517586.0,1503404.0,1543418.0,1518663.0,1925427.0,1911072.0,1901657.0,1887353.0
5,5,1416165.0,1402564.0,1440586.0,1417170.0,1799788.0,1786036.0,1777134.0,1763658.0
6,6,1313997.0,1300946.0,1339251.0,1317266.0,1673424.0,1660333.0,1652690.0,1639690.0
7,7,1214929.0,1203746.0,1238097.0,1217867.0,1549369.0,1537337.0,1530191.0,1518060.0
8,8,1112447.0,1102554.0,1134311.0,1116324.0,1420098.0,1409348.0,1402408.0,1391852.0
9,9,1011185.0,1002191.0,1030677.0,1014703.0,1292390.0,1282871.0,1276497.0,1266988.0
10,10,912092.0,904005.0,930512.0,916002.0,1167662.0,1159305.0,1153279.0,1144830.0
11,11,812232.0,805070.0,828359.0,815297.0,1040367.0,1033384.0,1027519.0,1020430.0
12,12,712930.0,707125.0,726549.0,715373.0,913058.0,906979.0,901716.0,895771.0
13,13,616002.0,610665.0,627790.0,617874.0,789289.0,783942.0,779498.0,774403.0
14,14,515346.0,510787.0,524862.0,516583.0,660831.0,656210.0,652757.0,648332.0
15,15,415717.0,412123.0,423744.0,417089.0,533466.0,530134.0,526975.0,523852.0
16,16,317722.0,315116.0,323979.0,319037.0,408191.0,405781.0,403133.0,400969.0
17,17,220852.0,219105.0,224700.0,221154.0,283984.0,282379.0,280380.0,278854.0
18,18,125363.0,124018.0,127565.0,125448.0,161210.0,159943.0,159216.0,157931.0
19,19,31204.0,30952.0,31486.0,30964.0,40031.0,39749.0,39577.0,39278.0
