84452,11648,84993,11107,0.019982993197278913,0.04060374149659864,12913.365005961721,9558.292809092804,11010.130988755627,16517.069738923965,16866.43535118263,16155.285181447889
89812,11312,89977,11147,0.011753643629525154,0.023507287259050307,20176.581487622214,7256.1446259758195,7875.957991750238,16936.46973749374,17298.238117044635,16449.427488636466
49513,5712,49420,5805,0.010416666666666666,0.020833333333333332,17347.944929610956,15332.719167780693,9907.153905256268,16203.529726580604,15858.162865736942,15847.643050139568
72993,7096,71424,8665,0.027056874654886803,0.031750414135836555,12198.827449729715,9336.839382492959,7014.905667498957,16676.32497287733,17355.818688570154,16781.783361461716
52695,5386,51783,6298,0.02239328201539538,0.032540237928621416,12475.612050091499,8497.128539472971,7908.244778214807,16767.05871594153,16837.279057690677,16138.347297545231
92750,9650,90746,11654,0.031351791530944625,0.030944625407166124,17272.68532011038,9374.618275800425,6615.423051702986,16952.12011879877,17099.845248129128,17001.118770630568
71589,8500,72105,7984,0.01423611111111111,0.027604166666666666,16379.385954441383,16325.599098457591,14154.914459563975,16826.25172116905,16578.856369219924,16537.1200339762
57250,6254,56019,7485,0.014446227929373997,0.045746388443017656,8446.87366666932,6728.014381864915,7118.021461507171,17116.018107345306,17094.250116222323,16608.959664601294
67729,7896,67116,8509,0.01625746516257465,0.02305905773059058,12983.742380078202,9031.953074218447,9427.347757263833,16529.461478762532,17153.907921186386,16812.126749055322
46293,4332,45479,5146,0.0036845983787767134,0.01400147383935151,15552.804609375973,8338.851656215424,5796.247866148091,17378.50896010768,16725.517193345473,16079.665636570688
55247,6754,54243,7758,0.008448540706605223,0.03533026113671275,11621.981979883187,11282.905099955935,9285.810210852816,16802.31119047375,16504.740733921513,16472.83014314408
62962,6734,61368,8328,0.022366097704532076,0.04237786933490288,12479.703981234235,7321.548272907755,8288.89995610374,15617.244671550447,15730.407227218606,15101.468838773508
76041,10984,77202,9823,0.010904134484325307,0.026578827805542934,15581.827799634673,11728.253374691269,9108.091973841909,16011.955749415276,16541.450909273368,16390.83277737619
50598,5098,49369,6327,0.013904982618771726,0.0194090382387022,15726.565644151728,12932.780380130038,10737.78454851316,17258.511768135424,16598.568391640467,16895.490597140673
48327,5034,47559,5802,0.013970588235294118,0.029411764705882353,6745.241197056714,9186.633206692482,9292.3919958892,16847.230371506612,16281.829598329794,15958.66777880091
36306,4498,35990,4814,0.006105006105006105,0.019536019536019536,4928.675800707501,13972.262430073504,8249.577346532089,15296.069698074236,15664.04174172176,15400.267002323893
76170,10266,75723,10713,0.028599605522682446,0.039694280078895465,9319.504423926319,6981.790467456576,7078.866086035708,16934.672714112112,17249.892468569207,16583.448619323648
72638,8018,71384,9272,0.01507537688442211,0.03548994974874372,8998.67682141888,9291.188870725533,7502.328273955425,17008.579847390734,16777.768387965814,16262.744218577944
50176,6468,50820,5824,0.026200873362445413,0.021397379912663755,8251.665527664962,6822.706785961432,7952.363277049956,16515.532932062175,16819.656975548627,16349.381794574567
52189,5892,51045,7036,0.017266187050359712,0.026618705035971222,6949.928614167878,8625.67970825531,8769.725958726845,16851.228202684815,17150.652723790663,16500.98796522031
81647,8954,82074,8527,0.019569471624266144,0.038649706457925634,7950.144135038167,6581.485182557409,6295.393217009507,16255.48684192571,16514.823324358324,16469.42261593673
61818,6826,61738,6906,0.015353805073431242,0.0260347129506008,10849.80519993798,7788.5897938431035,7840.142595612005,16126.126081752533,16115.43609848401,15905.46296634608
52775,6274,52129,6920,0.009251471825063078,0.025651808242220353,9806.497904468577,9522.661056282455,8357.05019235562,16610.55221217754,17913.64409949579,17072.408445179888
60731,6350,59397,7684,0.007633587786259542,0.03317674691720493,12120.245670238559,15301.008804235942,9827.182420740157,16491.903110655152,17502.394403961534,17003.124067010234
88501,9468,88060,9909,0.019520356943669825,0.02286670384829894,8188.006816084696,6875.9658200007225,5922.98509355539,15246.813309165349,15586.108087861077,15799.700286117264
55336,7164,55439,7061,0.03087248322147651,0.03322147651006711,6944.0164167820385,8379.625095860645,6706.024808180115,16588.252128097163,16968.370683556444,16431.95444681224
58417,5592,55938,8071,0.013736263736263736,0.047046703296703296,11105.361807271946,7911.790340500911,8401.41463978291,16834.586160026764,17520.441919986493,16975.685717192413
69994,7290,68937,8347,0.0038482682792743265,0.023914238592633315,15071.089010379696,8321.705317271882,6490.949455018565,18132.756005360283,18318.04841586179,17347.47359406322
57608,6908,57484,7032,0.03673309886674482,0.041617819460726846,12234.528620982755,11161.21346826571,9117.762178638972,15848.671076780547,15481.149945088553,15638.655431763513
55440,7060,55878,6622,0.016823687752355317,0.01917900403768506,9097.295228072968,5677.937077563612,7833.733347518552,17096.463838876316,17602.456885053303,17364.81936507641
66278,11006,68084,9200,0.01739618406285073,0.029180695847362513,11644.755655227715,12803.611043249279,9671.983589194473,16023.454534472497,15690.447789864122,16118.704435291174
48937,5352,47671,6618,0.01790633608815427,0.04648760330578512,11032.990411786082,11305.779549735062,9384.272666234168,17157.720835214346,17060.272008588392,16655.05606986981
84881,10600,85232,10249,0.01716199246546672,0.021138551695269986,9027.899523074417,7511.866043836002,7140.825266258232,16117.029254861382,16847.129060852898,16057.406197791417
57529,5472,55613,7388,0.004861111111111111,0.022916666666666665,4642.549576198094,5653.739638878285,8788.940021998973,18019.516479623195,17685.146820280206,17064.887882051742
64026,7798,63324,8500,0.029433406916850625,0.02759381898454746,18810.478700875054,11303.093131997744,8980.371576926073,16509.734125067283,16740.54544409822,16504.72030589254
69299,7430,67754,8975,0.013769363166953529,0.03076592082616179,10615.116187152955,10630.678587208848,9391.729026773275,16259.81220733975,16837.440740808324,16198.951527476484
67039,6402,64373,9068,0.013705335291238374,0.04087126774351444,13617.908943894015,10198.642328410471,8202.345081333195,17305.67234026934,18133.752386000906,17041.16156168853
76813,7868,75943,8738,0.012927756653992395,0.022053231939163497,16718.2507825317,12418.120235273136,9995.106956787871,18616.81729362931,18492.521807707675,17274.515121466044
57818,6698,57266,7250,0.009569377990430622,0.028973950026581607,7671.900050340642,8641.822564922764,9552.06330250645,16335.509077072678,16537.7097097628,16542.02781105267
65891,7550,65767,7674,0.036284470246734396,0.03749395258829221,13579.261856600087,11507.727688544895,9556.458757199041,16893.030084937916,17066.36703718995,16512.026820524632
77600,8836,77596,8840,0.017134416543574595,0.030576070901033973,10054.180163090947,13603.0211378296,11325.001533390403,16593.909030102095,16538.961445706514,15618.604022245034
43583,6146,43542,6187,0.014492753623188406,0.022256728778467908,7040.337816794618,7796.764250226984,8055.053072342269,17202.494800320394,17702.17635250146,17079.210166372766
45992,4184,44957,5219,0.0056777856635912,0.0241305890702626,11711.661030131887,6506.362140548241,7804.898770479302,16786.92202743368,17068.703969139144,16658.805055598743
45311,5314,44745,5880,0.012113055181695828,0.027927321668909825,14220.815843215243,9995.31038714395,8356.213902170719,15554.581653593787,15430.42794193941,15785.47590765081
54073,5952,53570,6455,0.030483764082173626,0.043074884029158385,11908.377612948507,9405.34544136959,9403.996939613004,17758.24224815794,17884.20476180201,17328.083111089265
70303,8658,70069,8892,0.016177351707609346,0.02726183343319353,5830.355512457865,6015.871061197514,6437.162637734043,16924.424036235643,16751.606356280816,16650.45032966558
61781,7388,61531,7638,0.012324929971988795,0.02969187675070028,9088.83539422919,10617.401768077141,7333.297836046098,16083.265870747997,16469.85273015529,16112.74966103484
67153,7376,66716,7813,0.039632672788786856,0.02803286611889802,16295.269820340554,15815.22132412977,9192.725772351672,16976.78423580104,17094.11918353214,16925.11882906798
47135,5306,46786,5655,0.026821862348178137,0.02783400809716599,17641.445026676105,15781.197973980545,14178.106869859175,15595.173985829606,15916.813754007102,16471.668496389328
73606,7050,72032,8624,0.0170859041290935,0.04769814902705268,5931.94521455715,6870.066378401308,8430.95054090657,17173.48822406955,17453.563998496666,16663.336382014855
63220,6476,61622,8074,0.016964695093993582,0.0504355800091701,8809.467670180371,8862.964385422465,7609.460813400468,16632.54774608685,16684.760141709823,15701.097445940652
46468,4608,45638,5438,0.011515151515151515,0.03848484848484848,18109.70144022098,9233.585816008139,8402.832695905221,17135.310780229807,16662.379641406347,16591.191775645326
81710,8290,80110,9890,0.011162790697674419,0.026511627906976743,9899.584049984644,10976.34835233832,8865.13924727239,15713.128100431466,15383.576471489692,15721.90678644983
51322,5322,49929,6715,0.01152482269503546,0.031914893617021274,11961.499265907583,9816.388415345376,8402.248532938394,16748.805261857266,16615.92056153226,16748.274182454
47050,4026,46376,4700,0.009911894273127754,0.01486784140969163,12128.935592390088,11750.131031032748,9220.607142597024,17377.96076771086,17137.87404608435,16488.827994892836
67020,6964,65571,8413,0.012269938650306749,0.02336007550731477,15979.778596852266,16078.334331706068,10290.958781747182,17369.853137533788,17363.442940206314,16593.80705002875
56848,7668,56541,7975,0.05017452006980803,0.04952006980802792,8704.705698334115,10124.542127613118,9959.66706047598,16593.39424530095,16369.403991679506,16031.49850656891
63636,8188,63945,7879,0.020395156150414276,0.03409815168897387,6069.260697238603,5238.910875993846,8189.702190137712,17819.807619640043,17136.596027544012,17272.12407592695
94933,10692,95009,10616,0.02226980728051392,0.02462526766595289,11360.413708373439,11070.003096051207,7178.949267981148,16666.013666469793,16724.359548995282,16662.64635020904
51959,5162,50507,6614,0.03779289493575208,0.035903250188964474,16042.27479806344,12109.804189227561,8546.39519973046,16690.391041078517,16740.549180175945,16374.286222296827
48551,6674,48597,6628,0.019404915912031046,0.03622250970245795,14413.303297139102,8682.548550143822,7979.04989985796,17292.874694340804,16960.300611621256,16619.917267322846
41931,4294,41216,5009,0.009915014164305949,0.023725212464589234,13942.827694637459,12205.59506832686,10495.319473004201,18771.715872205255,18906.414201300468,17121.930818346504
66384,7600,65058,8926,0.03518518518518519,0.0412037037037037,16861.91794508989,10241.184602410352,9215.429386053795,16023.199997706162,16187.994855514002,15948.008017389346
58049,5960,55324,8685,0.015634395670475046,0.03517739025856885,9288.718833043155,7227.133885919613,7633.438077244853,15555.521338386743,16024.795548882124,15797.544522741933
68712,9688,69561,8839,0.033731188375713546,0.03632589517384536,19963.332841297797,8517.877646447569,6814.353721783821,17662.977660544,18554.66259667107,17777.41181453309
76878,8386,76049,9215,0.022052205220522054,0.024977497749774976,10787.883829516022,16546.932771571315,9856.587408506892,15471.17416577706,15642.522491961756,15110.350050483405
53409,6616,52814,7211,0.015151515151515152,0.036060606060606064,13979.309970255716,12444.643631145964,10044.092744739779,17576.715604681573,17833.24666498625,17342.147092274576
53936,5600,53716,5820,0.008032128514056224,0.01606425702811245,12963.883067146471,12147.385854361184,8664.41844631807,15808.75194824805,15796.756247561474,15699.245416364076
51369,5752,50234,6887,0.01904761904761905,0.04486215538847118,9906.857507485729,8996.37109448621,10321.085307785344,16389.76002904057,16477.653223594953,15905.812402024161
60581,7540,58047,10074,0.03554868624420402,0.04404945904173107,12364.749444061154,5230.601016034066,7742.4490742385715,16994.939485860705,16486.08518654522,16436.918277771725
61619,6502,59841,8280,0.006726457399103139,0.031109865470852018,18507.571860203432,12494.790555566604,10265.345939150584,17342.9234958247,17063.39383213902,17082.83122812971
93343,12282,94588,11037,0.03495145631067961,0.03300970873786408,17869.0685617335,15044.795475562034,8225.646266373731,16569.827385288736,16845.200092536426,16397.5348715106
53553,6472,52835,7190,0.008566533409480296,0.025985151342090233,10786.658892057456,6001.551705690322,7703.152169060894,17316.37823911555,16884.298439535363,16923.1211364
77304,7960,76166,9098,0.013872135102533172,0.024125452352231604,11276.47271719754,7100.146241191103,7446.046255245953,17227.256946706548,17048.06621241349,17271.279658281375
82689,7912,81075,9526,0.006707657909446618,0.020402459474566797,8978.655512652576,9765.384639677846,8222.673637582164,16851.62444301915,17310.62664847634,16782.423734043925
50425,4800,49854,5371,0.02654320987654321,0.037037037037037035,11877.100237593037,11158.433702174141,7727.6636239702575,16635.879206055197,17254.9872642681,16694.43850985818
55513,5496,54419,6590,0.00857843137254902,0.03308823529411765,20222.94563411566,10376.150884880719,8017.478267163168,15478.015769520078,15798.285355453765,15065.546638886733
60323,7798,61420,6701,0.027777777777777776,0.031420765027322405,15301.716576682464,10361.408262049117,10152.538326329177,17685.144583257836,17437.593614260677,16394.89018046944
44359,3602,42710,5251,0.010025062656641603,0.02631578947368421,17288.568250187753,11092.156096984389,9162.372200521082,16574.13256607116,17158.849253140852,16983.188599492834
56377,5624,55460,6541,0.02857142857142857,0.05249169435215947,11096.170665597192,6241.746590755958,6598.171992578212,14386.614888900125,14939.897590321512,14409.049606285596
90280,10844,90147,10977,0.034839203675344564,0.027756508422664625,11614.55015862924,9827.78166736542,8509.139541501727,16933.711154309716,17054.206733928022,16633.238559247282
40061,4460,38747,5774,0.012488849241748439,0.029438001784121322,9432.664031707138,14380.474271470826,9995.279103419072,16698.430185519344,17142.1383063779,16245.772720147574
63055,6114,62212,6957,0.010222489476849068,0.023150932050511126,11285.863605211594,8186.535662110514,7567.355511987907,16691.108244957355,16327.644700759709,16504.54177615081
42359,4730,41794,5295,0.009223674096848577,0.018831667947732514,14288.54414763484,10554.910096474185,8686.403547099595,17383.91856320228,16780.174858268485,17180.601734161814
55647,6354,55280,6721,0.02338811630847029,0.025600505689001265,14908.388789539282,10599.42818073815,8644.575758747134,16004.407639499112,16793.978556933474,16051.753113301103
41901,6060,41002,6959,0.037037037037037035,0.04355281207133059,10057.413126484536,8863.79702497845,8240.411830628434,16929.52275402585,17000.933716395477,16921.202564361913
43592,5692,43263,6021,0.026743075453677174,0.022922636103151862,9247.897758791925,7947.580130535763,6220.207225065042,16634.890792235128,16625.514357874123,16354.820498126015
53192,5372,51614,6950,0.010911074740861976,0.03082378614293508,17308.14930470654,11895.417160960302,10088.302697787864,17326.495186045293,17360.506259266847,16823.410881584114
52847,5234,52390,5691,0.004757373929590866,0.014509990485252141,8891.213609662487,13111.925669559088,10984.321302692277,16377.345813516147,16965.373807359872,15587.534369959812
55081,5928,54180,6829,0.02425876010781671,0.01931716082659479,19107.666311018114,6725.610287639798,8057.935026076327,17662.555532918555,17271.721428772606,16830.001824911105
56955,5046,56031,5970,0.010044642857142858,0.021484375,19978.722807917056,14144.316074624216,9654.299420524094,15785.182776499854,16340.430167829676,16016.170617925214
67245,8380,66957,8668,0.013616557734204794,0.030501089324618737,12317.224091320293,8120.143483528335,7653.91575655427,16193.850079599162,16626.45342564925,16271.928832693897
39890,5054,38991,5953,0.02098360655737705,0.058360655737704915,10282.705688978294,8759.768029182727,9157.8347839571,17671.38574720417,16342.172977306738,16130.055189082384
50161,6008,49281,6888,0.02074391988555079,0.024320457796852647,9288.90841997746,5943.016524263519,7593.304715652133,17257.938159269153,16887.10134886982,16291.012730729288
54922,6582,54730,6774,0.015121630506245891,0.02333990795529257,10894.208824281695,12899.162296050934,9953.314375632315,17125.747098677944,17239.434637697974,16712.74215550413
74481,6744,73241,7984,0.02565597667638484,0.018367346938775512,12144.91864445631,8980.975330846393,7959.966990625166,15630.40414530472,16397.7853381105,16101.781257861274
54068,6448,53895,6621,0.033688938798427846,0.025547445255474453,7888.29109873156,7481.533199435233,8154.997731718036,17161.824890967484,17572.39170793651,16681.51425547698
39726,4374,39328,4772,0.04118404118404118,0.02445302445302445,13020.121390074124,11792.986826076707,7828.163307138628,16909.47266290813,17537.0326637138,16779.959647046937
47347,5094,46426,6015,0.016840417000801924,0.037289494787489975,8845.000434294698,9751.371068724222,9052.607247766568,17890.886594499105,16951.143114900333,17007.321156408176
65801,6560,65829,6532,0.017180394138453764,0.021222839818089943,15871.722793285022,9339.681959530528,9752.407480672508,16664.194966518553,17255.012263662127,17009.936365511585
46388,4688,44991,6085,0.02335766423357664,0.029927007299270073,13586.904860940245,8783.43054304188,8252.835036214436,16423.484247020875,16018.265775258857,15911.81051313649
40745,4624,40370,4999,0.01322556943423953,0.021675238795003673,9998.606801049918,9285.268426915422,8099.475152363871,16650.23545977221,16731.283211539627,15407.634119921831
49467,5758,49031,6194,0.031078610603290677,0.028793418647166363,9084.98491265533,11598.75518759596,8226.708494971985,17907.245621711507,17436.923823388657,17105.766590294897
51116,5528,50906,5738,0.010155721056194989,0.020311442112389978,7447.548407330546,7149.535411560818,7354.845176124289,18032.8775124306,17727.219568356966,17093.546238477127
52595,5486,52011,6070,0.012491325468424705,0.028452463566967384,6278.054100827318,7887.643108774642,7959.6898557352515,15812.180262819218,15843.237610527101,16262.773838735518
71433,7528,70669,8292,0.017094017094017096,0.025878442545109213,5585.6838047818665,9210.674727489239,8504.27218912269,17720.970450840923,17131.443607997957,17004.109000782362
79159,7866,77550,9475,0.012054507337526206,0.0330188679245283,11574.640933543198,13009.805569298898,8579.894794571006,16152.670544751683,17077.90681308521,16301.002846735057
69036,8248,68001,9283,0.02069950035688794,0.020342612419700215,8680.6393059304,9757.126815196074,7295.166104948761,15495.675288060596,16391.59606553495,15943.496594925477
59336,6200,58112,7424,0.011225444340505144,0.0254911131898971,13782.906078069604,12128.165351524696,9823.39704970364,15835.42691828196,16717.32775602966,15959.024753114947
58900,7664,58238,8326,0.011046133853151396,0.02761533463287849,9054.915892962723,6997.855383758792,5128.634752825909,17602.3046680168,17155.965784264976,16270.78683690057
68859,8982,67372,10469,0.018922852983988356,0.04985443959243086,7832.670702736174,10560.773846153108,6526.908441600973,17353.25935954966,17079.886132888234,16904.56405809189
65890,7010,64389,8511,0.01723076923076923,0.02246153846153846,7045.50148096771,11351.655680761756,8655.718437053161,16588.102127226768,17315.113960879607,16362.59217752893
55932,5572,54737,6767,0.015173410404624277,0.016979768786127166,9330.89029773834,9343.20450360856,9051.739714131903,16814.131515833385,16670.192490865826,16242.29628482389
51377,6704,51127,6954,0.015122873345935728,0.035916824196597356,10088.742720093787,8175.846510369427,7872.442042317024,16304.94511331261,16238.487128437704,16219.054075757023
70382,6902,68325,8959,0.01575757575757576,0.02393939393939394,11647.546248006023,8992.606173665217,6901.856214152123,17078.259017189208,17527.676086205956,16025.790690679209
71531,8558,71734,8355,0.015475648611743286,0.0323167956304051,5936.698841055048,7432.765677248654,9455.673384945667,16411.43467228624,17288.215716132105,16903.846148628374
54539,5486,52548,7477,0.018285714285714287,0.037142857142857144,13161.654992383064,16320.847414950142,12100.396920165535,18028.538961815466,16914.194802066235,17551.089617408772
57346,6158,56342,7162,0.015258215962441314,0.027875586854460094,11150.612355684669,7952.190525851709,9281.308568477349,16510.67021833596,16191.673634257542,16294.384290738355
61583,6538,60074,8047,0.02720114531138153,0.03364352183249821,11721.065041396141,6686.419004659507,6226.932915223064,17252.955112719534,16620.527857059653,16020.14468291378
62607,6562,60279,8890,0.006498194945848376,0.022382671480144403,8530.50671415055,6806.458001512532,8723.359160846181,16909.934012782058,17091.529128980135,16851.857160485342
62345,6824,61323,7846,0.016619375760032428,0.030806647750304013,10350.106677485976,10739.726242489127,9073.087837116536,16704.355274262667,17312.462795088675,15848.263910966376
76152,6792,74530,8414,0.010379061371841155,0.02594765342960289,16506.853154009696,12136.498741915824,8189.189054666527,16518.00833813853,16293.030883569863,15627.158686046245
58846,5670,57401,7115,0.012956964368347987,0.035863026376677466,18382.346688836362,13277.916353975788,11239.279508627995,17271.315239256353,16796.85144678952,16248.191783492957
58307,5702,56763,7246,0.01010989010989011,0.026813186813186812,18855.172131890526,14153.585713563036,9968.612075394401,16103.096288859588,15835.863687004092,15343.886807091867
65369,6992,64030,8331,0.015915119363395226,0.047214854111405836,11319.349561428902,11560.047006928062,8945.38676427184,16883.98360799548,17232.219231877534,16608.220315639413
86143,9338,85427,10054,0.0065832784726793945,0.02880184331797235,8920.073104199342,10522.916979970858,11194.552316307036,16703.787463957076,17130.103816735143,16601.844119793004
72711,9658,73984,8385,0.01604530438886267,0.023124115148655026,12053.98223760252,7942.6185697944165,8580.50381301257,16725.98926109902,16497.38999366804,16300.552937636627
62636,8120,62384,8372,0.0215916101172116,0.025909932140653916,12756.314290978196,11801.012668823696,8251.317854200894,15349.41032639325,16259.097314305314,15726.64390822602
60622,6978,60746,6854,0.026881720430107527,0.043010752688172046,14905.588526280519,14170.74211634293,9756.929539023371,14695.192001126752,15562.70422527432,15406.832640577713
55400,5116,53753,6763,0.011031797534068787,0.023685918234912395,6977.451397700606,6388.118178886992,8093.458478439494,16359.131282284721,17123.18120662653,16882.326555568707
47958,4026,47085,4899,0.011103853690398433,0.020574787720444153,21473.03613873152,18852.795584062816,11722.900321360665,17798.434355528727,17758.48602112477,16948.47435591248
50571,6550,50416,6705,0.019661387220098307,0.029765155652648825,10663.79845042168,7885.573002545354,8805.108788221454,17602.20380729665,17731.46035923732,16972.842110616846
61816,6828,61189,7455,0.015400955921402018,0.030801911842804036,9822.88161414512,12011.970649564988,7425.335684563231,17310.36435792725,17183.559711167818,16989.20224283865
70868,6416,69853,7431,0.005034324942791762,0.018535469107551487,13136.273596724961,8772.47485444043,7458.935257137127,17146.306427640084,17905.868576653687,17035.465247669308
66894,7090,65771,8213,0.014485514485514486,0.02972027972027972,10018.173836535521,8657.360428892163,8139.10424354753,18356.513545310358,17897.06801952501,17120.41601629169
65200,7700,65278,7622,0.015725806451612902,0.028024193548387095,15482.880544217824,13799.412537766091,11759.025655599617,17185.773634067584,17141.43963391217,16865.619516937342
66764,8312,66900,8176,0.025118310884601383,0.046778303603931565,17492.145021059085,11965.79756668926,9061.0426534341,17799.25105494983,18361.967784330882,17481.83886725648
62692,7004,61755,7941,0.021042084168336674,0.027054108216432865,13129.19259353713,12228.271959591722,9420.403686837753,16350.981660885478,16201.527219761272,15946.186460281686
74656,8288,74615,8329,0.013115916341722794,0.025522864232541652,15626.891466937248,10177.549465396105,8619.721220810248,15457.90009012175,16354.994083584003,15069.245593445714
50976,6624,49965,7635,0.017829457364341085,0.03255813953488372,14539.500057373685,9096.259571786139,9201.257733268167,16553.474538856466,17035.15059190086,16576.93543709215
55237,6764,54947,7054,0.02392578125,0.05126953125,14292.005491585849,9088.557460517482,8592.41492650866,16725.156343980536,16636.12924912926,16232.920162927448
91835,12494,92744,11585,0.02438065277231616,0.03303185214313802,12138.755213630126,6998.250334932103,8156.074730734925,16028.46726900977,16002.293529231447,15933.645023195097
73995,8374,72851,9518,0.011842728564661297,0.03244907626717196,11897.949878970103,8611.023021740952,6676.443020813928,15747.24739510538,15678.313177937089,15519.605437357686
58349,6676,57847,7178,0.02079002079002079,0.030665280665280667,7919.947848167247,8144.229011254044,7676.625622430467,16877.673681381566,17450.460631836377,16696.741504580197
76868,7232,76033,8067,0.017140058765915768,0.03060724779627816,10780.101502586604,9084.69413849913,8699.503915582662,17447.133350033397,17882.770831857168,17190.40580376365
53093,6932,53328,6697,0.025590551181102362,0.03412073490813648,8744.054738732662,9959.142263354148,9541.124077257691,15884.548957941255,15567.96224709258,15594.164134240415
113345,11264,112923,11686,0.016645326504481434,0.021980367050789585,6591.940914899949,6201.923006755942,5918.924687608536,18094.277006016408,17936.094693844818,17602.190464051688
35171,3638,34050,4759,0.02857142857142857,0.04097744360902256,9884.774419353591,12304.834040411699,10608.811359500129,15711.965580089005,16487.986695737203,16407.94707572812
73579,8790,72862,9507,0.015855658829961726,0.03198469108802624,14913.37716237261,11221.63868698523,8190.98127379582,18144.87579412458,17658.705248994833,17223.19819172714
61900,7796,61451,8245,0.011786600496277916,0.03504962779156327,10804.364124035474,11844.41541872696,8529.623889610331,16979.3185987444,16836.283106520827,16534.32386063382
64387,6902,64308,6981,0.021010505252626314,0.03401700850425213,11962.857549163033,9335.190294255635,7350.1602771643675,15494.579412045594,15984.61916098236,15603.063693932176
54743,8258,56597,6404,0.02496798975672215,0.02464788732394366,8282.426535560277,9286.102494569486,8160.22824749073,17717.03038014602,17784.714408675613,17043.827328065283
61957,6164,60875,7246,0.00855188141391106,0.030216647662485746,4675.657904653489,11253.337902833384,9376.573220133303,16738.256467527735,17124.485323904675,16616.211981186032
49729,5496,49785,5440,0.011914217633042097,0.03375694996028594,14014.625750524496,11557.788632241469,8466.502438771562,15608.002474675237,16209.337098491877,15581.027825006335
71399,7562,70138,8823,0.006398537477148081,0.0283363802559415,9652.233381000848,10396.58489308372,7980.635457583359,15367.307218341877,15981.595696064081,15421.920249159335
58716,5800,57838,6678,0.027330405075646658,0.02342606149341142,8108.460408477119,6331.190108355222,8536.737507245158,16592.461409896572,16585.25066452468,15555.280053752109
84839,9410,83449,10800,0.016474464579901153,0.04386326194398682,14747.844071577656,6874.4666496128775,8476.79141383896,15468.693717854714,15624.152991075816,16019.937284538264
74305,9216,75589,7932,0.02856054836252856,0.01884996191926885,15352.90603514763,11437.192638075261,8569.826095083052,17027.87585350504,16572.872920459537,16322.01286656557
58623,5386,56559,7450,0.009433962264150943,0.030955188679245283,10499.335454656157,11388.963772174833,10123.142907054069,16722.009449827652,16504.279221774184,16106.759620635052
80126,9874,79358,10642,0.01768172888015717,0.03118860510805501,10451.991865477867,10459.196649278014,8638.36161401691,16755.6837296635,16148.324690938096,16026.512731032384
52723,7302,52539,7486,0.015661252900232018,0.04089327146171694,17917.70587413235,9701.892240592708,7796.2990564341435,16870.012666665323,16878.170638172272,16018.02894922293
66103,8426,65698,8831,0.034031413612565446,0.031675392670157065,11796.741703987513,13885.23669153473,8891.135218891897,16240.77257221037,15767.544612358872,15447.520443138174
53747,7262,54556,6453,0.024608501118568233,0.04623415361670395,7490.203295196376,10844.066580418406,7596.010018590318,15813.49802633332,16541.672290736213,16297.573014749525
50363,6758,50147,6974,0.01583531274742676,0.03760886777513856,13245.088149267385,9987.892865943673,7697.636983499239,17788.764596012246,17791.846192276735,17228.84906355202
58016,4484,56287,6213,0.0024449877750611247,0.013202933985330073,14308.787745984422,8594.039113429555,7853.327907117738,15262.469743287522,15793.81084172665,14901.206960187208
63922,7902,63908,7916,0.014236902050113895,0.0270501138952164,11309.153606659393,7410.335519963121,7842.274236428087,15982.543960371833,16206.887021511053,15661.327320918295
54047,5002,52547,6502,0.016271186440677966,0.026779661016949154,12267.012843270582,9159.834767548018,10709.806509461865,15954.742193897906,17009.243359996497,16344.523655917223
57870,6646,56858,7658,0.012035583464154892,0.03506017791732077,11149.496595391653,7829.816451896573,7951.639484866962,17940.951280916088,18114.353737866128,17194.39725741652
48102,4798,46091,6809,0.03505154639175258,0.05257731958762887,9633.399990586266,8302.158527717782,7406.863441371787,15856.344447008067,15170.480937163771,15446.906369928396
68383,8346,68364,8365,0.017090271691498685,0.02782646801051709,18094.254182110817,11384.885411055038,11169.543780042843,18364.107394167804,18741.021467984545,17474.877209736078
71029,6812,70409,7432,0.013953488372093023,0.024031007751937984,12371.69191806205,9307.78631565625,8896.475031542577,16023.054983233042,15639.64770640062,15566.597663193383
45981,5548,46456,5073,0.031988873435326845,0.026773296244784424,12310.116203519301,11996.528585153945,9531.883190703644,16867.500205647364,16264.260710309149,16303.145043010334
66105,7336,66697,6744,0.023496890117484452,0.025224602626123013,11192.816501479076,8372.44065355316,8307.412706425423,16427.83371154555,17023.716528186746,16965.22929599816
53019,7006,53185,6840,0.020348837209302327,0.0438953488372093,10163.05655498936,9020.67616889195,8987.280028273202,14851.423706724025,14691.561199712687,14599.929302912939
83139,8670,81961,9848,0.017707820954254796,0.04033448106246926,8375.00739025356,8502.965065891496,7473.578781780788,15993.950667740857,16817.546043978913,16666.825881433106
51792,5808,50996,6604,0.01012829169480081,0.03139770425388251,9047.344023906453,11924.647507039192,9914.05162003381,18246.32432032264,18194.304889430652,17357.407135164474
65156,6668,63561,8263,0.0076045627376425855,0.0344106463878327,11728.102512449052,9785.25951666683,10834.029264038123,16732.253240195976,16837.864676364083,16419.545769720127
72801,9568,72899,9470,0.018397626112759646,0.042136498516320474,11282.906537380892,9207.381741418743,8892.524259456804,17092.42268029763,17144.17043084403,16411.858237383174
63374,6322,62335,7361,0.008868022952529996,0.025039123630672927,11032.86305740173,8515.803821600424,8550.534948827491,16298.419775582555,16927.208204284747,16334.05604599431
74747,8774,75107,8414,0.024260067928190198,0.030082484230955848,12762.321247215175,8734.480466282293,6667.738194134712,17009.16572249472,17761.56828771778,17199.944025148186
76256,10180,75248,11188,0.015054572826496047,0.027098231087692888,13413.369145351282,11499.975459921548,9838.930806024646,17813.715612991502,18514.28091240901,17112.73368969747
73213,8012,72318,8907,0.022674418604651164,0.027906976744186046,11254.486472338822,9203.401783122512,6630.541367715465,15364.31434188179,15930.94291689992,15402.544939594873
69778,7506,68986,8298,0.03678756476683938,0.038860103626943004,12194.971156328771,11680.745559535537,9039.335326864024,15957.846254099803,16731.721568786386,15618.045375136786
61122,7522,60354,8290,0.0212,0.0446,16377.739351978153,12034.964999772183,8963.955261463992,16400.399550561746,16263.306968760893,16200.385360451934
62063,8162,61196,9029,0.0178491744756805,0.03168228469433289,15812.45559381906,12188.375762534635,10282.80396974414,16441.526630549724,16818.2873582669,16373.204696003946
47427,5934,47003,6358,0.009361702127659575,0.03361702127659574,9576.122324791768,8023.061148956573,8057.526733616002,15721.813266146062,15800.988593680093,15062.584094199296
58057,5952,56849,6655,0.010511882998171846,0.021937842778793418,11424.37649702259,14740.871583856851,8904.27255742638,16121.35511920586,17385.696126890172,16102.330065654229
45204,4972,44053,6123,0.006675567423230975,0.030707610146862484,10239.550710002999,9125.442010964112,10498.443438653547,17142.875779609647,16928.451081015442,16725.557408646062
53424,6112,52988,6548,0.010659560293137908,0.01765489673550966,8142.343584077749,10657.841077330746,7764.905263608559,17041.211290200215,17375.108897778224,16453.437475497412
40368,3732,38967,5133,0.0038109756097560975,0.03277439024390244,16981.33654898863,7995.580984301166,6882.825212929142,17144.183390808343,17228.2533263965,16290.873778658497
74076,10024,75095,9005,0.02549246813441483,0.021629972962533797,9807.080728094401,10169.688704048458,9128.736142989743,17305.2718639832,17410.467472318607,16670.9301007341
53499,4582,51943,6138,0.0067226890756302525,0.03235294117647059,6869.979608726737,4866.9038902296015,6451.474343257518,16652.467124158513,16069.081398387638,16273.286303423161
48955,6270,49116,6109,0.013250883392226149,0.009717314487632508,13762.974565431708,10501.24528412035,9038.336238793157,16723.702795950143,17180.220482110806,17181.085689456115
43108,4416,42620,4904,0.009009009009009009,0.012012012012012012,18919.152490066146,13190.380863111926,9884.17950264884,17478.138155693585,17040.147565633397,16362.078080150799
57846,6670,58127,6389,0.02334384858044164,0.03406940063091483,11013.142696172305,9935.885076395618,8727.882018791293,16927.011606070493,16492.398313154023,16185.63704604134
69074,8210,67567,9717,0.016568679850347406,0.04436130411544629,5204.217905712913,9669.947025437968,6969.233890507055,18061.773654763427,18628.243711828,17543.651576633558
66276,6624,63867,9033,0.012156448202959831,0.03409090909090909,11446.631824421565,9850.967660131892,8830.120507649492,16757.983864556827,16082.637421783103,16252.702278804121
47612,5288,46924,5976,0.02881844380403458,0.03362151777137368,13885.950520877475,8287.211339189136,8466.009474916767,15050.524208467203,16150.514935155848,15635.802938614017
102000,10896,100162,12063,0.0148861646234676,0.02736427320490368,9341.453581235124,3903.825638031981,6483.862211979223,17237.794592254708,17831.457999235867,16584.1186131307
69371,8470,70385,7456,0.030068337129840545,0.03029612756264237,12118.909527757132,7982.918621828626,8287.346675449171,16312.578570981745,16724.46026119001,16269.512744758504
54163,7838,54718,7283,0.021912350597609563,0.0348605577689243,11691.86202629657,10434.271203160273,8766.352196382904,17162.11465901722,16430.649821661005,16597.833912433678
47726,5174,47425,5475,0.027288732394366196,0.02772887323943662,9192.856188155385,7540.222861325411,7450.771281029314,16910.051039355778,18392.314492600333,17135.01522835713
81159,9442,80601,10000,0.01752021563342318,0.021787960467205752,13857.82401103944,13899.538111105736,8583.352272767439,17189.54562000336,17424.712034004835,16604.50107904875
41817,7024,42926,5915,0.05039096437880104,0.046046915725456126,13296.982225286136,11809.117813234596,7302.079716231113,16940.10409606435,16568.45905394013,16671.061110356142
58063,4938,56951,6050,0.006777893639207508,0.02059436913451512,20004.239202234705,7904.654930134261,7728.669457213978,16852.90696582444,17145.596945205467,16378.453817776674
53927,7082,54356,6653,0.023178807947019868,0.03449227373068433,13044.92479141375,10442.631519363635,8036.473617945489,15615.300778467397,15810.327432799868,15551.332370553964
62080,7616,61763,7933,0.014642082429501085,0.02467462039045553,20986.424677473628,11903.85778934943,11966.742382044975,16449.878841081005,16650.03021149705,16509.789139812063
54815,7186,54999,7002,0.04012188928390046,0.04647028948704927,13165.191340325913,13015.819060897831,11001.932589269712,15886.902377212593,16394.840363356452,15893.920671116615
43913,6712,45045,5580,0.008620689655172414,0.027298850574712645,11297.12974709259,11460.15765569148,7091.608645355414,17775.821952561953,17841.853162506442,17122.63308709908
69620,7664,68444,8840,0.006531678641410843,0.037230568256041804,8227.5484542062,11888.752719944632,8812.176294503879,16352.98299236894,17197.28621777163,16353.499082440921
38159,3866,37601,4424,0.0033085194375516956,0.008684863523573201,19814.091373709223,10664.987831808361,7633.007510511471,16142.511527928162,16876.230602674354,16559.926078245095
82343,8258,80033,10568,0.018732782369146005,0.025895316804407712,9185.642378418086,8079.841608752726,6288.346136463909,16016.449476774775,16720.237589445434,16014.85928090347
65455,7986,64347,9094,0.022153846153846152,0.02246153846153846,9353.593305429366,8712.547555131081,7875.739855949571,17544.021203518518,17145.591268430002,16709.45314383252
41804,4852,40832,5824,0.022979397781299524,0.03922345483359747,12149.596918439061,11670.580650114929,7986.13633200203,17626.884410658142,17898.547151752347,16917.570108436434
65121,8320,64787,8654,0.04415454089312594,0.05845459106874059,12894.160320724355,11111.896238432446,8035.547222705885,17760.746171001523,17698.815713216754,17386.6398702789
67839,7786,68149,7476,0.014979029358897543,0.01737567405632115,14818.158314132495,10042.245203743463,8161.072542306641,16383.799776651656,16115.70065942541,16101.179380712238
55803,7198,55349,7652,0.02576271186440678,0.024745762711864405,9245.937405611106,4769.527980842308,8310.811959259283,15642.094659838725,15707.87737348398,15831.463446052072
54041,5984,53530,6495,0.029923451635351428,0.030271398747390398,11681.283657628606,9438.2398701048,6844.059292220707,16104.74921861665,16597.85056372702,16101.495593417925
79236,7200,76713,9723,0.012998655311519497,0.047064096817570594,5388.112555084719,8440.162589668755,7840.691331616813,16618.424532710545,17054.843432999452,17648.511143608404
53330,5234,52875,5689,0.006920415224913495,0.015282583621683967,8939.504221095856,13959.658585153069,9671.280537336175,17286.888183855383,17093.790050293173,16888.85406447086
52692,4908,50490,7110,0.01703800786369594,0.03636959370904325,19890.31219403549,19234.177929157806,10331.926544493705,17635.966621855147,17760.35439059243,17051.346601671637
50809,6312,50206,6915,0.024576734025122882,0.031676679410158386,15317.552891449077,12012.289905035183,10826.093255567277,17050.83050402427,17439.580777165804,17149.048170979426
55131,6870,54086,7915,0.03157063930544594,0.03157063930544594,11595.198935112578,6935.0846447572085,6852.992202786336,16316.266080599022,16026.791119390331,15901.657270068665
64943,7418,64948,7413,0.021814006888633754,0.03501722158438576,7885.380582441253,9192.108983968672,8376.178235135343,16829.62161906487,16438.62028359047,16073.612772106293
57604,6912,56963,7553,0.007905138339920948,0.027950310559006212,8457.94064448179,8182.989741617769,8188.890746660019,17300.29578092781,17048.991152450624,16949.937035563154
61359,7810,61369,7800,0.015296367112810707,0.03537284894837476,10521.098323904804,14789.397078347418,11808.133587401087,18727.279227203308,17965.609652782176,18113.7389845661
51903,6178,49863,8218,0.018343815513626835,0.028563941299790355,8988.309807493819,10302.434244172791,11054.97609298233,16270.124473435808,16410.832970775402,16333.850205938532
50532,6112,50297,6347,0.019765287214329835,0.029956763434218655,12805.507951414233,8519.677632749057,8336.506645936715,17649.383597171123,17851.504330959633,17632.631888345557
52641,5440,51971,6110,0.007953340402969246,0.022799575821845174,11868.695105026029,10986.535486738221,11033.538472131408,17612.44796371722,17399.093558245786,17120.989355275364
58982,8618,59937,7663,0.04968553459119497,0.03773584905660377,12915.117507600513,7348.908265744671,7175.441957797043,15942.067624451707,16339.263745879005,15586.112736220388
75543,6826,74545,7824,0.005522319374137137,0.017947537965945698,10740.489243738646,8824.559568495384,8423.041081838315,18711.13402043418,18558.424255063823,18099.830375137324
64774,8126,64362,8538,0.013125911521633447,0.031113271754982984,9295.69266249539,7948.644791233883,6488.487700682148,16911.50962641831,16963.562954906607,16637.487004470604
68258,6818,67750,7326,0.015257469802924348,0.02288620470438652,16124.862444298522,11263.542884631608,7374.456551224666,16498.200233615138,16283.673991744794,15714.697678228955
58007,7018,58337,6688,0.015472312703583062,0.01710097719869707,7339.548850408225,10294.276223012677,8137.487316199436,17732.485868184718,16751.036152377594,17834.112979676862
38403,5278,37571,6110,0.02888700084961767,0.044604927782497875,9900.391739886385,8937.462563468425,10294.357534087869,17356.334875319502,16841.24778960832,16864.912525189284
56900,8636,57526,8010,0.028358208955223882,0.04253731343283582,17020.83879000424,13675.874460250856,8553.281574096682,17509.785068082485,18204.039549527344,17092.751903760545
55897,6104,55154,6847,0.019704433497536946,0.03940886699507389,8777.232204511645,9971.55282174079,10740.642168048545,16816.98585386397,17272.135923406848,16379.129796456833
76000,8100,75098,9002,0.013440860215053764,0.02768817204301075,16015.42909365995,5946.363209563694,8091.192463611598,17038.33390872597,17042.47195842846,16638.11214532299
72897,7192,71596,8493,0.012890094979647219,0.029850746268656716,7158.452929958896,6691.641160196056,6867.280541051928,17173.971550345876,17507.269604934943,16614.794080011074
78935,11666,79451,11150,0.0014970059880239522,0.017964071856287425,30570.597326552874,3651.6868382230496,7068.811622700631,16114.759910531739,16270.360221514396,15919.970046183467
73514,8282,72603,9193,0.00720164609053498,0.047325102880658436,9742.362394528807,6442.027835367235,7296.934994635249,17104.34398626738,17067.705562963078,16856.819821096837
74655,7714,74016,8353,0.016727866177070585,0.02447980416156671,7719.003090189102,7147.881782866009,8079.420653460594,15149.858351269993,15792.284597891248,15353.007722501161
54990,6514,54569,6935,0.003738317757009346,0.020249221183800622,10729.376480137124,11899.519680352398,9328.988116776118,17299.435755608418,17419.96608663885,16950.77670198739
58407,6618,57507,7518,0.010175763182238668,0.03353376503237743,15987.488400333055,9404.220579754128,11046.581620195611,17175.642204906613,17454.456307902095,16744.427911964463
50911,5258,50363,5806,0.011677934849416103,0.023048555623847573,18969.124175228295,9441.366618788032,12243.511842040001,17523.119268846436,17269.24137998491,17021.712687395324
61210,6390,60395,7205,0.025398406374501994,0.041085657370517926,9849.161274929582,8227.375690232113,9019.9966341449,17126.007516352714,16962.814505464874,16383.376028754792
48233,5128,47669,5692,0.006557377049180328,0.03442622950819672,24356.61523915733,12614.951928145574,9584.725691158672,17413.133309789755,16546.748634891956,16238.121972661795
54750,5766,53724,6792,0.009837306091562617,0.027809307604994324,18288.065883725318,11136.922801972605,10334.83090454369,16447.04695306327,16789.034546525134,15867.402907824982
71983,5858,70060,7781,0.0037313432835820895,0.019722814498933903,11232.08264952617,6585.5552263670115,6055.227234975955,16657.010814306595,17040.27472150185,16394.57078652804
51776,4868,50918,5726,0.007067137809187279,0.045229681978798585,10847.486678791376,8458.510039078214,6958.842658000418,16366.824359990294,16898.234980989644,16014.124134770549
