62275,7950,61266,8959,0.02531645569620253,0.035443037974683546,7125.53805580997,7540.399627835389,4501.290194789443,16723.459348638167,17496.828567068773,16450.522216843357
47005,5436,45803,6181,0.04395604395604396,0.05311355311355311,14944.86192010361,9632.941541827871,5877.083797723616,16370.380685264323,16801.248362496914,16816.916620890028
53829,6196,53498,6527,0.039568345323741004,0.04316546762589928,2746.6883418903917,766.6584031938123,3208.063225931189,17347.30305824658,17864.22123018414,17429.59811278932
61271,6850,60177,7944,0.02608695652173913,0.04492753623188406,5809.652200971712,4564.527505484983,3610.3374452226385,16875.245422974465,17476.186829418093,16558.717402942963
50764,6836,51275,6325,0.018691588785046728,0.029595015576323987,6677.42607382307,7590.585203997279,4236.0008550226885,16751.570828358646,16376.651729654503,16214.076299653443
69081,7648,68474,8255,0.015625,0.036458333333333336,6694.605821826191,4689.231907432202,4720.555082907601,17213.27930782908,17770.73314456275,16938.31322584675
52903,5178,52184,5897,0.022988505747126436,0.04454022988505747,4727.815249609109,3335.0114241336178,3673.6048481086673,15692.672715659279,15346.312548195445,15246.700247120763
49367,6802,49454,6715,0.022792022792022793,0.04700854700854701,4415.624763858991,4548.232292424806,4350.649874635263,16794.117470975998,16880.321316797646,16268.615986024772
54019,6006,53549,6476,0.02247191011235955,0.02247191011235955,7761.358848234176,6302.8195212734445,4273.292293193456,16122.85120087612,16344.311406905495,15664.034853417712
56271,7738,56724,7285,0.02481389578163772,0.02977667493796526,13985.050862762937,9801.974700825214,6175.868316001913,17080.119697783313,17479.890002772525,16556.90883437032
68487,7138,67923,7702,0.03178484107579462,0.05378973105134474,6420.419973681556,6052.7867696581525,4295.314398953731,18012.414236563458,18110.968262821858,17165.035329339207
49953,6216,49294,6875,0.05263157894736842,0.05263157894736842,4851.959674423915,6621.59894419121,4840.280542644353,16365.259636407854,16558.478058733435,16567.37611167625
71635,8454,70411,9678,0.00683371298405467,0.02847380410022779,3790.0890588437774,6375.104721230148,5052.2495157516,17217.51637045907,17478.588382037407,16965.137122933043
66666,7318,66026,7958,0.01282051282051282,0.03739316239316239,7612.696102595252,5175.721266224112,4012.552905347199,16726.515381570618,16623.528423212127,16509.55867144103
72415,7674,71911,8178,0.02608695652173913,0.059782608695652176,9241.302350735174,4733.724292336276,4296.307232206467,17154.94486207151,17203.67597746721,17021.691448287493
55174,6330,54099,7405,0.032418952618453865,0.04738154613466334,2115.3968225714043,1860.4115200437357,3697.269916665413,17194.46576621681,17017.46041216921,16430.23337899795
69039,7690,68033,8696,0.019189765458422176,0.04051172707889126,3400.659811928358,2860.762022346971,4003.0632430666965,16778.60185236565,16824.21272169772,16701.650348176237
56605,7404,56046,7963,0.026785714285714284,0.03125,11472.743571403651,8540.573947235704,5559.87877214805,15993.889062071932,16853.863664765762,16405.82220487825
59530,7034,59116,7448,0.017241379310344827,0.06206896551724138,15517.622208054712,10704.431910353143,4901.278131942854,16526.853691004573,17060.083350083027,16690.36523192692
56691,6310,56389,6612,0.01639344262295082,0.030054644808743168,6563.052470284132,12147.695205469307,4832.920028590604,15558.15313225891,15998.64465778416,15622.733025926094
52115,5966,51791,6290,0.016339869281045753,0.04411764705882353,17930.92418849252,7233.785219216613,5265.368511996911,16431.61074403333,16827.583159970407,16316.852820615055
67531,6998,66729,7800,0.004987531172069825,0.02743142144638404,6173.794981854847,6128.19134591966,3830.144696865038,16482.335992904154,16884.767363973904,16251.356517797954
61528,7116,61134,7510,0.015424164524421594,0.017994858611825194,6941.928623754041,2276.037584799198,3660.0708298706936,16830.438675795325,17155.135575714834,16539.397605343624
51108,6492,50847,6753,0.017341040462427744,0.05491329479768786,10548.043501179573,7753.188383857289,4806.758375226313,17497.419523119144,17847.05203581324,17189.820058634734
56376,6124,55798,6702,0.030303030303030304,0.026936026936026935,7578.48126186429,7225.259086061547,4517.594440428667,15260.741877161305,15755.212518422888,15777.311317880549
79308,8308,78179,9437,0.029339853300733496,0.03178484107579462,6848.787094683059,7823.226304163624,4678.37180357879,16245.959085678758,16194.603056120412,16282.125536682519
69748,9776,70685,8839,0.05263157894736842,0.04057017543859649,9674.467456887798,6967.0608197423435,4457.577056421184,15879.767252956091,16028.864517546177,15432.152435160306
72368,8288,72505,8151,0.050100200400801605,0.02905811623246493,5900.223520449093,3449.415141533962,3828.7367498842646,15880.363782991004,16381.46040422983,15765.677404992479
57766,6750,56844,7672,0.019830028328611898,0.05099150141643059,2200.7347859469387,3564.14063799963,4299.693658489404,16440.597676638336,16940.90520480213,16159.730708202616
52646,5918,51821,6743,0.024922118380062305,0.03115264797507788,7133.766376340446,2621.518868299606,4111.999937001135,17112.87951383669,17421.50325000825,16661.39894557315
60291,6790,60017,7064,0.014563106796116505,0.03155339805825243,8715.272525347124,2537.539882058719,3191.4095151973847,15661.399252455329,15926.341286959436,15710.581954337478
65780,8204,66170,7814,0.029585798816568046,0.05325443786982249,10630.14880214542,8938.436712516737,6799.549061581336,16155.042276143544,16609.41666998301,16271.795746560405
81664,9540,81180,10024,0.026829268292682926,0.0524390243902439,6182.536394655454,5651.357641282354,4520.063344903047,16475.671022884395,17204.221612155852,16771.371504698174
51399,5722,50602,6519,0.019830028328611898,0.0453257790368272,7797.4119199084935,4427.486226582069,4146.010416719257,16445.922814514626,16450.738198987034,16291.571574906511
54450,7054,53845,7659,0.027586206896551724,0.04482758620689655,5231.133007871302,5253.294624384468,4425.157425486309,15982.644396337451,16105.241784256004,15857.490405992252
65188,7712,65239,7661,0.005479452054794521,0.019178082191780823,1731.1596075088617,5519.8561051143415,4985.1041848974255,16892.947679756016,17100.700790186824,17334.98220228405
83775,9250,83141,9884,0.021653543307086614,0.04133858267716536,3364.747869059138,2151.979212404766,4471.467118823502,16447.772567579286,16922.96123496606,16340.992386541795
51692,6872,51386,7178,0.029411764705882353,0.03823529411764706,7940.466511699966,6143.369837004808,3766.344116511604,16422.793413062576,16734.76676980909,15814.702274099482
52030,6534,51230,7334,0.03459119496855346,0.04559748427672956,6904.138389387628,3909.4874499787966,4373.207790696045,16166.358969937886,17155.476963631343,16106.53122881644
48490,5334,48390,5434,0.015444015444015444,0.04247104247104247,8660.755020524713,4625.9793559743875,4641.855496279065,17219.363633569854,17263.324239395086,16947.572834453236
61615,6506,60471,7650,0.013966480446927373,0.036312849162011177,10504.968616249962,9214.34469381595,4921.18777186462,17048.034040821934,17225.188507543637,16883.948400269277
55038,6466,55502,6002,0.017699115044247787,0.017699115044247787,15337.738680998487,10651.969473970843,5328.501533372318,17188.24769218915,16875.804754720473,16384.658352353425
58370,7166,57504,8032,0.020710059171597635,0.029585798816568046,5759.916268269837,8658.458453954087,4576.967531308698,17009.63141601931,17580.96236573127,17002.260144252232
51211,4958,50487,5682,0.018461538461538463,0.02923076923076923,5512.156191196012,1829.208029057882,4100.31958113048,16327.641626336002,16585.071671980637,16487.054353522173
56699,7310,57072,6937,0.026785714285714284,0.03720238095238095,8887.964263909325,5272.874036121003,3888.4231794653833,16173.811242602971,16808.513307974197,16428.672747374647
51671,6410,50844,7237,0.029508196721311476,0.04426229508196721,3466.6852291747896,2783.639614844851,3359.5461051531065,17613.63394133023,17764.731005345035,17266.05788884827
67206,8970,67843,8333,0.01804123711340206,0.028350515463917526,3027.162754177279,4277.621072442964,3995.060252499913,16453.202657404152,16858.552517873504,15832.262577424446
77433,8416,76882,8967,0.017369727047146403,0.031017369727047148,2522.657300264422,1974.3460472613106,3323.5405342181425,16445.209565861816,16803.44365575362,16344.971392193413
51093,6028,50902,6219,0.03418803418803419,0.05698005698005698,4264.096182301891,2588.042644815657,2835.146034624032,16795.467923911485,16825.10008554968,16100.28786250294
54460,6056,53760,6756,0.013651877133105802,0.032423208191126277,2847.1428691935325,1977.8677761895199,3442.9286401056647,16123.283441772533,16928.795644261943,16400.501544456023
70785,8176,70568,8393,0.0125,0.04,3820.452303119912,6876.980664691537,3974.420644783086,16416.555539048022,17014.659154418972,16532.995852104217
72943,9426,72569,9800,0.020316027088036117,0.034988713318284424,8703.898057435075,4414.009219847984,3830.4123170494217,15532.472296468419,15640.940765447878,15654.25804808938
62017,6104,60570,7551,0.014705882352941176,0.03235294117647059,9328.165961117576,5252.064560931946,4439.716746186215,17166.231087854725,17414.742069354823,16640.924279129846
56810,6694,55623,7881,0.008849557522123894,0.0471976401179941,6564.315658123291,3776.582147763026,5328.439549915148,17438.246993819335,17021.579633655347,16580.847572877952
62436,8320,62475,8281,0.016129032258064516,0.03494623655913978,7551.413593380729,4198.132516689191,4544.282781277862,18335.760673389614,18271.75380977378,17896.763024740616
54967,6042,54058,6951,0.013333333333333334,0.037333333333333336,5356.969897550315,8073.622774075209,3555.7168288073576,16788.526969192477,16731.185868514058,16421.21426609632
57020,6484,56332,7172,0.010714285714285714,0.04285714285714286,3694.1119875975132,5937.933978664896,3124.258230209829,17663.771625118574,17934.305014624515,16932.772229792
57546,5958,57225,6279,0.0170316301703163,0.027980535279805353,6672.143559616772,3376.7407914345854,3197.2943650366356,17217.315292637068,16688.659393862752,16572.75950007817
53767,7242,53571,7438,0.01875,0.0359375,2104.6949804526153,5581.527111320834,3511.5817960145846,17449.969814075415,17779.70627261273,17534.95863604961
61010,6590,59458,8142,0.008982035928143712,0.02694610778443114,7855.819639269158,1958.8778651769442,3273.7755029324317,16704.64361780564,16936.637734391767,16579.272526918474
51562,6038,50131,6990,0.011204481792717087,0.0392156862745098,6869.136371053355,3734.543640177104,3526.1677581882004,16734.383783453988,16537.470154940387,16442.71663232061
48438,5386,47538,6286,0.016025641025641024,0.0641025641025641,3279.1443136264834,2632.9301409628474,3609.2859643023007,16235.921073665184,16762.507288937653,16218.30481667604
58413,5596,56477,7532,0.022573363431151242,0.05417607223476298,13280.656220726427,4784.356639502246,4000.8204036626585,17005.959574801807,16856.963652098988,16762.533079566758
47545,5816,47397,5964,0.03214285714285714,0.02857142857142857,4699.723212452691,6058.445445429142,3222.080408515772,16780.30502170998,16606.370485171206,16422.611353120803
56224,6276,54883,7617,0.018867924528301886,0.0431266846361186,7230.955736365903,3494.4335811858828,4250.890937264133,16594.312188052103,16816.86225699973,16466.23780287987
56036,7468,56247,7257,0.01856763925729443,0.03713527851458886,6413.672166093255,4786.650241797748,4625.990516401892,16846.84716114253,17091.787669958558,16650.98325384026
49889,5336,49170,6055,0.018018018018018018,0.024024024024024024,9294.669437177696,2109.262678784149,5402.696468126749,16774.571065506694,17700.8828306797,16810.761144978223
53027,6022,52190,6859,0.024922118380062305,0.0514018691588785,2877.9095264411526,3661.4426136575366,2761.649392367545,17194.00003313263,17288.777399070776,17043.75432431463
54592,6912,53280,8224,0.05172413793103448,0.07019704433497537,7715.378051835472,6659.395359433242,4665.357264623961,17113.920056678588,17243.426267070794,16908.117620619276
61640,7004,61309,7335,0.030303030303030304,0.022727272727272728,9123.32783246867,8023.160642097701,4865.647910932591,16820.85465844713,16577.904862089457,16975.401185873594
73282,8514,72366,9430,0.029227557411273485,0.038622129436325675,6024.796823639083,5787.435135863585,3800.493257026083,16263.537224407264,16572.627986992786,16304.030018911102
64449,6840,63003,8286,0.023017902813299233,0.04219948849104859,11150.733730672506,7960.2014392096635,4772.732255216388,17140.925518962213,17620.376130649944,17123.497273069683
48421,5868,47698,6591,0.0219435736677116,0.047021943573667714,12284.801480329212,8823.058176131924,4427.184416923864,16601.092485210906,17418.72336818101,16631.12896785758
71448,8076,70139,9385,0.034482758620689655,0.054022988505747126,7110.78308831249,4678.995287065983,4592.046054243821,15699.569979264055,16275.02452475958,16093.135173982717
46754,5230,45878,6106,0.017326732673267328,0.04084158415841584,3177.2506352666837,1664.8454617742748,3328.065042664183,16657.211085716222,16864.70552737708,16537.36732413402
72458,8198,71630,9026,0.02588235294117647,0.05058823529411765,10760.758217891793,4482.145009336879,3890.998434082319,17102.576318915253,16996.03783765737,16801.13046579564
52044,6520,51375,7189,0.011730205278592375,0.051319648093841645,1946.831817908047,3013.419224067848,3378.6355427857907,17520.222477044164,18252.928737541042,17399.52467791371
64603,7758,64394,7967,0.03282828282828283,0.047979797979797977,5074.288341809758,6366.241374674334,4577.265607809705,16404.604660309007,16514.111560513975,15987.807637485335
60279,6802,59748,7333,0.024844720496894408,0.031055900621118012,9614.240640803651,7990.269665323441,4438.8957360318045,15850.22519104188,16512.564686584716,16025.696338978436
54026,6490,53352,7164,0.028662420382165606,0.04617834394904458,5236.13912524387,11090.642298803476,5500.357501690342,16545.45836857833,16849.43854039898,16552.89378899444
61408,7236,60962,7682,0.01907356948228883,0.03814713896457766,6759.98569153423,6796.323025266266,3842.9968736314036,17007.441859151706,17187.01064687677,16439.87883047914
76197,8484,75339,9342,0.02077922077922078,0.025974025974025976,4962.018778540978,10169.78398289576,4122.38697374284,17016.941247654246,16951.9152932191,16565.60645751491
64172,8728,64604,8296,0.045454545454545456,0.06417112299465241,2752.749410094463,4413.184149749268,3122.631036582065,16037.172810536886,15712.964500700016,15637.362155856354
59623,7458,59379,7702,0.027918781725888325,0.048223350253807105,6296.291704011066,7351.833357016079,4479.188967321169,16724.92263112507,16749.637105464375,16490.454923997197
81625,10184,81653,10156,0.012376237623762377,0.03341584158415842,3763.7450819445585,6664.876439786249,4073.8346575375826,16357.223377344786,16949.851924309016,16376.019762772821
70144,8256,69684,8716,0.014598540145985401,0.030413625304136254,7392.3980021825555,4591.866742150747,4482.926136416613,16881.07607057814,17452.283714674635,16576.827266354743
57078,7438,56904,7612,0.037800687285223365,0.03608247422680412,9180.738342681403,5064.98323138707,5609.609531723651,17478.268807671302,18243.347261130355,17308.077620352768
55923,6078,54928,7073,0.008902077151335312,0.017804154302670624,7805.072973516075,1381.5977225263298,4126.707486200612,16216.082536153226,16605.961737392685,16184.974449555377
64256,7568,63727,8097,0.030162412993039442,0.04640371229698376,5562.395984145191,2092.362028403607,4253.03994037917,16890.958036601085,16945.096943789824,16861.078513275592
63425,6800,62495,7730,0.030373831775700934,0.04088785046728972,7836.936203440499,3692.58302475796,4832.7579085308935,15760.900094837772,16656.074626691996,16387.978194699383
53448,6088,53436,6100,0.014336917562724014,0.021505376344086023,10191.51734768753,1319.7209291031802,3955.214972895588,17054.94860248466,17185.382961763553,16961.462724907993
62504,7192,61719,7977,0.020100502512562814,0.052763819095477386,8057.20221572646,4490.297347962795,3179.3172997195425,16269.642878436927,16393.9316118314,15710.381737339201
71119,7842,70178,8783,0.0171990171990172,0.033169533169533166,6173.0226556225025,4783.908170745485,3231.3703201957514,16407.870292479372,16548.552307087288,16053.071480618768
69471,8370,68694,9147,0.024330900243309004,0.04866180048661801,6422.3695691335615,2856.4852827818645,4151.281434294606,16159.305218423464,16357.398987697994,15885.299570903257
54505,6504,53428,7581,0.023026315789473683,0.029605263157894735,13423.15338853153,7334.8049125585285,5052.956969809095,16765.795071047058,17052.36885479728,16666.536264446735
58801,7248,58838,7211,0.018617021276595744,0.031914893617021274,5438.075269790853,2366.2887263165303,3593.5001757705195,17369.16734100946,17177.2633786024,17089.07390748553
59342,7222,59037,7527,0.023872679045092837,0.04509283819628647,12825.694958888249,6990.530606847085,5433.3139824962045,16588.49032047701,16769.144339474442,16544.567751994688
68884,10640,69930,9594,0.01881720430107527,0.06989247311827956,7812.030355882949,4975.091033421781,4049.173085133865,17089.970690756763,17648.399223643974,16978.83209973405
67351,8274,68060,7565,0.020671834625323,0.027131782945736434,4366.052193070393,7054.478300653036,3824.5526565865744,16196.000217565965,16115.628285922936,16101.026090050143
60243,5806,58421,7628,0.014492753623188406,0.04589371980676329,7557.008330751701,7094.016106768258,4864.131855317073,17099.848030638903,17047.434350609874,16646.798665173203
79295,8914,78197,10012,0.011337868480725623,0.034013605442176874,3190.7548253658742,4734.118252643572,4153.673054884938,16768.58035046767,17146.560027601347,17011.289060832798
61989,7180,61477,7692,0.033854166666666664,0.033854166666666664,7064.51530485515,3730.18634846691,4456.969013605221,16281.582158014455,16590.05665157087,16136.266906518593
46407,5122,45617,5912,0.0043859649122807015,0.03070175438596491,26694.790450559718,7073.904259458845,3623.696278928839,17328.802299846244,16941.459269587103,17162.836300879262
65330,8654,64873,9111,0.03389830508474576,0.04519774011299435,10080.820929032334,4552.611195918364,4432.454557357892,16067.457980060955,16208.09810259549,16367.063037271953
46149,5380,45455,6074,0.023148148148148147,0.041666666666666664,4552.150508318405,2020.7073168968261,3111.347132770677,15817.441300210434,16803.43599662113,16283.2087337487
58572,5944,58573,5943,0.025714285714285714,0.015714285714285715,6412.162893737438,4592.052727351912,3064.2077113937034,16219.063523593091,16742.1326778659,16308.979228910004
58102,7434,57566,7970,0.03323262839879154,0.054380664652567974,3527.6874352654104,4057.0330675101045,3207.2117152868987,16209.682280456116,16534.38076195324,16357.884975923138
67591,8034,66910,8715,0.02030456852791878,0.044416243654822336,5560.156535726721,2328.051010721924,3425.6994169287004,16018.301076852646,16479.778924848935,16079.916169465754
65756,7144,65185,7715,0.03926701570680628,0.015706806282722512,4878.75007384688,4762.70508698741,4736.469811388018,16670.403514451817,16837.046024458617,16731.59684728746
60779,6302,59714,7367,0.018223234624145785,0.05239179954441914,2301.843131909953,5951.476952752083,4903.578089283686,14914.596717110999,15753.316332725792,15757.375869375997
44123,5606,43805,5924,0.01238390092879257,0.032507739938080496,4782.790660523707,1689.9468640162672,4705.247065678939,16465.336120617932,16705.14568888746,16634.464327858022
59679,6370,58083,7966,0.036855036855036855,0.036855036855036855,4654.928306036322,5062.092378212819,4467.859106939089,17651.7325082104,17227.876359573114,16910.719162035493
78993,9216,77575,10634,0.027247956403269755,0.035422343324250684,3961.8556722494786,2519.759267030753,3269.139824437278,16871.00976835478,16841.5132370552,16814.101588291942
67247,7282,66589,7940,0.011940298507462687,0.026865671641791045,11117.964162015436,5564.8715975794685,4239.456832980392,17363.81873146869,17333.056731771147,17030.660048813512
48591,5698,48111,6178,0.03164556962025317,0.03322784810126582,9879.560121922288,5499.665160113449,4566.636165116109,16873.42590332588,17445.04141694148,16592.856719527725
59016,7548,58941,7623,0.06340057636887608,0.07348703170028818,3473.971297802,2609.386720458144,3436.488299073139,16103.079888050723,15801.595156712137,15736.522897069854
53893,6132,53164,6861,0.0189873417721519,0.03164556962025317,8962.693347222536,4794.2170258707165,3522.8255760625316,16283.912393140641,16175.25037636819,16003.320262603675
53578,5958,52592,6944,0.023809523809523808,0.05952380952380952,4893.356355522215,3653.2997106400394,3350.606158968793,15458.912961238451,15990.274260824273,15758.117114932122
50456,6188,49853,6791,0.017543859649122806,0.05847953216374269,4927.459738120648,3098.711022284325,4771.695495679012,17556.109745993836,17633.285181505707,17166.5947562263
54849,6160,54759,6250,0.031746031746031744,0.03854875283446712,3562.4629287678786,2610.0063808678897,3572.7180661957555,16276.12063385027,16470.039853906706,16586.016752350155
71496,9160,71516,9140,0.0182648401826484,0.03538812785388128,5315.772595076418,2708.3966816264833,4132.489146597947,16881.08788313212,17085.492362353598,17033.484856159543
55573,5436,54051,6958,0.013468013468013467,0.03367003367003367,14771.203662069838,8226.633289464979,4564.902355798678,16947.935853994615,17232.584311344435,17023.64619591939
59079,5946,57890,7135,0.014164305949008499,0.031161473087818695,9997.45391966428,2038.9188834850274,3726.0063990067133,15817.609093817146,16033.324845517782,15421.697477176096
59281,6768,58742,7307,0.012307692307692308,0.027692307692307693,4736.946580442174,2799.573458475718,4262.842983901368,16389.601502422775,16185.6694195271,15887.119433518325
57353,6656,56773,7236,0.02005730659025788,0.04871060171919771,6202.747258515677,4205.5683132014165,4689.27141217012,16426.51686234364,17192.813879922913,16149.353941041301
56254,7250,56199,7305,0.019178082191780823,0.030136986301369864,5201.979017479253,4075.941155083387,3325.6535131581104,17149.765633524385,17491.65266400942,16643.136097739876
47021,5420,46769,5672,0.02857142857142857,0.05714285714285714,7744.970709025484,5251.04579652434,3836.3129930167574,16830.45001453164,17483.956929699543,17112.150970625302
62204,7492,61361,8335,0.015789473684210527,0.02631578947368421,4757.091689521977,3394.00632064222,4111.635665851932,16169.552175136756,16096.161157211185,16010.987336627266
59122,6414,57580,7956,0.018666666666666668,0.052,3625.945134336463,5327.241589147219,3612.303397972057,16299.086607663652,16567.04884329332,16560.79354188939
71763,9462,71968,9257,0.017456359102244388,0.032418952618453865,5893.376939688641,2727.4389920815447,4796.224851306177,16870.234578281972,17456.254090815266,16965.04416973265
63254,7502,61617,9139,0.04228855721393035,0.04975124378109453,7047.647713823939,4973.075655418439,3328.198136739284,15871.39714400255,16139.991465893858,16253.5487139265
67443,7086,66563,7966,0.048,0.052,9109.289012639121,6221.029398019487,4188.378015271987,17044.739126009856,17036.093353312383,16523.222055009508
55248,6256,55200,6304,0.01639344262295082,0.04371584699453552,8828.367254650278,5402.586103478192,4888.223320961231,16111.98318592562,16159.450264757532,16260.693703272553
50449,6672,50246,6875,0.03636363636363636,0.04242424242424243,6284.147306611347,4842.989192353464,5281.221377687328,16154.503794606624,16475.099694552282,16426.552769708243
43515,5326,43160,5681,0.03754266211604096,0.06996587030716724,7093.248717404751,5296.612750075837,5257.788221074674,17062.14457864182,17098.491676188867,16629.15500935726
69326,7958,69265,8019,0.03111111111111111,0.042222222222222223,4430.37223099016,3211.9393068123245,3379.869762183617,16102.632439258032,16147.479393988298,16190.982863529607
48346,5478,47259,6565,0.01773049645390071,0.05851063829787234,6877.446990366504,4237.201662939592,4339.437288917253,17071.601926858068,17282.60415973528,16074.825970821095
63334,7422,61342,9414,0.023923444976076555,0.04425837320574163,5591.590852909913,6592.670847628131,4299.835848055642,18047.271471429427,18264.24128261051,17234.399669529565
77685,9340,77061,9964,0.047619047619047616,0.06832298136645963,7664.276802419103,6848.121784142528,4523.06392403049,16533.359107998505,16707.396335184298,16468.005581040637
56147,6854,56037,6964,0.020876826722338204,0.028183716075156576,7923.566165666263,8609.546144992675,6541.100701672516,16557.377758556202,16837.233918126858,16550.506346937418
53458,6078,52445,7091,0.019801980198019802,0.028052805280528052,12185.353539776634,7332.7782123360585,4807.201511350429,17168.039530853606,17470.53712277369,16750.808195940073
60535,7586,60472,7649,0.031413612565445025,0.051047120418848166,11111.863501661668,9123.017975741835,4645.172395111412,16396.738255629945,17000.52933052085,16556.923198193632
65952,8032,66152,7832,0.0273972602739726,0.052054794520547946,7009.778939665019,7797.358367327211,5286.82094611531,15735.479901647719,16010.21442286943,16049.072624686783
52281,5800,51152,6929,0.03986710963455149,0.046511627906976744,4900.893917307949,4413.291489452235,3727.2973205343187,16215.51637324656,16429.134893504153,16310.663571591913
68275,7350,67526,8099,0.020930232558139535,0.056976744186046514,6137.064275077067,10317.316490269506,4560.596438749098,16176.111678395642,16660.648418690373,16534.430076807283
60206,6358,58621,7943,0.019230769230769232,0.03159340659340659,7697.720889544486,4873.961742131011,4566.770167148734,15449.248241166993,15547.687516774467,15329.300784845635
62857,8432,63249,8040,0.02064896755162242,0.04277286135693215,4070.418579976083,2464.672246528026,3363.281484287096,17069.483926080018,17357.134726077064,16402.66308122679
66832,7152,65146,8838,0.023746701846965697,0.032981530343007916,8541.041814753487,2290.5338374581224,4280.27350793615,16600.48327834366,17015.71872575927,16468.573549436966
79377,10024,79013,10388,0.039923954372623575,0.06939163498098859,7803.619444096829,4215.3162825045065,4022.6613617705184,16405.451806415054,16586.55880126609,16289.21755836108
65382,7518,64349,8551,0.01937046004842615,0.04116222760290557,10066.260959605956,5043.994984445776,4824.479411910785,15989.015315645676,15769.866368139314,15634.90232472699
51854,6710,51546,7018,0.029069767441860465,0.04505813953488372,2435.719697744892,7048.035840338607,4304.807759276666,16981.212043493557,17354.943621282735,16482.493247614217
52694,6842,52600,6936,0.018867924528301886,0.03930817610062893,6966.659997153719,5588.3161734245705,4939.338871645063,17325.553431822973,17623.99386617993,17325.329544872755
77325,9700,77544,9481,0.04987531172069826,0.08104738154613467,5045.855256100214,4762.304559732983,3552.90327761848,16903.19101769011,17406.93035868156,17015.113950857478
56684,6820,56037,7467,0.014285714285714285,0.032857142857142856,10806.063834731849,7607.684415357194,4138.626333132625,15598.143927094237,16106.454326779238,15483.91600886414
57799,6210,56720,7289,0.016611295681063124,0.036544850498338874,16878.384438270885,7006.393343804183,4354.00692831884,16859.281451215662,17274.986840576224,17125.059960820403
61819,6302,61382,6739,0.026865671641791045,0.03731343283582089,9347.9154266892,5811.395109081567,3604.6903220103704,16688.573923061373,17299.554899333038,16263.571522392125
69217,8624,68722,9119,0.03811659192825112,0.052690582959641255,5519.308208999929,6285.016341126202,4624.683940270153,16669.34957260759,16900.7142470848,16920.776921939017
50943,5226,49627,6542,0.02608695652173913,0.014492753623188406,10820.035101954702,6849.224688289729,4477.189152180669,16342.144972519558,16575.650414706746,15846.831844003258
58371,6654,56725,8300,0.028645833333333332,0.06380208333333333,12145.643801252088,7058.664665093153,5200.405570721152,17267.67428188026,17492.14384293854,17255.410200672075
50289,5880,50210,5959,0.023076923076923078,0.046153846153846156,3558.3994376192586,5783.666663996874,4126.80943147317,17681.829377124053,17980.348605222356,17124.647815218854
58893,6132,57519,7506,0.022435897435897436,0.035256410256410256,7194.1491998691345,4221.986009858993,3935.840006072889,16814.308573300277,16838.340861098626,16548.914346301237
52715,5366,51552,6529,0.03125,0.052556818181818184,10951.667559331807,9191.657406200644,4451.1979119564485,16673.475507078096,16892.323447555224,16700.244454812713
68310,7866,68186,7990,0.01977401129943503,0.0423728813559322,1837.1162398282668,2479.3306504201896,4483.737881571339,16381.955834347178,16602.03196631398,16526.41089412984
71659,7302,71080,7881,0.01951219512195122,0.04878048780487805,7984.482353069314,4958.2375677490945,4505.350216240253,16887.89414251736,16871.800355507945,16488.30775735172
59493,5532,57647,7378,0.01485148514851485,0.0297029702970297,7817.255795238413,3179.2030263741676,4953.626267827092,15258.067046940241,15775.218266264841,15553.136266724567
46503,5938,46098,6343,0.02711864406779661,0.061016949152542375,7584.0259792831785,5487.156813069214,4123.581624067987,16402.578689113852,16428.35072678601,16365.201018457394
63281,6944,62195,8030,0.01201923076923077,0.028846153846153848,4254.194915877209,3317.221674655979,4229.743147415029,17566.780956607203,17607.54173398388,17440.50678722521
77759,9266,77377,9648,0.01293103448275862,0.02478448275862069,2887.7349273963723,2417.314214010114,2991.670015230919,17016.862581816767,17204.71671325356,16932.76751821874
64828,8072,64600,8300,0.028132992327365727,0.05370843989769821,8425.442457749954,5254.687935127026,4209.694550951726,17290.97740578852,17058.238289046658,16678.773501465803
57388,7128,57606,6910,0.018808777429467086,0.054858934169279,6703.559758069521,7276.822000815978,3915.54768905623,16804.889645286185,16773.336849314393,15920.238105945855
63691,6534,62207,8018,0.014218009478672985,0.03317535545023697,5978.015521773155,5559.568317874196,5217.46188248285,17581.624551242738,17450.603474498414,17173.009477582113
60115,6966,59937,7144,0.0330188679245283,0.01768867924528302,6971.130619745406,10243.446756349857,5706.569658948965,16309.983005470696,17169.756647609003,16503.746771740396
67382,7694,66055,9021,0.021321961620469083,0.031982942430703626,4337.337819237653,10484.18714274275,4974.034850800852,16711.90217468146,16862.18250857644,16411.745748001224
55187,6814,55489,6512,0.027777777777777776,0.025,5578.975750951936,4342.889094441568,4695.591091859467,16556.560464678536,16719.601832375836,16306.167716090744
52468,6096,51392,7172,0.03582089552238806,0.05373134328358209,7066.014559942661,7168.804322905544,4821.115395937733,15783.018460884568,16386.838201114584,16122.290065870919
56233,5768,55494,6507,0.026239067055393587,0.043731778425655975,8274.863494659381,10142.32707010223,4552.997267720224,17096.985974743195,16793.29681558756,16499.4262786406
49658,6038,49424,6272,0.013937282229965157,0.0313588850174216,1264.7351236049726,2119.959580337012,3827.638652991017,15941.505187878922,16751.272149570843,16130.298037521805
56067,5934,55669,6332,0.03164556962025317,0.02531645569620253,10018.039790447914,5513.303052566305,4097.872928888699,17154.849637505977,16944.564645134284,16787.560316921903
59592,5944,59247,6289,0.02570694087403599,0.02442159383033419,13783.878641820982,3534.8371209797624,5450.269586075138,16149.940425503297,16412.471847661654,15722.146705210658
67860,8316,66811,9365,0.032036613272311214,0.032036613272311214,7833.535282097204,4653.642709583749,4106.5330092739,16282.698440205359,16653.024465560877,16298.463326342262
70382,8018,69270,9130,0.023316062176165803,0.04533678756476684,2635.641979102094,3651.052675234706,3515.950443691983,17012.19914293646,17260.92278961607,16507.882137181754
58446,7090,57679,7857,0.016574585635359115,0.024861878453038673,9251.001456614658,4872.417636402134,5380.9572770299865,16556.019445620026,16670.60720635626,16007.850432544357
53491,6534,53216,6809,0.020895522388059702,0.026865671641791045,5279.157956111218,1922.6941697622772,3543.8703703059473,15782.640574616295,15837.508431378465,15888.233536860778
59717,7364,59346,7735,0.03341288782816229,0.032219570405727926,6719.704893317882,7464.872618713789,5396.830888091536,17091.378037343216,17452.849506988037,16710.04582296232
47725,5636,47338,6023,0.022727272727272728,0.045454545454545456,4114.341063374816,6109.34336355911,3733.1928483874503,16977.435451249108,17633.54201603506,17083.324714035032
61426,6174,60494,7106,0.019498607242339833,0.04735376044568245,5507.55978647885,4161.8533646505575,4415.063440199482,16200.259835280685,16148.136435583012,16669.63909490364
53801,6224,52683,7342,0.009230769230769232,0.046153846153846156,5395.838265901818,6568.208255480387,4373.852249553255,16343.641445825693,16344.820573079067,16557.362938587128
54956,5560,53527,6989,0.021341463414634148,0.03353658536585366,6962.388349745651,8309.568161704325,3958.308403241891,16344.223102300482,16417.040930496518,15805.459159239645
70117,8844,69280,9681,0.015463917525773196,0.03865979381443299,8573.75598065066,3685.682035707826,3372.870870484338,17372.072158005623,17649.959086903084,17081.440687759594
70475,8486,71235,7726,0.03002309468822171,0.042725173210161664,10604.777339876277,5189.419255725594,4721.668017434275,16236.308477188977,16352.241588826955,16317.416998461793
64094,7730,63613,8211,0.02696078431372549,0.04044117647058824,5796.7065473170405,2676.0355677679145,3764.973467050619,17451.15428074954,17755.679614866454,17073.629643732835
65005,6284,62865,8424,0.012953367875647668,0.046632124352331605,4381.463359255913,2571.4288682588794,4926.121088358909,15938.462691443412,16926.99764742768,16565.590134029382
56528,6976,55837,7667,0.019543973941368076,0.02768729641693811,3217.8117178266816,3332.9711881585154,4545.726679768483,15303.655860895851,16210.49929388771,15373.663599893998
68595,8134,67519,9210,0.030373831775700934,0.015186915887850467,6656.301070106595,5031.996513411853,4473.705347638736,16626.849505268943,17619.600944665483,16730.115058308747
66249,8280,65977,8552,0.04132231404958678,0.05647382920110193,9469.3507377894,6114.327815451213,3835.6312902932473,15331.177656978822,16364.839201364857,15860.450344789573
71939,7022,70616,8345,0.015306122448979591,0.029336734693877552,4849.709641881097,5106.089262470692,5462.189058667902,16899.6515385557,16942.2154486044,16315.851155972514
50295,5874,50154,6015,0.03115264797507788,0.01557632398753894,13992.209572319804,2014.7924796365746,3549.9268378340385,15337.719980105707,15745.905523765385,15517.859982753276
59911,7170,59723,7358,0.040123456790123455,0.043209876543209874,7442.408606590126,7405.783240931537,5149.089369201696,16909.666282104892,17075.39800732927,16613.047820291926
62564,7132,61921,7775,0.04229607250755287,0.0634441087613293,8128.963886502422,5926.845608460507,4773.988597953337,16458.405950027172,16914.687829862265,16257.233541613909
61801,7368,61300,7869,0.02617801047120419,0.031413612565445025,4690.351681336973,1813.2890472016206,3777.1444394557616,16932.32378851799,17017.314592484123,16342.688183896755
73488,8308,73029,8767,0.01037344398340249,0.01970954356846473,3839.592518962534,3121.4710592253828,4110.026355340178,16470.204569615093,16675.072688023174,16739.78227242744
61482,7162,60668,7976,0.018223234624145785,0.022779043280182234,4327.707967618329,9184.802448156814,4233.233473491259,16717.529205992014,16914.891573410318,15978.429988649816
68357,8372,67826,8903,0.024725274725274724,0.038461538461538464,4775.0787697017495,5011.06862364829,4514.741524255782,17563.623612300584,17333.651467949094,16983.714259766635
60813,7308,60129,7992,0.024498886414253896,0.036748329621380846,11544.534197850851,6167.685261912208,4413.922991653824,15912.942446859008,15999.55957104865,15887.361965496932
56197,5804,55069,6932,0.053125,0.021875,5060.866857195323,2261.9397300059204,4258.287232207232,16208.213382886015,16015.22935734358,15824.41588450164
54267,5758,53225,6800,0.028391167192429023,0.026813880126182965,8829.903249675493,7214.833019477219,6109.698251296669,16577.630734433795,16439.50707297988,16327.05095158332
61676,6968,60361,8283,0.03273809523809524,0.03571428571428571,6090.548399781429,5086.359175106692,4405.786889009141,16403.4642400323,16258.7399611618,15956.186724081805
63063,8226,62942,8347,0.01764705882352941,0.039705882352941174,4038.481315150386,4102.844995354691,3388.5258610593237,15449.744221089073,16218.595402772728,16256.785972131032
62976,7780,62710,8046,0.045112781954887216,0.03884711779448621,8185.169051148438,4464.305505733678,4372.329738005077,16970.179033616652,16971.199157367468,16515.98540773067
62929,6240,61579,7590,0.022857142857142857,0.03142857142857143,8600.16448593391,3425.1796928227745,4791.779439817387,16183.297803803858,17165.667198135277,16140.685173039104
55589,6412,54515,7486,0.017902813299232736,0.04219948849104859,2373.3183599571703,1691.6757466360407,4058.6007158596312,16628.457657297233,16363.211654648117,16438.907022212155
65423,8018,64880,8561,0.017326732673267328,0.038366336633663366,9681.424637930506,4368.085327408949,3484.1697813641645,16055.054669540481,16291.200740816053,16020.472266184433
47589,5772,47114,6247,0.03785488958990536,0.02050473186119874,10710.163856263069,10340.514375224668,5000.660911632816,15185.05396878582,16476.349498744923,15595.269786364755
75614,8486,75434,8666,0.024830699774266364,0.03160270880361174,4707.641890231774,5617.213588689481,3726.4525367218716,16682.971463679256,16688.289640407445,16495.321303917703
49849,6320,49317,6852,0.030303030303030304,0.04924242424242424,6799.660169151456,9195.444766486367,4695.535571251093,17124.524941521635,17278.08022276385,16450.56028393988
64341,6948,63835,7454,0.01912568306010929,0.056010928961748634,8419.907747961302,4789.1408649081295,5446.162526295335,16564.88102266157,16006.39256364311,16356.309143566925
70635,7206,69844,7997,0.011363636363636364,0.01818181818181818,1312.2698053920362,5843.797430438575,4195.999900649108,16965.12962672461,17153.836870743293,16946.624076516786
50506,5190,49349,6347,0.015345268542199489,0.03836317135549872,6114.34980506631,4659.050485960378,4415.537613003993,15547.911786286066,16478.93917334175,15993.799573686456
58494,7042,58843,6693,0.011494252873563218,0.02586206896551724,3320.690484127619,5016.098945864453,4797.4737439629625,16438.480063168798,17159.60646207941,16656.654714449043
69340,7944,68440,8844,0.021447721179624665,0.0388739946380697,10023.275338819447,4196.817067497799,3173.745457552529,17566.388321119965,17433.19833478938,17038.59707381991
70191,8770,70096,8865,0.01201923076923077,0.03125,4622.591388499684,6291.992757056956,3935.5929254626635,17100.269776774338,17024.64237562864,16981.639717920232
71568,7956,70924,8600,0.015486725663716814,0.03650442477876106,7702.587133057929,2284.481571164587,3546.7946980600645,16982.385610571335,17010.786540046523,17047.078566430213
42936,4588,42719,4805,0.01171875,0.029296875,8789.908140649832,2743.8155591871814,4207.4414637669115,16748.264025107208,17813.784238894306,17221.913288056596
73164,8632,72563,9233,0.01834862385321101,0.0481651376146789,4080.793443956227,4113.346841702662,4846.104813619686,17387.999725182235,17321.40426787516,16930.331655281825
58249,7800,57706,8343,0.02586206896551724,0.02586206896551724,5064.046148555654,4824.282123932041,4430.958235126532,17712.251124541912,17483.582198411514,16725.46928559235
61095,5986,59554,7527,0.014005602240896359,0.02100840336134454,8015.613305612851,4768.44439703651,4979.164542963119,17403.30104630522,17049.5864724308,16637.611972745603
49615,5610,49248,5977,0.033846153846153845,0.05076923076923077,3165.402680029777,3166.370653651678,4312.208843866522,16514.727172293187,16715.88647503485,16388.145961497838
55951,6050,54476,7525,0.021875,0.05625,3181.6366619979203,3021.408097717674,4094.020404137649,17405.554450586045,17611.552318845963,16856.59187122756
49343,5882,48855,6370,0.02023121387283237,0.024566473988439308,17802.28113809746,15545.13797220027,4739.06173993012,14741.144253198408,15420.322434092466,14957.42461575128
55263,5746,54692,6317,0.019337016574585635,0.029005524861878452,5184.909538643934,2535.919764719678,4219.282112740685,17282.280780828652,17491.534545359726,17029.377713332047
54685,6324,53813,7196,0.043478260869565216,0.05555555555555555,10487.1602190771,9992.972805408259,6361.98205077074,16044.802745141038,16139.627482530344,15750.273361399728
76234,7866,74897,9203,0.023655913978494623,0.053763440860215055,3953.7820703146676,5800.204844118326,4340.578924287536,16200.52987634052,16302.786958450288,16245.028928104439
48035,5326,47568,5793,0.035842293906810034,0.05017921146953405,4141.803744257379,7835.309346774875,5134.010158267813,17124.497330287333,17371.385407468868,16740.947351185896
52108,6456,51303,7261,0.015197568389057751,0.04559270516717325,2515.205085655188,2669.5181249909288,3992.2307122018206,16530.98021641713,17347.463759401657,16798.76024225065
57251,5750,56149,6852,0.006825938566552901,0.034129692832764506,10684.328912922838,6898.931618060759,3855.98540334824,17148.014222487403,17542.148114819225,16641.450854319282
49897,5328,48657,6568,0.029900332225913623,0.06478405315614617,7283.49876292359,5353.547313182845,3887.4756144758226,16826.355110212404,17020.737155213377,16987.839914431403
50857,5312,49701,6468,0.014336917562724014,0.025089605734767026,3786.651590945023,8262.158804679204,3960.3039971789026,17107.45731391604,17722.45317789921,17111.248532599628
50456,7144,50282,7318,0.027777777777777776,0.05246913580246913,1765.9060867400365,5989.830928124809,4831.6201409796295,16584.822130056247,17327.54105677965,16854.388514389517
60018,6546,59014,7550,0.02127659574468085,0.031914893617021274,6842.196897279343,7025.529495919603,3916.6980106181345,15836.629768070596,16502.139544584457,15856.627810964023
60533,7588,59780,8341,0.0391566265060241,0.045180722891566265,6014.447243991767,2561.854932971028,3074.892324396569,17488.581967163547,17723.21534455512,17406.919505953487
53933,7076,53646,7363,0.04013377926421405,0.05852842809364549,6967.908280033046,4165.022152418615,3720.9096333927887,17210.00639808592,17862.72386769143,16701.400524948607
49968,5728,49058,6638,0.018867924528301886,0.05345911949685535,5708.551854628717,4387.818493992802,4049.1801853488478,16603.697629240687,16955.045245986224,16620.887121230528
58713,6312,58387,6638,0.012468827930174564,0.032418952618453865,9093.417377480431,5828.684891190045,3970.6828788783428,17835.164908845185,17103.638198344557,16704.145912638312
66326,7658,65610,8374,0.012468827930174564,0.0199501246882793,17509.99761729371,2123.010911635409,3789.237712652714,15291.772247917475,16181.003215166045,15581.208701120013
59496,8104,58748,8852,0.041935483870967745,0.1064516129032258,3544.186098090141,2065.5250951230314,2842.883682070179,16211.239726883545,16249.01326252846,15843.953862963535
56658,6846,56652,6852,0.036312849162011177,0.027932960893854747,6215.854771502064,4089.08154193642,4477.86918972568,16286.351186352722,17084.358818537254,16694.111525690274
60479,6602,59262,7819,0.02459016393442623,0.02185792349726776,4515.649840265782,4374.988036536157,4225.858466160839,15932.459679433114,16312.563330349072,15583.899096553636
70367,8594,70676,8285,0.01707317073170732,0.03780487804878049,3790.0194042711228,3625.0818912456084,4108.982089682647,15789.592936656254,16147.444498937442,15845.66277753931
70447,8514,70325,8636,0.032432432432432434,0.04594594594594595,4556.683190883924,1647.3434589152653,3242.7715249347084,17185.37850375826,17193.06851054677,17027.148040566415
67781,7844,67484,8141,0.030456852791878174,0.0266497461928934,5948.459599387104,2742.8171514205883,4696.23900606286,17044.779527653114,17304.196366081767,16831.942017321435
65362,6462,63533,8291,0.017543859649122806,0.041353383458646614,3692.8143754788503,4708.349652053409,3809.044558121985,16875.986980545746,17375.164463295343,16969.62735646001
71108,8416,70639,8885,0.02654867256637168,0.02765486725663717,9506.748498754152,4610.032543008076,3993.741648685451,16914.478322212548,17463.096269374695,16933.86460046417
48067,5294,47754,5607,0.0421455938697318,0.04980842911877394,8610.401380301424,7788.425505106458,4295.565142120784,16873.923630213234,16851.206120372917,16500.975172725266
59941,6108,58453,7596,0.018469656992084433,0.04353562005277045,3666.5689190464896,4053.585442535646,4157.044228254269,17202.852704026376,17473.342307808485,16993.56368762172
57512,7004,56964,7552,0.024886877828054297,0.029411764705882353,5111.680086154037,5265.752342879888,3749.0545275925133,15706.65478565706,16459.664588084033,16128.826280571115
73909,8460,73656,8713,0.02027027027027027,0.0472972972972973,6403.649780145987,4265.687784537748,3127.033100578743,16496.008193662816,16668.402301712984,16287.060059493655
48251,5110,47549,5812,0.003952569169960474,0.01383399209486166,732.9905838940249,3333.554034564296,2826.9572537947197,15485.798949192265,16034.54791569698,15656.301563189532
56520,6984,56962,6542,0.019230769230769232,0.04945054945054945,10750.64308083558,10921.140151796286,5237.445298835026,15674.775125386328,15708.274565566713,15480.199897221266
51813,6268,50935,7146,0.04854368932038835,0.07605177993527508,7949.230939196451,5587.614235043917,3448.844359040531,15542.301658325052,15579.844456817857,15545.140174386213
47549,5812,46922,6439,0.011627906976744186,0.025193798449612403,6909.275190633995,14946.386652110583,3226.258164120665,16916.553230005775,17986.872152244654,17460.981246474348
53580,5956,52612,6924,0.022151898734177215,0.04430379746835443,4896.546817115712,3193.0266669817784,3769.8216017564846,17926.554801568003,18091.404726500677,17374.78676667555
46058,5018,45714,5362,0.02097902097902098,0.03146853146853147,5336.274069196647,7196.638698094833,5880.633461935753,16543.074357066922,16810.217095814503,16384.553620772313
58682,5834,57914,6602,0.014285714285714285,0.04428571428571428,6754.225983737042,3947.4476115484076,3393.8741122480483,16934.623839466865,17035.078038730877,16917.084050972426
60638,8006,60568,8076,0.022082018927444796,0.03943217665615142,5613.041461404324,3992.5958867467007,4193.3902332796315,17604.871041668743,17627.999921379836,17239.316176436085
62699,7526,62560,7665,0.021621621621621623,0.04864864864864865,7110.903078414408,8213.673247812763,4466.86905486299,17551.84177561667,17770.540813090272,17128.809354783698
60305,7816,60260,7861,0.01873536299765808,0.03629976580796253,3696.1748375840043,3288.981310590946,3841.414212109982,16839.658932927327,16235.695137340075,16346.808179694483
71364,8160,70612,8912,0.024242424242424242,0.04242424242424243,8978.415884162345,2175.998238729268,4972.045269231361,16179.606601042145,16192.738897420028,16046.648315427397
60555,7566,60623,7498,0.02040816326530612,0.037900874635568516,12744.453538268745,8668.297091084289,4429.315231381029,16935.87913525098,16460.190995377692,16386.702413220966
71749,9476,71437,9788,0.026442307692307692,0.026442307692307692,4878.000068367151,4567.643073259041,4370.533045544835,15729.567276396012,16067.910054057475,15530.802837681593
49888,4868,48976,5780,0.01818181818181818,0.022727272727272728,14411.372315555149,12136.173182047123,4415.631348648727,17968.13530580364,17677.76780733428,17457.92682310246
47162,5738,47475,5425,0.02097902097902098,0.03496503496503497,2037.4038089020012,5791.449947998454,4962.888845291951,17221.826594468002,17382.07451847857,16716.084791963713
44988,5188,44642,5534,0.015723270440251572,0.040880503144654086,7561.568537315895,5795.135181928407,5111.803346197733,17788.46012843178,17334.578009504905,16842.64911813113
63894,7930,63536,8288,0.02810304449648712,0.03864168618266979,5623.904068814795,7857.02343288529,4100.492487856131,16238.3524655519,16416.034678372755,16037.472228706974
60259,6822,59642,7439,0.01881720430107527,0.043010752688172046,2275.094695037464,3491.417329417278,3553.2173136137394,16603.94142848381,16713.55240794885,16137.360728130196
51395,5726,50418,6703,0.02313624678663239,0.038560411311053984,19223.242403101664,6236.529236425256,5974.990230993806,17498.343783780787,17016.017499033267,16906.307560504883
68890,7286,68122,8054,0.002890173410404624,0.011560693641618497,16217.307121891858,1547.5789844669634,3712.7785690318515,16241.386067801297,15908.420068905634,15798.228206206326
45592,5484,45193,5883,0.027777777777777776,0.04027777777777778,8635.717768314225,7163.373155323614,5284.783840666332,16194.59103562048,16956.51070489803,15934.503369967513
42904,5496,42667,5733,0.046762589928057555,0.052158273381294966,10192.647244646107,5032.213858363772,5228.354039208164,16337.061828419113,16839.478658082244,17072.840921955398
61210,8486,60914,8782,0.03333333333333333,0.05476190476190476,9351.447182744805,5539.100050078429,3532.1188903332445,16856.366520992196,17247.752168229275,16237.716211008954
64729,7632,64504,7857,0.036939313984168866,0.07255936675461741,6465.804931935493,4059.5818903820496,4270.746032517427,17008.22732302108,17173.356594451117,17089.099192455295
66715,8910,66653,8972,0.0196078431372549,0.0428921568627451,10597.059384591412,8378.270711261566,4206.341847416,17458.982113706264,17087.368109685394,16893.6587289465
54849,6160,53862,7147,0.036065573770491806,0.03442622950819672,5747.313941709782,5581.635831032167,3203.421609527046,16612.707307849425,16543.24051719881,16510.121570696265
49605,5620,49030,6195,0.026578073089700997,0.03156146179401993,3047.787277306795,2417.9352034034614,4186.6087905607665,16554.78767013498,16772.662276768133,16294.668586614303
75484,8616,75115,8985,0.014675052410901468,0.031446540880503145,4598.264131195974,2115.4735813296115,3297.9104574710723,15387.824159786276,16017.408750327782,15526.273451057421
67116,7960,66456,8620,0.03064066852367688,0.037604456824512536,2836.5482944336136,2819.3202802789124,3516.66138983429,15499.553683958206,15771.915226860694,15641.38912380546
60805,7316,60418,7703,0.036036036036036036,0.06606606606606606,12453.756690120019,10121.559995801179,4397.045249420135,16436.53575391907,16897.694988198364,16315.549321511804
87821,10148,87364,10605,0.03219315895372234,0.03722334004024145,6224.454960397179,5040.239785837321,3281.724182398012,16561.733172944936,16579.373423448316,15965.340082426457
63124,7632,62230,8526,0.037037037037037035,0.039886039886039885,10479.921430823422,5214.778273404071,4886.881454618657,17266.74447147717,17528.543372951623,17095.979958701308
46057,5472,45787,5742,0.004032258064516129,0.012096774193548387,346.83211711897184,717.3614490547403,4856.686923490257,18067.429198960992,17171.349711051633,17130.464758526097
51326,5318,50339,6305,0.0058997050147492625,0.03687315634218289,13435.088964735183,3533.666075336724,2924.2468618287376,16696.53167679765,16923.882465331604,16433.139508754608
69476,8924,69248,9152,0.026954177897574125,0.05121293800539083,5527.622535988101,3209.0089740129993,3990.3473495645476,16579.87462356879,16380.338384668314,16412.88672159653
47654,5246,47453,5447,0.02346041055718475,0.03372434017595308,2004.904962418611,4068.970599424615,3915.7355390729463,15916.064110373967,16385.993579976395,16247.062588559598
67281,8344,67230,8395,0.018957345971563982,0.045023696682464455,6976.032916648482,8110.011087195916,4570.981681111782,15338.00166708114,16083.71728267292,15863.692528439042
75572,8528,75075,9025,0.032719836400818,0.023517382413087935,3095.598392044668,2723.9130194364357,3669.1382388092065,16518.313371363805,16895.50387803031,16223.836506186173
73889,8480,72870,9499,0.021956087824351298,0.03992015968063872,8746.129687575058,7522.961503475158,5410.599811894634,17443.95208596803,17987.281682024794,17065.07475451925
63193,7032,62366,7859,0.03412073490813648,0.031496062992125984,11304.74631813259,2945.8242544745813,4865.0549959243635,17093.58349080175,16776.619680638796,16134.372210509204
66221,7220,65496,7945,0.015909090909090907,0.04090909090909091,4435.158385674817,3976.8840083964096,4687.432895049554,16555.318256822164,16449.022917562674,16272.270904312752
76545,10480,76781,10244,0.0508130081300813,0.03861788617886179,7312.415746169416,5199.033616633933,4718.809456274626,17045.995571003048,17451.62819056247,17124.653159188987
52012,6552,52429,6135,0.02824858757062147,0.029661016949152543,10842.872841384928,5126.25708663944,3982.6819816736393,16465.84333087286,16516.529990350893,16329.321801646573
68407,9434,67992,9849,0.021367521367521368,0.04487179487179487,9349.524381774361,1961.4659943911636,3993.012683441746,15735.679178033064,15779.469851351902,15707.254492114418
67373,8252,67403,8222,0.03365384615384615,0.04567307692307692,8205.276752110762,2978.3181297392634,2961.131179103367,15126.12153982786,16231.045412356189,15526.069549758184
59307,6742,58747,7302,0.03642384105960265,0.054635761589403975,6640.64230322618,2554.7559415627666,4324.90301238511,15547.058655965935,16171.473785232993,16508.6595673474
72971,8254,73270,7955,0.036585365853658534,0.032926829268292684,4888.69422666321,4062.319738604871,3754.081502409124,16405.42984425371,16911.048736919245,16660.000042878877
37654,4782,36888,5548,0.03745318352059925,0.04119850187265917,6343.637995268031,4630.050160765011,4746.147697788652,16577.378709691016,16743.191696003967,16281.513105963959
60469,6612,60456,6625,0.022535211267605635,0.016901408450704224,4275.423766506625,1908.1463914830508,4273.651467680232,16697.8534054054,17543.838402396552,17056.45901211255
66135,7306,64797,8644,0.021739130434782608,0.03864734299516908,5093.76510242774,3985.8240804077764,4528.180896854509,17376.129872236816,17617.64843233232,17043.094633727957
56862,6642,55717,7787,0.015915119363395226,0.025198938992042442,5443.4903485277155,1356.655621569789,5398.021253056397,17306.059477187864,17448.46847605886,16727.363193861784
72584,9212,72363,9433,0.028747433264887063,0.04209445585215606,15076.991543179733,7495.113451784449,4918.56318648187,16306.12607337734,15746.561026500975,15788.770649916776
61708,7988,61608,8088,0.01729106628242075,0.059077809798270896,8579.980657036804,6632.768655100749,3875.178932575337,16006.316297399055,16053.349992819349,15726.175673804428
62158,6486,61801,6843,0.02077922077922078,0.032467532467532464,4027.3235752990868,4610.318955103165,3915.2384267937596,16631.410615690656,16474.40596714234,16210.153951806442
65691,6670,65377,6984,0.012738853503184714,0.03503184713375796,13146.737120284,6813.124236756133,3421.92156465738,17098.764186891454,16985.349753012328,16420.954462599508
74860,8084,74200,8744,0.02142857142857143,0.030952380952380953,19546.370675165774,5071.553349232863,5560.2819009137265,16616.293218804927,16447.870528692954,16367.393431212618
50743,6378,51342,5779,0.009836065573770493,0.03278688524590164,4948.100981330042,1675.7956920739648,3414.9843749170973,15568.297337728245,16035.776082285634,15738.787119176439
58341,7708,58084,7965,0.02027027027027027,0.04560810810810811,6949.189374635195,4016.2706556163375,4308.753609633932,16027.983453984676,16405.050649260884,15791.084187045511
59325,7756,59317,7764,0.05489260143198091,0.04295942720763723,5833.340088246481,5888.5453872179,4988.755105264671,15746.350450331898,15808.131615260167,15501.139642192376
45970,5106,45152,5924,0.016129032258064516,0.02903225806451613,12987.135057156265,5004.238598722944,4061.43675588895,17086.720098798025,16728.94368243059,16190.61750331722
50219,5950,49923,6246,0.03278688524590164,0.022950819672131147,10260.978701885771,9721.30827424355,5344.35863117624,16383.623353308229,16785.764812324534,16429.365691781786
52827,6222,52368,6681,0.033942558746736295,0.033942558746736295,8371.098536623847,5231.37320228039,4216.151972476808,16383.375994186936,16725.53666517475,16543.036859165513
63180,7576,63335,7421,0.03523035230352303,0.04607046070460705,8927.679258190918,5980.380409266909,4193.62650402265,15940.643758665648,15947.201992904404,15796.043452343112
65635,6726,64419,7942,0.00804289544235925,0.024128686327077747,1443.6339455721545,5622.503634237397,4293.7548772282225,17384.06831571861,17176.59282840421,16929.592667892703
61700,6944,60541,8103,0.02556818181818182,0.03835227272727273,7265.464276487671,7091.422397577962,4504.043290896486,16076.61970018088,16376.763899745298,15635.226680892705
62139,7030,61844,7325,0.006211180124223602,0.027950310559006212,1031.109569121807,5973.209832653282,3790.6396251578904,16575.194668176402,17081.445477615955,16493.347871425478
48517,5772,47642,6647,0.02318840579710145,0.04927536231884058,11688.330109853268,4862.392063072917,4818.298604110222,15920.702026953393,16949.4381792716,16346.655792860734
69285,8556,69165,8676,0.03171247357293869,0.05708245243128964,5550.193805024953,7669.73254096092,4058.733518096013,16014.891520036666,16244.449981402291,16208.2154839709
62213,6956,61899,7270,0.020316027088036117,0.050790067720090294,15226.598190299157,5561.445346215366,4478.731283311964,17075.026084620033,16856.04314483048,16498.495656016476
71181,7780,70444,8517,0.04017857142857143,0.024553571428571428,3533.8903266068073,3200.422576434011,3609.035946243337,16791.603389320357,16698.69363604914,16635.31971355997
51125,5996,50609,6512,0.026706231454005934,0.04302670623145401,8455.697469613058,6839.351791439474,5690.126822728856,18071.288567318537,18412.52094658825,17813.43719358363
64009,7280,63663,7626,0.009411764705882352,0.018823529411764704,5108.36484919677,6658.938975579638,4815.990258576393,16509.42096223033,17027.84501625546,16402.059308454598
51666,6898,51948,6616,0.05232558139534884,0.050872093023255814,4540.182133171244,4022.837921349764,4464.028978524719,16251.873895733992,17123.219796296566,16354.096776137967
52669,6380,52089,6960,0.02040816326530612,0.04081632653061224,10374.046919492179,3836.5291654653056,4426.899121763119,16674.09170758274,17263.432167282375,16706.39652288123
64061,7228,63129,8160,0.027972027972027972,0.038461538461538464,3838.423051867767,6352.287831462801,3674.3063174353465,16700.72376846826,16880.194927303724,16723.529831302723
59174,6362,58617,6919,0.020833333333333332,0.041666666666666664,13912.197159668302,10208.416154929566,4271.119187115298,17388.063761072175,17111.022284143564,16893.87972801438
50695,6426,49953,7168,0.021406727828746176,0.027522935779816515,5942.04221210305,2202.812216611288,3761.5684061896272,17005.553246367064,17071.811905494273,16446.656047613717
51165,5956,50807,6314,0.01948051948051948,0.045454545454545456,6804.00487510825,3371.4025770735357,4972.28563763604,15183.185598662762,16229.131031343979,15456.763427818716
61523,7646,61588,7581,0.045454545454545456,0.06550802139037433,4421.417285868857,3928.526448698612,3747.598628362587,17017.722751236608,17172.8616066079,16917.579442019512
59365,6684,58172,7877,0.028824833702882482,0.04434589800443459,7311.714053320542,5541.159737737132,4583.440666075525,16660.607250625762,16660.371151908417,16167.569333428319
61070,6530,59890,7710,0.02586206896551724,0.05316091954022988,6825.4616152109975,5553.927657565971,5104.303961497379,16517.87275741034,17028.1727920714,16217.039134080092
63771,8590,63566,8795,0.03917050691244239,0.04262672811059908,7427.420482908446,7535.0256614295795,4442.130371982695,16106.282011065761,17262.662795555698,16270.599462316552
73995,8374,73318,9051,0.014527845036319613,0.03753026634382567,2437.83530031647,2601.389540889856,4411.943471702645,16918.740435290823,17488.25895992476,16896.081289377606
65211,7150,64291,8070,0.015350877192982455,0.01864035087719298,8379.535837421414,6610.53401747055,4725.551447746793,16695.793266992147,16777.642502719526,15958.853642830349
55592,7912,55790,7714,0.03361344537815126,0.05182072829131653,5283.540029978798,6020.265297462687,4181.165856638431,16525.663659371647,16774.902046980726,16394.059129680492
64502,7322,63643,8181,0.016908212560386472,0.049516908212560384,7690.986716122196,5208.6306924691135,4506.325727166224,17371.549304438508,17113.987353346296,17194.536931112896
72470,8186,71273,9383,0.036613272311212815,0.03775743707093822,7854.47412114573,4682.632330976545,4262.581812415929,16104.04994168493,16192.3078050827,15952.783871480015
60169,6912,58402,8679,0.0273224043715847,0.0546448087431694,9038.039844521452,4960.568544383726,4185.0906459231,16265.685449921906,16426.499876823644,16185.047128214965
59356,7208,58867,7697,0.020356234096692113,0.031806615776081425,5556.8800795351,5386.966028991018,3814.8111588365964,16500.730379895733,17601.141579829946,16442.786846919986
36803,5222,36956,5069,0.02459016393442623,0.036885245901639344,9938.135892202226,6463.922030330692,5626.518197019272,16813.715982398233,16652.392136586863,16609.427559681826
68832,7344,67391,8785,0.01927710843373494,0.04578313253012048,7124.212981614344,5299.998735836542,4559.761246957568,16028.451266117523,16718.31081767749,16134.28540201672
77300,9136,76632,9804,0.015521064301552107,0.045454545454545456,10457.943525032257,9304.43344348218,5028.251688605909,16457.5174991374,17200.073323642464,16612.75568582286
54594,5922,53891,6625,0.029498525073746312,0.029498525073746312,2838.1884583398823,2309.0737400822645,3738.5084179418345,17564.282504701732,17723.769194337186,17404.037519122692
64906,6918,63005,8819,0.027777777777777776,0.056818181818181816,4403.580380419954,5189.408224947947,4291.949252895903,15947.294579884217,16247.896674530457,16213.75573521533
63069,6100,61750,7419,0.03740648379052369,0.04987531172069826,6242.044523035813,5611.902115626935,5069.677598236858,16581.521656693327,16937.41424219193,16386.457889659792
67043,8582,66141,9484,0.027777777777777776,0.039141414141414144,4722.769159198404,2980.7418013089477,2944.9157288012716,16907.944342382812,17195.563012480918,16309.770092242166
68855,6770,67977,7648,0.01282051282051282,0.03632478632478633,9837.423237604353,4761.390865985729,3970.9202249736136,16369.407859583393,16515.315702846947,16359.905430032906
65623,8906,65472,9057,0.01569506726457399,0.03587443946188341,15119.090703796779,7354.719842162198,3976.47722926066,16757.62841751435,16831.00157655727,16673.377361634746
66350,7634,65907,8077,0.02318840579710145,0.04057971014492753,15803.890091756712,6505.590174279614,5478.884798534511,16987.880819987477,16691.990057165534,16397.462798722656
66850,7134,65934,8050,0.004987531172069825,0.03740648379052369,2974.3929143712267,4173.055296414371,3554.1471515412436,16316.146755485554,16970.122629416936,16102.827900293192
44007,3954,43024,4937,0.02066115702479339,0.045454545454545456,6196.4813706611385,3084.8695466532768,3302.8244642003224,16402.03449150306,16248.778476797106,16329.450350646894
66479,8050,66187,8342,0.011933174224343675,0.00954653937947494,10022.856483373256,1716.4182866442115,5585.372979510419,16912.25775901459,16836.40615605413,16792.582652242192
59229,6820,58896,7153,0.018867924528301886,0.025943396226415096,10123.873235792307,7205.451398932128,4182.312640162735,15966.848981280105,16291.452457064106,16221.827680460594
75974,9290,74932,10332,0.02288329519450801,0.05263157894736842,6930.7758357729035,3981.030584327025,4992.427505196775,16859.910112415087,16830.741442386294,16860.578958620357
51844,5756,51166,6434,0.016129032258064516,0.06129032258064516,3075.943316028719,2765.2418141930057,4888.4059472462395,16303.864105829613,16292.63184074687,16476.085785993993
56298,6202,55594,6906,0.01937046004842615,0.0387409200968523,5839.437086511527,7549.522380543764,5193.2136087932,15488.574483716278,15566.056572006015,15544.707773417085
64252,8648,64632,8268,0.015957446808510637,0.0199468085106383,2740.863992280513,1463.22455919329,4137.571359780519,17219.04278900422,17387.626681164944,16651.600651916975
43756,4644,42845,5555,0.023076923076923078,0.04423076923076923,9850.600969712514,6618.811676714734,4431.9905762594535,16325.56798218937,16127.331295122509,15910.89624796432
64953,7408,63756,8605,0.015345268542199489,0.04731457800511509,10862.393751989413,3971.3911355899418,4697.697452704083,17106.513075747294,17489.38012758176,16785.52864811096
67535,10306,68184,9657,0.06483790523690773,0.043640897755610975,2309.7159857065244,3234.480141858747,4026.1321593709336,17221.515359430166,16887.18388230318,16800.65401910756
48664,6092,48115,6641,0.028268551236749116,0.038869257950530034,12166.480078993281,7324.631473665583,4309.920011652936,17706.342356651192,17988.717301090666,17283.222645610917
70941,8020,70781,8180,0.01728395061728395,0.04814814814814815,4833.565692136078,5350.370573995678,4292.021207340737,15286.983083588053,16392.947720993183,15574.079682568674
47958,6798,47435,7321,0.03826530612244898,0.03188775510204082,4716.498787301373,2895.608560994192,3745.4025430790925,14911.54422549977,16106.473140231157,15165.820735928177
56517,6484,56488,6513,0.011560693641618497,0.024566473988439308,6499.1441246519325,6707.02496922059,5115.406264396089,16502.710480066144,16362.353090942826,16125.129684639714
68014,8162,66592,9584,0.014373716632443531,0.043121149897330596,8344.489238019038,4200.216962373773,4354.078900819694,17168.28897003805,17254.25585412953,16858.661576764694
57940,6576,57723,6793,0.0061162079510703364,0.027522935779816515,13671.654050769817,4222.536168045724,4645.6392257902235,15658.311325566001,15690.02473067984,15641.968307988685
50324,6320,49918,6726,0.03103448275862069,0.06724137931034482,7375.029198551159,7109.32904008653,4222.452752475935,16805.45536096189,16111.112514795273,16033.463914000607
57949,7076,57431,7594,0.026627218934911243,0.05621301775147929,8190.028541835148,6899.516188784213,4352.689539569542,16882.23082631117,17208.06919262427,16635.040818820245
45065,5560,44976,5649,0.013605442176870748,0.034013605442176874,1688.712526942828,3972.092711303195,3385.2153653092805,15468.287570343686,15425.828189107397,15600.150048009797
59086,6450,58317,7219,0.013262599469496022,0.026525198938992044,6659.717149222069,4937.52240559246,4842.642479154443,15223.945835813725,16211.80168019025,15747.789406841048
58494,7042,58110,7426,0.03416856492027335,0.030751708428246014,8578.183392494984,7059.348124263632,4091.6875357053023,16348.463139443596,16896.26106347913,16212.80029196716
49392,5364,47999,6757,0.006309148264984227,0.01892744479495268,10368.383655827207,3506.814406295116,4843.592785747395,16653.730516640997,17180.279924233662,16622.814027424603
48472,6284,47430,7326,0.020338983050847456,0.0288135593220339,4964.765341108446,2463.7332713486667,4039.949022186445,16966.488892253714,17651.187172712762,16728.047666445942
64536,7288,64001,7823,0.017587939698492462,0.04396984924623116,4767.077337986818,2736.364995434576,4950.52698755152,15914.509984969885,15572.309466845503,15671.312277342044
77861,9164,77319,9706,0.030592734225621414,0.05640535372848948,5073.053613043979,2440.0839214898488,4302.33604614621,16448.24168556066,16710.93675594775,16332.630196494727
69240,8044,69075,8209,0.017817371937639197,0.022271714922048998,6056.830006672529,6278.802000129595,3168.857091178021,16892.62331109848,17386.65442191692,17004.23933331981
56097,6904,56531,6470,0.01928374655647383,0.027548209366391185,808.2487343779794,2101.498031544516,3630.032850963954,16722.72606860577,17260.74592658923,17271.80100209854
65473,7968,65861,7580,0.014462809917355372,0.028925619834710745,5821.990102733173,4566.76453628854,4251.996952820085,17200.808411259837,17305.098694233246,17196.644718245145
60938,7706,60999,7645,0.014534883720930232,0.027616279069767442,6207.181100623158,1172.3297641045435,4032.0065180649367,16515.017698163123,16907.73610357814,16178.273930107618
74394,8550,73007,9937,0.030534351145038167,0.02194656488549618,5090.522598781341,5207.6142644451165,5309.088786070854,16807.137106018246,17420.310849469006,16563.523593620717
52692,6844,52751,6785,0.023880597014925373,0.03880597014925373,12191.926676621943,10833.986224030827,5426.331608784934,15577.863684350494,15597.481778955127,15531.607033345566
64615,7746,64245,8116,0.008547008547008548,0.017094017094017096,3870.1588550105707,3592.380060090776,4347.225672524168,15464.713652689628,15996.362840051223,15737.62188557728
63373,6852,62861,7364,0.014534883720930232,0.014534883720930232,5702.690980547718,1879.4899499626717,2701.64810826607,17885.42346636201,17691.516977623996,17558.674772906204
52776,6760,53132,6404,0.03278688524590164,0.03278688524590164,10861.260127669144,7546.03451138936,4622.849950419739,16924.284420802127,16963.515532565678,16182.316248756244
62201,6968,61365,7804,0.019498607242339833,0.027855153203342618,3649.8633779198794,2778.373811513347,4627.778109546168,16764.15608147034,17488.119878986538,16850.91182025356
58472,6044,57527,6989,0.023376623376623377,0.04415584415584416,10535.16662075077,8368.832656155791,5131.945206305621,16008.000650486223,16154.652157130957,15842.414544176369
57856,6660,57571,6945,0.010362694300518135,0.03238341968911917,8277.375607787764,9699.997708792613,6524.0096880192095,16426.693038422884,16248.993610186668,15970.642528292694
51980,5620,51157,6443,0.016181229773462782,0.030744336569579287,2128.932813845197,2966.5711112787167,3671.305843725369,16874.02666366776,17019.78984184084,16531.109007873143
59764,6800,59268,7296,0.043731778425655975,0.037900874635568516,11997.29736256589,1379.2845016317317,5105.520981907816,16757.772087759848,16774.250703428348,16526.12260413559
60272,6292,58678,7886,0.01092896174863388,0.01912568306010929,6407.20191125031,9124.625442292436,5043.923730942018,18027.21765465099,17712.341490278068,17531.967557319695
74049,8320,73622,8747,0.023316062176165803,0.04533678756476684,7661.231149827141,5461.245240381839,4706.199956157204,15619.068308615411,15950.201253235493,15454.564904541283
52191,5890,51993,6088,0.011627906976744186,0.0188953488372093,14529.634469606613,1766.534024742991,5701.252761460799,16508.130816226705,17056.53124354295,16385.545484852224
71862,7662,70148,9376,0.02925531914893617,0.05053191489361702,3496.0221910434852,2794.526976685988,4313.7841086837125,16934.89393101193,17167.637683283338,16474.279343070604
57069,7956,56489,8536,0.013123359580052493,0.03674540682414698,1905.8817085208823,4880.99490906419,3329.7473790455288,16955.821099012453,17099.51341751143,16708.44926432698
59048,5468,58383,6133,0.012345679012345678,0.020987654320987655,4851.856047094587,2747.250635134489,3224.0827313890027,15561.651764933891,16375.180129832614,15490.31039073328
74750,9350,73229,10871,0.035580524344569285,0.042134831460674156,7432.862146743298,3003.2942546316644,3617.8448762390058,17049.548911931644,17519.471976489032,16599.042911330384
64767,6522,63561,7728,0.009900990099009901,0.039603960396039604,12466.99487991476,8580.36686611937,5138.763661029176,16828.068492717757,16879.049528150652,17157.57422504793
65831,7610,64858,8583,0.04556962025316456,0.043037974683544304,7068.619781494001,6178.649433826175,4243.044231619764,17528.44160031246,18250.587514608495,17279.168216711347
68910,9490,69020,9380,0.0425531914893617,0.04654255319148936,3853.2662284361195,3944.2764820350635,4252.774125762846,16986.985212440493,16742.163220432136,16537.374415762417
69016,7160,68046,8130,0.043668122270742356,0.03711790393013101,7546.440279738458,3793.0371789621026,4090.376813843127,15550.877980242032,15851.26325611321,15519.632955700637
65385,8056,65300,8141,0.02610966057441253,0.04046997389033943,7337.284227799903,5038.715949315361,4517.860203742734,16638.550165126177,17206.446640691298,16819.176554318576
62396,6248,61291,7353,0.007832898172323759,0.028720626631853787,11288.40166004101,5503.730341326151,2957.317348494851,16713.036602673856,16689.58337439527,16274.428578549267
66881,7648,65789,8740,0.013812154696132596,0.052486187845303865,11109.077192648176,10307.868178372844,6354.650982320483,17353.527370294934,17668.62362432869,16820.894472033917
61593,6528,60781,7340,0.014527845036319613,0.014527845036319613,4463.864475360592,2600.37873311077,3833.730798801896,16836.11652933043,17357.323241850725,16398.381939645016
55972,6528,55428,7072,0.024539877300613498,0.04754601226993865,4358.069819320027,3885.0501758135833,3385.606169318631,17067.770884354217,17167.23959391782,16593.37395273062
57605,6404,56660,7349,0.02932551319648094,0.05278592375366569,7933.958771468778,6976.66972842618,5071.122297890214,17165.47602529236,17582.014851415595,17380.552941872993
65089,9440,65401,9128,0.03571428571428571,0.052083333333333336,5330.459768269105,2466.7983782763545,2928.8276016928926,15692.889487628769,16194.064370217404,16072.115439703726
45457,5168,44479,6146,0.026717557251908396,0.04770992366412214,6668.5533345610975,7588.094129197295,4672.355056715049,16663.98286267251,16914.513361494104,16540.458471693313
68535,8194,68368,8361,0.011976047904191617,0.023952095808383235,6708.462542032002,8838.829313726324,3907.9832493879703,17059.07650579817,17531.945708233827,16780.675854259982
54261,7740,54347,7654,0.018018018018018018,0.03753753753753754,7021.323861469734,1667.5805281690402,3839.6246778420996,17031.37327762134,17266.3822639353,16303.76487989934
51173,5948,51603,5518,0.024390243902439025,0.03523035230352303,4350.551620723524,1564.8375103960186,4265.924939065706,16420.73648139353,16459.88774215073,16020.246268553528
45230,5846,43912,6713,0.0,0.04092526690391459,nan,2502.008651932178,4321.531782139784,15668.780685302741,16622.5936855287,16155.76410156761
55357,5652,54732,6277,0.009404388714733543,0.02664576802507837,6888.504367698911,11490.16210629545,5050.429725734993,16480.000666440817,16593.75471790082,16322.930169574496
60432,7168,59172,8428,0.029850746268656716,0.03283582089552239,6334.98171065537,1527.2232343925816,3904.057228214823,16511.791918428957,16950.04340019802,16935.6949260656
62355,7870,61422,8803,0.02977667493796526,0.05707196029776675,5578.635419954913,3375.4992197326796,4408.166004177076,16225.755611053582,16582.477581265062,16552.015390549608
49233,5992,49175,6050,0.025889967637540454,0.038834951456310676,2405.606835428479,2516.405863811968,3722.374967531869,16929.068249907803,16678.58048665891,16574.712789088622
58830,6706,57059,8477,0.017721518987341773,0.053164556962025315,1526.0099168712118,4210.211370681623,3152.7992971995222,16674.042411258422,16610.457086461673,16201.257364638735
54812,6692,54783,6721,0.032520325203252036,0.02710027100271003,4728.450658693434,3457.2982975115533,4538.259283669252,16226.86867673133,16679.372163731237,16269.026883393917
47590,5310,46877,6023,0.00411522633744856,0.037037037037037035,62.44026499469692,1990.2094319334853,3273.339664581544,16119.244428439424,16658.742943535795,16242.820203892186
63223,5946,61690,7479,0.013513513513513514,0.05292792792792793,9751.092867263023,6656.760195939945,5500.918765040833,16377.835949236423,16804.201854494808,16282.20008711924
60761,7360,60349,7772,0.015748031496062992,0.030183727034120734,10474.747304994053,12085.951456889576,4911.212747096191,17358.766479135444,16963.197033745884,16751.675015596058
53035,6014,52208,6841,0.011450381679389313,0.02099236641221374,5784.576630400097,7231.4933790075065,3957.237612576215,16073.228928675371,16470.456316500622,16055.515276576918
54690,7810,54785,7715,0.024861878453038673,0.04696132596685083,8261.758743798959,10103.44075473545,5768.929710959121,16397.042008159697,17078.482183937893,16662.556492867196
57021,5980,56448,6553,0.008152173913043478,0.03804347826086957,6770.643543170804,7881.348026787732,4246.617073575466,16787.48400615538,17896.12808328848,16473.60268798635
47929,4512,46638,5803,0.027874564459930314,0.04006968641114982,5076.679057854813,2280.375493324017,3718.647851255469,15681.818273197609,15933.181146849556,16025.150443863511
63744,7012,62857,7899,0.008086253369272238,0.04851752021563342,3556.3717566218716,4387.5210753712045,3375.691328945704,15665.265906985403,15846.623058291798,15121.955777600815
44914,4370,44165,5119,0.018115942028985508,0.030797101449275364,9311.28733986407,3050.0384281571846,5016.300388258655,16417.31370527812,16779.47444184474,15975.966503229612
58124,5380,56803,6701,0.0392156862745098,0.06162464985994398,4833.452072055565,10719.148900884096,5432.460731925478,16407.30600778709,16272.307266060858,15788.789762505396
44884,5292,44200,5976,0.035830618892508145,0.06514657980456026,12882.048379208025,12383.979322336467,7803.737368313598,15941.690298909525,16548.99379794516,16066.6090572898
65321,8120,64999,8442,0.02857142857142857,0.03956043956043956,6193.8198711877185,4384.376593613357,3665.66852210416,16275.526310831669,16392.200453631893,16016.429214813521
59440,6096,58251,7285,0.023980815347721823,0.050359712230215826,6313.925786274209,3119.482603640231,4053.4105996104645,16239.94958600246,16645.09379856984,16897.80679505118
66274,6626,64859,8041,0.013477088948787063,0.04177897574123989,1647.6602042456514,1999.4784615424417,3080.5118588098208,16041.935535794491,16604.168901866768,15851.745207001093
63390,6306,62301,7395,0.020512820512820513,0.038461538461538464,4330.497960497662,2182.8150357270574,3824.1009970883697,17453.95862963144,17306.183867807405,17178.041790586205
71955,8134,71172,8917,0.03470715835140998,0.0227765726681128,11819.188985136998,4100.591805152876,3521.368808986888,16462.524754747843,17100.444791149683,16563.177786132295
67892,6092,66638,7346,0.009302325581395349,0.023255813953488372,2094.2569707706816,3945.9291054423943,3630.0391696258057,16887.58920536026,17171.638685491664,16598.6843785219
57485,6524,56479,7530,0.012195121951219513,0.03048780487804878,12741.087780896287,5623.5096442014055,4330.635044658889,16509.98164651922,16618.752781005805,16497.671532952314
48965,5324,48632,5657,0.023411371237458192,0.03678929765886288,2481.927298844717,6813.675627706464,3810.114049446425,17224.164198021663,17839.393928925198,16915.96147011919
54394,6122,52982,7534,0.03591160220994475,0.04143646408839779,8559.02903714328,9240.477206572883,4358.444432165299,17107.545285485925,16976.249947821703,16705.164236073102
62141,7028,61611,7558,0.037037037037037035,0.05308641975308642,4317.6604432232825,4877.755406462658,3915.6412735870604,15159.251041034366,15197.85561975873,15394.71707854279
75220,7724,73527,9417,0.032171581769437,0.04691689008042895,6976.999330554231,6444.105910864607,4444.61060502606,16104.311862234128,16286.29086928942,16116.151469050104
62057,7112,60955,8214,0.03488372093023256,0.02180232558139535,6015.194498333975,8073.174966038088,3936.3133169936928,16664.745339411224,16522.97970184365,16329.298336339829
61356,6244,60540,7060,0.007653061224489796,0.039540816326530615,1120.300820841443,4257.132833071316,4614.2529761860405,16945.492218894644,17197.699801146005,16827.696897205646
75473,8048,74540,8981,0.025,0.02361111111111111,9870.190483559987,6856.5684814678625,3881.599917788115,17167.38659234259,17076.50586053836,16794.689232395507
51157,5964,49982,7139,0.015527950310559006,0.03571428571428571,14000.700819549107,4196.5475568251795,4668.2963682196505,16792.235317683237,16443.832553167795,16461.33495476327
49178,6518,49215,6481,0.04391891891891892,0.05912162162162162,4722.228170783583,3376.035147298247,3443.872887435334,16692.32025366659,16672.496283043056,16644.0714225497
57428,7088,57002,7514,0.02535211267605634,0.07323943661971831,4529.205298412305,5228.466685175802,3939.639373249938,17636.611895378795,17283.592270108707,17431.219332136956
68675,8054,69289,7440,0.024193548387096774,0.0456989247311828,3277.2431956647843,2289.681211722145,2907.6746053881357,16740.575691737133,16588.458565875455,16156.165194180103
62236,8520,62494,8262,0.022284122562674095,0.027855153203342618,7963.396613161762,5200.838469128747,4398.768911228679,16144.814452538716,16893.641917384866,16094.607202949235
64268,8632,63642,9258,0.027093596059113302,0.07142857142857142,3737.5719484091915,2790.798531571444,3619.7456341166967,17389.775298436332,17070.171997735324,16904.94943202751
59093,6956,58909,7140,0.012012012012012012,0.024024024024024024,2955.9634546196594,4684.315292193771,3339.4721721607016,17602.617815989597,17218.377699266857,16886.294357276958
41619,4606,40914,5311,0.020242914979757085,0.03643724696356275,9504.770825313542,3620.4260266066303,6117.607360646285,15892.712983010928,16758.28244122642,15960.815828006893
70996,8528,70635,8889,0.050595238095238096,0.03422619047619048,3167.3766493465314,3287.1757202796657,3862.5840352071123,17412.80300342723,17542.55570766558,16861.495883136544
56454,7050,56158,7346,0.03205128205128205,0.03205128205128205,3982.0068620083703,5860.631047101606,3973.9980044135336,15405.718823268471,15930.202176778064,15960.338209870766
59320,8280,59369,8231,0.022792022792022793,0.04415954415954416,5986.948688621929,3014.2432777410827,5111.1387741162835,15945.792622014129,16350.959858356016,16083.080351117229
57452,7064,56940,7576,0.022222222222222223,0.016666666666666666,6088.342365701036,8012.70456959484,4587.819252617666,16330.356831269308,16869.468316888575,16367.545504253852
72174,8482,72494,8162,0.00998003992015968,0.016966067864271458,13264.818257258157,14761.851332630695,3574.0814855560666,17170.77629009738,17827.199257382308,17087.035986602063
64794,8106,64719,8181,0.015748031496062992,0.03674540682414698,13509.073152308076,10454.882283398036,6436.346750870826,16949.705789185373,16947.706605402935,16254.116895193982
60788,6812,60337,7263,0.004405286343612335,0.034140969162995596,23830.107947680284,5827.052981055084,4467.696533197215,16119.535878289778,16702.076003878134,15834.774720143996
53932,6584,53912,6604,0.040955631399317405,0.03583617747440273,9027.642651429029,4850.8309724832125,5672.943673372634,16782.624813843995,16681.592960028574,16411.597105185032
51936,5664,51132,6468,0.02247191011235955,0.0449438202247191,11247.130877284812,4734.767030200192,3917.3982791677786,16846.079400115013,16518.568166882127,16322.981064945672
68509,8220,68059,8670,0.024390243902439025,0.027439024390243903,5259.904018651138,4085.1140030396878,4475.847900995272,16276.82523557764,16510.21645203617,16278.786846870002
61318,6282,60242,7358,0.004796163069544364,0.03357314148681055,1513.5903451853846,3276.8558878042045,3455.925145215239,17268.142924505173,17185.490418748617,16569.45139339752
52429,6620,51553,7496,0.023668639053254437,0.042899408284023666,11831.247918198778,8385.976576964456,5124.786875150643,17375.81854096978,17757.732145997674,16987.25576303751
53987,6038,53199,6826,0.02295918367346939,0.03188775510204082,6467.881409449981,5380.474000093495,4696.513579830156,16768.902201645113,17364.855125732836,16601.045148211688
44824,4460,43361,5923,0.013422818791946308,0.031879194630872486,17532.178891036463,7998.255137062032,6282.545466624575,16504.08528739628,17013.97101373324,16515.23682480087
67758,8418,67121,9055,0.018292682926829267,0.0508130081300813,6143.999613128691,5227.421018231611,4492.719221310357,17612.819844360944,18143.513092542675,17460.468170568693
61047,7074,61485,6636,0.031055900621118012,0.027950310559006212,7994.340890570823,2947.532178155705,3950.9954175082967,17064.488584744373,17284.31825515274,16678.369016375338
58947,6078,57560,7465,0.013921113689095127,0.03480278422273782,6259.788973833791,10568.84534384422,5973.7703085622,17458.28456762154,17709.80489621152,17020.66290387508
54247,6762,54454,6555,0.016304347826086956,0.021739130434782608,4407.173082497138,1489.6963688002677,3816.8897128072654,15518.752381913877,15529.376830904854,15903.339505135047
70140,8260,70660,7740,0.015915119363395226,0.007957559681697613,13887.035578314282,9376.102955870918,4166.092475550936,16417.721304001476,17185.79039744165,16598.488389141516
51827,5294,51196,5925,0.02666666666666667,0.02266666666666667,7965.785871476393,5626.243129434334,6978.2223361281185,16206.079668674429,15995.390317532956,15881.477998518658
54794,6710,54708,6796,0.02702702702702703,0.04222972972972973,8335.24931948938,2673.5049568205454,4036.162045655456,17257.86153265794,17416.52952903855,17079.312301448397
64002,7822,63274,8550,0.022388059701492536,0.041044776119402986,11737.083371021203,6408.975248571494,4215.684443476266,17526.20874825016,16862.900192763722,17431.085157066693
67091,8534,66735,8890,0.02112676056338028,0.02699530516431925,12352.93492865335,3557.5133350650217,4736.986974211689,16481.903045913452,16132.814195275652,16121.196506786227
68749,9092,68880,8961,0.029925187032418952,0.04488778054862843,7584.511385006877,3733.635714179601,3338.302560066739,16648.834776246524,16387.89953239846,16295.54957330073
70951,8010,70330,8631,0.029978586723768737,0.044967880085653104,18175.30297893258,8647.434464875862,5953.795282554831,16845.49504524608,16836.42886686873,16703.389079586264
59588,8012,59977,7623,0.03773584905660377,0.05188679245283019,8287.398612388337,8690.141830500475,4256.07768785045,16217.340652259158,16899.350458965146,16239.366332058378
48167,7058,48528,6697,0.022284122562674095,0.04456824512534819,7921.782339911985,3055.7034497730083,4605.396288203576,15931.97124576901,15736.823847123973,15939.028386468197
57383,6626,57030,6979,0.019390581717451522,0.0221606648199446,7421.313057106591,11382.719447315165,4592.701330852,16536.467223105647,16664.625361637653,16068.712469129796
59434,7130,58831,7733,0.011661807580174927,0.04081632653061224,5321.432373315882,3314.0594181559936,3406.0644091737713,17107.217301897937,17195.104791914884,17041.973791525255
51392,5252,50705,5939,0.008086253369272238,0.03773584905660377,11367.839943043897,4696.711973075674,4770.63068796766,16301.877586607077,16473.8000101334,16441.46847674995
51277,5844,50422,6699,0.015625,0.02734375,17550.257637715575,7570.171911118205,4145.353225370813,17445.44326610691,17573.105125588834,17070.061061493947
66667,7862,66866,7663,0.02666666666666667,0.03888888888888889,7710.658573406848,4758.055433975431,4095.43493173006,17273.882366926948,17483.915043348563,16949.278571532523
67110,9066,66528,9648,0.05105105105105105,0.04954954954954955,3008.3669533733732,4055.9050971302863,3752.473524090155,15753.624075508482,16690.017253094604,15734.40288560116
57475,7550,57777,7248,0.05365853658536585,0.04024390243902439,3413.872297211549,5803.24096462738,4243.372179274726,16145.813795792481,16964.481862016943,15961.665719915913
59083,6966,58579,7470,0.03418803418803419,0.03276353276353276,3129.603425773261,2074.228798685033,3875.16614062406,17129.79718496549,17403.5677690362,16840.505668964757
49000,5756,48917,5839,0.011029411764705883,0.03125,11031.855511164316,3027.1368569485157,3870.0632572399763,17257.617289107668,17556.120801953482,17112.122011707772
52775,5306,51197,6884,0.02459016393442623,0.07172131147540983,10495.28606631521,5698.465741844866,4774.314604927045,17021.820949880323,17199.80629295872,16790.277263000316
70719,8242,70203,8758,0.006741573033707865,0.03258426966292135,3536.275124266888,7726.097242801159,4789.873703847089,15939.465033041148,16301.125374613552,16002.287495989234
63654,7102,62717,8039,0.01991150442477876,0.05752212389380531,2706.1834799518174,4033.1916278666436,3046.472208532004,18093.494559470477,17879.711402792705,17617.775082957134
56250,6250,55507,6993,0.018957345971563982,0.04739336492890995,8315.524592935042,5209.219943293107,4843.433158540621,16998.500564506747,17277.64486740294,16764.860493787477
46022,5054,45799,5277,0.028268551236749116,0.044169611307420496,3354.719394175129,2857.678967310993,3390.827981530957,16892.81667650224,17328.40654579031,16736.015774317682
63586,7170,62675,8081,0.015590200445434299,0.035634743875278395,5095.145154657062,3575.9241877007917,4443.0756014233975,16607.76901425246,16605.888186065924,16169.288167771665
49749,5476,49210,6015,0.029315960912052116,0.05863192182410423,6040.081974039118,4530.325888870069,3963.9275910739148,16062.317783886087,16822.19567258362,17081.255594538856
