27374,4310,27493,4191,0.0018700327255726976,0.025245441795231416,15797.123887830157,11959.704826214691,14487.933419542565
82627,7974,81714,8887,0.02749003984063745,0.027822045152722442,22065.570862284043,17741.62861787297,14278.854713741423
61212,7432,60817,7827,0.000830702774547267,0.034806446253530486,34447.42211345942,16159.712812328478,15463.854716692093
46273,5256,44595,6934,0.001078167115902965,0.015363881401617251,18867.242341801022,15228.403752928507,15480.768187063512
76936,8328,76395,8869,0.0012117540139351712,0.021281429869736444,32922.652864068026,20758.568390064032,13588.417237106782
65969,7472,67184,6257,0.003898635477582846,0.03313840155945419,10340.300923101815,13167.19972245125,14855.125801618087
61254,5310,60454,6110,0.0,0.011554621848739496,nan,8850.804581400684,13348.476908640549
44970,5206,45333,4843,0.002470966147763776,0.02742772424017791,32449.684714717354,15688.45685028789,16523.544502274297
64573,8868,65204,8237,0.0033136966126656848,0.031019882179675995,19991.18132424013,15580.184130587653,14154.331081437185
66683,5678,66238,6123,0.0021021992238033633,0.0088130659767141,22834.73268212172,15568.561248470272,15177.254996222257
56224,3312,53799,5737,0.0035185456677906467,0.02440991057029761,21781.3819292703,19353.66914485959,18427.844261504677
81409,6800,80555,7654,0.0,0.020833333333333332,nan,14680.490673686027,14104.130960560069
55788,8728,57322,7194,0.0010121457489878543,0.017332995951417005,32091.2499529935,15109.409823600472,13640.87193011528
54032,7472,54463,7041,0.008710801393728223,0.012195121951219513,18255.94933637603,12312.664028797177,14533.945294602421
39884,5060,39744,5200,0.0016129032258064516,0.021774193548387097,15432.268302162975,12174.50197894932,13154.654864479317
61385,4664,59329,6720,0.0,0.022045244690674055,nan,17556.086932776252,14260.925408651641
43913,7616,45044,6485,0.004417670682730923,0.01325301204819277,22230.81598889303,21237.302446935802,15768.228781681179
65807,8722,65225,9304,0.0004653868528214078,0.01809191390343223,29527.689295790937,20251.862358715745,15962.591334001521
48233,6056,47983,6306,0.02185501066098081,0.02398720682302772,22626.75637493991,14968.336361563212,14175.774910869915
50020,7580,49779,7821,0.001447178002894356,0.018270622286541246,27581.548037662105,15367.252268139004,14269.77805391019
73477,12372,75079,10770,0.014587286527514232,0.02217741935483871,4467.93496974067,10628.730961397263,12440.19901714929
70327,7514,69460,8381,0.010324098274960794,0.03397804495556717,22696.9973973705,20727.6161556215,15990.394524276524
79647,5034,77344,7337,0.003522818254603683,0.013851080864691754,20619.086939402594,14106.813468500242,12835.018611235715
48752,4148,46288,6612,0.0034684587036635595,0.023412096249729026,13455.521727548854,14072.178657795957,14978.680964129486
43842,3682,41552,5972,0.0134902411021814,0.024253731343283583,16686.08613531339,13154.839203222367,10972.317887452826
