224905,28104,227067,25942,0.02726453357368184,0.02929247408742677,18017.354607397407,19452.692727879607,12998.266401686857,33176.41605508658,33199.87826405835,32418.258470194967
219471,21610,215487,25594,0.0077977315689981095,0.014295841209829867,15938.369672267649,17297.21521379654,15996.841194416691,32787.144066273446,32798.415224211836,31719.15756722029
212570,27530,213540,26560,0.01863053472054198,0.02988144205177837,26010.47276213757,20874.311404244112,15725.512884903614,32414.829393480864,33206.5638211234,32338.523339131447
306886,31838,302501,36223,0.012465913517724971,0.035936891312816514,15709.633232651904,14606.9349638448,11402.53258804037,34682.38734405003,33797.1462537008,33281.18795325968
242955,24334,240737,26552,0.02100727174791274,0.0257204416913547,18914.710292726326,16711.45149265102,12079.300539521444,33010.09563797094,33570.52162742626,32529.69731938633
277032,29884,275852,31064,0.016753926701570682,0.019162303664921467,22362.40703111271,14056.441039982812,14030.398895727694,32513.594189630898,32764.22278514836,32569.04526760837
239231,23938,238485,24684,0.010437235543018336,0.023413258110014105,13982.562298643632,8843.876058324571,10286.818478861678,33947.356932714036,34769.720145836225,34142.46886623251
233782,26318,231620,28480,0.01957340025094103,0.02547051442910916,17915.018456254817,19635.47717584459,12333.124891973855,34368.65010111205,35395.254966984474,34109.701416701464
248301,31540,251468,28373,0.0156818818258191,0.02660319238308597,28193.78171461583,13350.448394322126,12715.564671125714,34388.9873531718,33895.77650849584,34109.21722151774
290374,32250,288208,34416,0.021236727045596503,0.027378721632313138,16706.34827420192,11480.202537738714,11450.940726071234,32398.5974426571,33197.69739840728,32159.782963226957
288362,34262,291758,30866,0.01566696508504924,0.021486123545210387,18571.239297572505,17135.601152960186,14751.224762474747,34155.84984553935,34250.416097116744,33827.953471269044
214038,22158,212098,24098,0.014839885446498308,0.020958083832335328,20137.839354243533,19456.524378226582,17109.561336185394,34892.378961504015,34273.96645937279,34340.19344872471
314115,39910,319663,34362,0.014812001519179644,0.028674515761488797,18542.80534376668,17196.036587788334,13847.688865320777,34041.98043374385,34714.60657149459,33587.14211201943
175557,18924,171764,22717,0.016073116924046643,0.028679483138985187,30812.43115954166,14544.913692506634,16397.20536382367,33719.07267290603,34250.48458649773,33484.98202857789
243739,25622,241156,28205,0.020654444186586216,0.022511023439313067,17953.28721298607,17906.672817330025,14370.21153108736,34837.488239861,34983.58013127042,33963.048156244164
196645,25196,198188,23653,0.009055627425614488,0.03919793014230272,17142.531929317236,15966.404529984438,14198.486552685265,33828.34868047258,33596.689692562846,33684.95022680987
209665,23624,205726,27563,0.023099650819231803,0.03397797475154445,20451.428581393964,17622.265909451387,14349.897126667787,33408.194268545914,32940.490812086035,33349.483707261425
211552,22704,208687,24602,0.019768054823405375,0.024248813916710597,17936.618511615674,21442.427101071604,13239.47580938102,32682.370869453964,33041.11808229554,32751.672921505142
237811,27414,236489,28736,0.02075262866629773,0.027946873270614278,16907.385079379572,14771.661932497027,13364.809958347745,32753.98960393476,32997.18490700116,31868.88554452648
235431,21618,231231,25818,0.018263631551085232,0.03004235044997353,19649.530954820624,22539.552394700782,14240.707254601839,35358.92053499522,35120.89893937714,34143.44098451624
259326,27970,255778,31518,0.015723270440251572,0.03661275831087152,27789.045506337254,25781.30407812336,16495.78626140858,33989.73128978036,34317.566267354356,33952.06722733337
176565,21460,177630,20395,0.011505922165820644,0.02148900169204738,29327.140036788776,22153.565519692645,12321.909090801799,33174.15695371994,33856.01253420576,32958.23014878511
314591,37058,314653,36996,0.018772292096865026,0.02431011826544021,20354.47590762758,16789.325281916503,14032.439061168705,32283.338978200074,33010.25187659526,31997.89992068465
177106,20030,175753,21383,0.022598870056497175,0.023383553044569995,17621.840379478643,17231.82951038112,15472.777144444683,34966.9478019468,35199.55743642865,34112.41673552376
244879,24482,243293,26068,0.013240574506283662,0.022553859964093356,17646.764758184243,15651.526980636565,14262.774387446621,32593.56190119706,33662.391259888274,33191.13336473267
245631,25810,243518,27923,0.010244988864142539,0.029844097995545656,17268.41137063669,17716.40100295522,15414.1260080196,31493.1329311612,31383.55514964396,32069.248430340544
200549,23180,198249,25480,0.01794960303762513,0.04332067656196065,21364.364694031214,15905.320721069018,11698.38645884566,32857.257721687,33146.41115096106,32614.75529309781
224212,21804,223185,22831,0.029769959404600813,0.023567884528642308,23187.6026542235,16421.956634798476,14592.082720095888,33475.515257083905,33199.273610332544,31281.008906906165
259168,25988,257748,27408,0.010297697060475567,0.024995319228608873,20973.737841198516,14427.974782653124,12609.278372934703,33311.13904066708,33936.12587732572,33656.86297182081
283829,37660,288357,33132,0.023260517799352752,0.018305016181229775,20830.779048082484,18194.577778706553,12108.447196103409,32330.982085889245,33561.180660798374,31897.141917363886
236646,25498,235710,26434,0.03321908779330345,0.02451885051410493,25734.02552728997,20294.647886368697,13977.74157023142,32398.87607389192,32626.173792163787,33059.4944172196
254174,28850,254615,28409,0.013534218590398366,0.02502553626149132,18605.210872768956,15670.348757982934,12106.334131541715,32079.61325453595,32242.933430841476,32165.559457156156
204449,24992,204343,25098,0.02337091009073412,0.030932086884795162,23764.908806510593,18941.732227026303,14709.553707963569,33726.44591031921,33951.21651254562,33276.95155237365
243953,29576,242341,31188,0.01571621014818141,0.02929950606196677,16632.680360992203,21391.991232018652,15858.872748492007,34047.92057450934,34833.432778991715,34383.653581372455
193364,25660,194854,24170,0.039363920750782065,0.04470802919708029,29296.14585498734,20392.123268685074,17486.304563080113,33972.32079050131,34416.03451174772,33955.13281691951
219316,26700,219156,26860,0.017261556465769455,0.03452311293153891,18045.249435303765,13149.698382877992,11332.81022866246,36795.20763982575,35921.75359764159,35092.92693817871
205442,24958,206586,23814,0.019473081328751432,0.029639175257731958,26226.045407241698,17640.02474256162,12159.991571760764,34954.717257115946,34831.5634432284,33900.20385294433
196369,21720,194809,23280,0.021422450728363324,0.032562125107112254,16528.569378138593,8097.369899955186,12353.319584782937,32604.241804934958,32973.11099788888,32116.026665124136
198828,22072,193124,27776,0.023383768913342505,0.041953232462173314,21455.003873580852,14965.06157345495,12709.737370033017,33403.84396939186,34071.554202729705,33325.725500270986
280082,29054,280688,28448,0.018281535648994516,0.018395795246800732,16067.174459031205,11342.671145354863,12347.334685313748,34385.388114113644,35276.88255274581,34235.741661640735
253815,28146,255933,26028,0.016210739614994935,0.02634245187436677,15468.746601396015,21231.101125873967,15742.962834026463,35048.48220236972,34608.409423715115,34248.42351353083
237800,28456,237198,29058,0.02564102564102564,0.03878205128205128,21334.614662890774,18231.696779341182,13325.88063705045,32492.27396180888,32833.08595886354,32344.810098105158
206466,23934,206699,23701,0.020122261844116147,0.03234844625573102,14698.845760479888,15222.48288175651,11130.479530787958,31631.525897427848,32127.93304287847,31702.883834749427
223079,21946,221456,23569,0.02545655783065855,0.03016048699501937,29380.024779815947,18588.946613530246,13573.000153009296,35374.52819254247,35594.400013247025,35220.329358662566
306569,38000,308801,35768,0.02200854700854701,0.025747863247863247,15060.888192241759,13895.953970758803,13544.94255321315,34941.945936343924,34521.63623780692,33915.20223110935
209217,22144,206749,24612,0.016355737285969844,0.020828009200102224,17911.94467209309,12706.665982837909,15158.558962126885,32043.24045875996,33740.81215681389,32864.69109523924
282490,31110,282630,30970,0.02909411505400044,0.03217985452942473,17486.63352818962,17311.005019667475,13484.022226783922,34191.22955234957,34259.64430557501,33575.40151361199
278166,35434,279382,34218,0.030493273542600896,0.04204035874439462,16946.80151696944,13364.087907284982,13405.753009200474,34463.964783834526,34223.9674495626,33398.82242630543
253700,29324,255187,27837,0.020390824129141887,0.02740016992353441,21238.37944926436,18473.48729006958,12336.15056802412,33163.39065005279,33580.398565356234,32026.93433918784
199271,22570,197289,24552,0.011774150388011774,0.024083489430024082,21768.204299706787,19022.495534933332,15694.278161427697,34900.82658838762,36186.45927770245,34341.45678488614
264543,30306,264795,30054,0.01445966514459665,0.031709791983764585,13141.788443919299,8570.907764098996,10446.66787433389,30778.406232324534,31396.806263592192,30981.98912578809
247119,30610,251166,26563,0.02896897810218978,0.024520985401459854,19422.327720889305,20067.504282674552,14527.350797233514,33234.885833180226,33275.80164583185,32765.293045498853
240363,24862,237990,27235,0.012569494802997341,0.028402223833695915,13659.3238185487,13431.347287474273,14074.247313141443,31604.456471250975,33515.79589234391,31894.31802637786
220428,23608,220478,23558,0.010810810810810811,0.021021021021021023,18030.015790814163,16790.792700779253,12555.170856684948,34594.15110758371,34480.67611490727,33427.348422477306
256129,32240,257385,30984,0.014696347525394424,0.02539442403285066,15535.004129496454,13566.800781080923,13656.563858086849,33284.99935904639,33732.96181442169,32464.5595091624
208683,22678,208645,22716,0.014734774066797643,0.01669941060903733,32714.67565780765,16466.833995521123,13357.788077454363,35180.27778232417,34578.21631852439,33745.1596816863
273080,31624,275145,29559,0.011771300448430493,0.028867713004484305,13087.422216724504,13688.474365720456,12195.04874130461,35390.77842709603,35902.7566212377,34259.702478138264
274540,25764,271355,28949,0.011544920235096557,0.03201091519731318,23659.832376639453,14824.82368469259,14037.404836201724,35260.639384378024,33939.214816509506,33731.77778465917
193770,21526,193466,21830,0.011346054667354307,0.02707581227436823,26562.257841415543,19097.072438252402,15520.915789058983,32923.467102710514,32248.875313476652,32006.136468513127
243261,30268,245388,28141,0.01563188022897402,0.02686041391457508,12980.949053932294,12025.92516514056,12131.252137587671,31607.758281493167,33156.354784118346,32245.633480555636
214587,22582,213030,24139,0.022786458333333332,0.028971354166666668,26653.171545779307,19252.42200234311,14811.160164105248,33202.74362842089,34034.01672572605,33455.27583201465
217511,23570,213944,27137,0.024686103426260906,0.03181527984677591,37597.50194683524,21504.51321212854,16483.621203532035,34332.86416936156,33839.57687423884,33017.257037782954
213323,23846,212440,24729,0.01806036615536863,0.028203859475507173,13323.939182496923,13944.694395922259,11411.152720625874,32878.08847491343,34521.02498361534,33159.593103353385
217155,25894,218316,24733,0.021616752983562262,0.027020941229452825,19603.649936059646,16836.950244670195,14342.06393638844,34239.47695871008,34444.735315035,33084.612710301815
235494,26650,235527,26617,0.01928555774709621,0.026517641902257288,18239.000304043348,15287.435887769703,11616.289375359394,34511.6571816749,34024.203327324336,33915.7742796711
231418,24618,230505,25531,0.016830294530154277,0.021538769785614104,30922.272369428993,16917.655880611273,14123.42582869715,34508.756796855065,34335.59542447308,33574.160316567286
257196,30100,258882,28414,0.021765127959818224,0.01901458981104999,14922.49124061586,15714.16932038165,13958.47876557962,33482.50662071885,33921.14656245279,32906.54776255763
231840,20164,227743,24261,0.017649591046061126,0.023461041756349547,25312.169414948134,20139.822526520402,20027.742277983994,34223.970401983715,34057.77676643043,33638.36742741099
260920,35016,263585,32351,0.02156205079060853,0.033540967896502155,10664.155394266501,11707.195762060428,12152.701698308145,33516.14727824467,35390.00013011489,34104.10170122345
240810,25446,238555,27701,0.015053763440860216,0.01863799283154122,28007.13454121365,14085.28538337591,12178.231778808004,34877.10367490294,33885.23675062758,33408.25535374301
276778,36822,281056,32544,0.01956636700158646,0.02617662612374405,19040.248943084956,21978.888578184364,12849.626016175744,36421.41475220683,36489.52960988931,35905.96703296898
185456,17044,181743,20757,0.01683724001320568,0.0366457576758006,23035.28810948836,20005.2409667576,15403.583248422829,34293.294765947205,34212.39491161104,33764.48623479198
236519,24602,235230,25891,0.010467380720545278,0.019230769230769232,32885.446453820536,16270.144300723538,12945.06561584514,34052.61008385807,34054.18513128575,33040.61666764757
239940,30460,242107,28293,0.02717391304347826,0.03145903010033445,17707.849573221025,18232.484703963077,15881.03720524144,33685.25521403461,33888.657541337154,33505.25019506289
219135,29866,223277,25724,0.019300361881785282,0.02080820265379976,23905.72177501268,15335.581495355542,11819.688559545346,34558.30828419646,34424.7036002979,33599.49844991427
242886,25438,243045,25279,0.017338331771321464,0.021790065604498594,21423.922608440545,16878.88488065345,14247.080053799431,33662.722305604446,33144.19844055502,32147.2160449609
227848,24156,227145,24859,0.020531131443874136,0.028230305735326935,17250.055402628674,11916.385793104278,10390.90931564727,33791.97201234738,33757.6796013049,33423.87847884621
243956,24368,241034,27290,0.012655086848635236,0.027047146401985113,16437.406861279156,12910.444565811182,12347.651596425574,32896.768803611165,32827.44112747809,32657.55536272828
231365,29756,234283,26838,0.02818960116934642,0.024953017331384424,16448.429582104778,16576.60313801709,17005.467622674256,34892.05178529975,34724.58342532155,33760.22567122439
215646,26418,216250,25814,0.027049013626194836,0.028777709985763678,17628.155806069215,18766.45228848154,14390.764710266809,33571.99945188427,34375.684789158775,33261.86131068001
215214,22930,214116,24028,0.01632183908045977,0.022873563218390805,19474.827826359873,17263.321762294036,13328.348528312428,33648.179454635545,34315.21191275851,33151.014603868935
240821,28540,240580,28781,0.012935759701819776,0.02510414382810787,18105.688868607493,17584.739260808165,13915.836080441713,33148.93861616159,33074.70038999771,32166.53376788862
295051,33278,297432,30897,0.017178804742317928,0.02141301717880474,17409.954122176598,12161.206779797467,12200.858112869684,33873.8525704068,33929.970480117285,33197.8542148209
247413,28212,244818,30807,0.025522041763341066,0.04186880404977853,20945.285354488784,16104.867274623637,11472.117341516572,33734.968939796934,33395.64223513786,32712.637098395287
217457,23624,213747,27334,0.017009345794392523,0.027289719626168225,17987.474092099295,15482.236634639072,16403.89626540792,33369.458223982874,33604.638074393464,32696.573708403474
187666,23934,187892,23708,0.044202240387526494,0.034362700575234634,25692.119293170694,21182.504738446794,14841.025158048613,32611.526345512946,32827.89100889252,32130.803095361563
261920,27524,261685,27759,0.02914466737064414,0.025659978880675817,21784.319484274267,17005.692866949565,13534.033660034213,34056.70537086567,35239.35372758053,34102.40203502496
196931,23030,196569,22455,0.010357045516489506,0.02139547560643227,21412.20471487294,21080.4186450497,15261.321939374795,33357.12967290305,34291.14416849159,33349.917970637376
232744,25320,234629,23435,0.011088709677419355,0.017893145161290324,17250.312146568132,18664.394039624505,14182.387581091529,32882.75258150395,33228.39464448903,33024.28112476315
319442,35774,320220,34996,0.02309433962264151,0.027471698113207547,23502.9833235974,20254.383003831088,14531.123441210979,34861.22309862046,34709.47625511841,33477.30722875438
214945,28104,218201,24848,0.022817460317460316,0.020213293650793652,25729.100205232866,16303.515826675355,19138.021059853163,34049.46354654651,33499.36805204784,33058.17585217982
191717,20804,189524,22997,0.014691284494738933,0.04605916219972206,31366.89271359507,31788.89095907122,20904.59465228008,33055.27486139841,33185.95517826291,33022.76649342734
240835,26454,240742,26547,0.022377622377622378,0.026456876456876458,20977.88214374476,19947.736232449275,14555.182113244471,32835.2905688204,33502.87653379474,33173.47809628327
249021,24508,244641,28888,0.017861032454802875,0.034632977564800695,19631.68702994069,22917.349826310114,13157.48864588743,33317.836278666095,33534.989030865414,32774.6808304254
233210,33046,236314,29942,0.020462205103514684,0.03562831006259028,15612.936977040017,15767.628767440177,11462.072610406116,32336.865150433812,32720.957164858028,31738.07133646015
187477,21372,188087,20762,0.025082114063899673,0.030606151089877576,23154.557007912128,19508.933862399517,14111.28318514501,32868.35535955361,32849.40504477409,32227.815034085343
265875,31150,266581,30444,0.01692889862577176,0.02150965943039235,29231.17175276034,20994.563207450727,18941.205201850895,34002.97921106623,34049.34277429111,34088.21900234009
222460,25544,222722,25282,0.036205801397416894,0.028160067753546476,21745.690945764047,14455.39306138884,13596.67471121649,33757.14311098619,34132.782292288204,33314.615265817156
213240,26860,215696,24404,0.019221291276490884,0.03191227205519961,22058.915636474387,19889.86545828357,18525.862785718553,33396.13239280907,32984.583080169425,32687.484245686555
221139,23886,219572,25453,0.01435991445157348,0.03238619003971891,15771.55269463059,19397.15511913137,13510.912770216404,37428.446220367,36454.5360894717,35447.522937664115
289448,33176,290996,31628,0.020134228187919462,0.022619935371613224,30009.16354081245,22883.024174784383,15149.121869682183,34930.62887947882,36201.64824660822,35459.71125151718
203891,21734,203689,21936,0.004767879548306148,0.021831869510664993,11390.323620475609,13599.633811808619,13479.97441565058,32230.95122009007,32347.791730206423,31831.957735463344
244572,27912,243249,29235,0.017417022674991785,0.02686493591850148,21533.918209571708,14974.464061053755,16869.111565301962,34513.96662182013,34416.16080075348,32911.90007026887
235053,28116,235808,27361,0.021021021021021023,0.02390852390852391,20486.529848869304,15995.468117516533,13206.05227084037,34676.16066935882,33990.7922853381,33053.824681083686
249910,24666,246695,27881,0.01477618426770969,0.028900478053020425,18820.34453803802,14866.89744636299,13043.899698531155,33850.21960240949,33875.324926407746,34065.494392273875
269743,33858,274462,29139,0.024177467597208374,0.023928215353938187,23427.47414376881,18462.70956609108,12387.015672431695,33049.65293093567,32806.526905698,32294.915827720462
230277,22732,226219,26790,0.02042379371968343,0.027699770232320654,20586.56792236943,16302.493351502348,14056.049620749469,32910.29246860766,32859.25024627567,32347.822737823302
274295,29306,271709,31892,0.01156195462478185,0.03392233856893543,20320.672626222648,20702.313939777043,12377.227393533134,31278.438301393828,32089.37368478792,32104.077944978057
276970,29946,276236,30680,0.01081399921352733,0.0212347620920173,17754.270048961997,17707.23559988773,14402.64484019954,32442.68541103945,34442.35835283093,32253.0064161236
248952,25624,245508,29068,0.019535374868004225,0.022175290390707498,16685.819228616998,13090.77512319249,12633.01863952443,33606.25395877293,32828.190845585654,31840.237796513895
204084,22492,202424,24152,0.020363833831115938,0.024436600597339125,16839.661687802407,16595.178599590527,15854.185587887107,34759.27938839119,33941.05658644575,33884.76455730258
306862,31862,302187,36537,0.01937984496124031,0.029608096468561586,16683.51739022375,19157.58194729018,12540.00979230145,34552.73281398126,34835.61736400446,33726.844259694575
264447,26074,263558,26963,0.022585992540406132,0.027455449647741402,22203.411774656077,18240.74866847331,13362.314800070184,32974.45108120616,33468.45487823069,32228.926825012917
229883,27166,229680,27369,0.016373991457047935,0.021831988609397248,16920.35389532489,9840.539325121365,12955.097128085587,32601.99784225813,33286.199151845874,32358.449423045993
264169,28512,259901,32780,0.018756169792694965,0.02936821322803554,18876.10900668815,19886.75353327114,16404.83109540579,32636.08668836944,32283.5140067048,31623.786925770357
199931,21910,197984,23857,0.020823360459550026,0.02321685016754428,26238.705179007495,18285.355184217107,14580.652864217805,36329.14719120298,34885.114358818224,34098.102442974094
250960,27824,249762,29022,0.009310518369401107,0.01723704076497232,18291.300161679228,14222.127048614031,11770.128909428267,31868.84088101257,32502.011620149333,31675.291200553856
267815,31394,269515,29694,0.02178447276940904,0.022711471610660488,24094.82550830774,15471.475779621922,15977.709746964862,34980.57797556763,34888.745952392645,34646.71340862387
241608,26716,240497,27827,0.02052016225244572,0.032569792412312094,17047.490956456004,11832.318069110854,12322.048755530006,33914.476507665175,34516.64411885509,33709.57516452626
282648,33196,283128,32716,0.01501318725907892,0.017954960438222763,11202.141710712776,11705.786839475075,10996.029427613323,32665.387363632035,34036.35927573451,33368.57859055442
239216,27040,236722,29534,0.007895283606897984,0.025244130479950135,29502.322044717926,26606.135095700094,16497.216877717405,34890.914904980775,34310.86302222779,33507.48584482984
223195,25806,223198,25803,0.01629132726401533,0.03485864877815045,18519.650292132243,19153.813424824388,12925.862625046473,34405.59005513152,34599.9436240122,34021.962506723394
226641,22360,221623,27378,0.011447260834014717,0.033251567184518944,19064.22670178617,13099.523251644587,11677.421293872876,33425.46718260637,34040.938805196056,33090.65149229191
230031,24994,228649,26376,0.018946395563770795,0.03061460258780037,30691.991120015624,22328.7628952094,13186.665311094728,33951.531508440145,34986.698098491564,33378.81092177191
187982,19954,187011,20925,0.01278941565600882,0.019514884233737595,38867.03243512055,22871.48094963696,17951.23096859044,32631.678066551714,33224.772097843175,32595.48439005053
254077,23652,250078,27651,0.017300194931773878,0.01949317738791423,18941.219673592124,15336.791451569074,13409.221081555608,33446.77167614324,33341.91463690364,33818.19898479573
249568,31332,250130,30770,0.021884174005871365,0.03135842006938885,19732.118759917885,12686.206213981417,12149.067854508881,32293.920954424644,33212.69178596179,32937.89696536857
236630,29626,238351,27905,0.02215839146491588,0.028210915059499384,25142.366835762485,22102.214373651914,14583.930722863479,30461.983583389312,31868.322111343725,30474.945832276277
211246,24950,211959,24237,0.01865768333765224,0.03252137859549106,17228.279936271752,14279.699996636844,13392.806995462603,35087.94145176824,34696.95292806852,33740.621619221834
285263,29458,283328,31393,0.017942066580198875,0.020103761348897537,22875.52879739679,21053.97665734889,14122.722014118059,33365.99285059567,34061.95413755,33047.6084186496
229475,25550,228630,26395,0.012423714036617262,0.0251743679163034,22221.16971667777,15134.57525621457,14346.6034073505,35052.44183512641,34729.354129066305,33827.91602691763
189225,27000,193038,23187,0.02367797947908445,0.026045777426992895,26968.123909297927,28452.043783684967,17620.992668527484,34696.73922838545,34716.392718807656,33534.18737158216
246319,31410,249464,28265,0.03253073770491803,0.02382172131147541,22795.296849696024,15806.380037781306,12637.615971275698,36584.90510050353,36327.07880465925,35502.51245259918
224623,28386,225668,27341,0.026719445818901535,0.0363681345868382,23053.001718588665,21286.863313926304,16012.989354790445,33164.929111729274,33423.71194340533,33098.4906591217
188145,20704,187152,21697,0.012836185819070905,0.029339853300733496,34189.77739079125,23153.631394893357,18297.113118866713,34978.371666571235,34109.903657786,34167.54399345817
175559,22466,175593,22432,0.01257086517130885,0.020951441952181415,32733.78123004812,25394.105742114203,19014.805852757334,33042.3848164622,33467.245062585826,32428.54908879765
230183,26866,229483,27566,0.01757860856647685,0.026367912849715278,20027.754534583295,15049.494004797458,11851.284944697823,34322.04888561785,34178.95538383314,33844.17214477924
255579,24262,252392,27449,0.012836970474967908,0.021929824561403508,22006.666985867305,16533.400601177404,11758.781726813499,32089.47017900437,31444.817485737527,31535.375879765994
239657,27632,238017,29272,0.016345450109782875,0.025128080019516955,15105.278428520782,16661.352569014838,11670.593913736866,33944.91504025259,34327.27399669828,33420.243056427236
212434,23762,210685,25511,0.012873326467559218,0.02664778578784758,13790.716626152569,15396.553589248373,14811.85602517414,32962.61673930869,33353.82297234991,32825.0105751133
280932,34912,280059,35785,0.022612595776490375,0.024574845823210616,13220.633518320823,17013.01657524394,14892.80012203109,33445.833118059236,34463.006239828144,33135.24429831102
278339,27470,273802,32007,0.01505922165820643,0.04170896785109983,21824.25050030988,17960.60305760512,14903.71440149825,34009.02941748951,34394.32039725722,33414.111324959995
173129,19592,171207,21514,0.030456852791878174,0.0532994923857868,27697.411477717265,20116.99490556209,15835.4998615421,31406.37821713489,32211.975565791574,32341.735586381317
215409,21760,213540,23629,0.009625668449197862,0.023636363636363636,18115.12884910247,18707.694687223124,18760.539749309526,33078.08676878178,34582.355180687286,32909.12264247786
223248,28756,224254,27750,0.017167381974248927,0.05190450643776824,21654.0081611797,23324.589552932535,14327.016592276823,31490.542168437638,32038.82387456295,31287.32774955015
196674,24226,194423,26477,0.021170610211706103,0.028518057285180573,20293.408098171825,15945.37053510476,12890.501102618739,32296.626369098536,34037.60679988808,32468.63752874182
298618,30858,297072,32404,0.020341917333910407,0.028889850681670635,16272.780114517855,12833.511360420744,11355.377921487066,32834.04624360856,34602.73298066508,33394.92126516387
233445,29724,235258,27911,0.02025014889815366,0.02789358745284892,15931.396627517093,13682.25077513026,13488.72742818309,31885.54764749907,32932.94217873852,32577.179551837384
202736,31520,206039,28217,0.029705882352941176,0.033676470588235294,19243.388710562245,11748.00804396979,12363.671106081441,33352.235838709865,32265.339266411578,31801.366055113915
245370,27114,246234,26250,0.01928817451205511,0.0269804822043628,17368.972944673398,15604.792662158725,13196.147089833405,33803.5512372456,33076.290815012115,32888.04038709451
171575,15914,167984,19505,0.010940919037199124,0.02313222882150672,18487.551202747065,15755.736457089854,13026.96676173362,31382.745535813978,32329.396152940208,30588.58730559318
256881,33640,258960,31561,0.023099133782483156,0.027622714148219443,21560.05682317041,20063.25457820433,13795.264124750389,31199.598829020513,31964.362331276712,31491.476932427446
184737,22288,184153,22872,0.02542857142857143,0.027571428571428573,13837.587302614846,10567.534976521534,12505.456766003123,33908.23818442519,34545.22373099104,33430.686719999314
247037,28588,246222,28354,0.021280567481799514,0.030054134776927383,17108.49432210611,20372.954535739715,15908.855020579984,33170.58074801809,33899.50223896601,33627.84732066226
187180,20756,187959,19977,0.02926396689328998,0.03325450783328407,19071.847921370972,12150.959529460677,12564.033470280134,33606.25956641215,34082.006307823794,32842.23303720903
207620,20864,206530,21954,0.014338575393154487,0.021739130434782608,26203.706692092557,19669.02701699774,18918.093097747445,34914.88340811305,34265.63567563814,34892.60384104936
264540,29224,265446,28318,0.02298424467099166,0.028359592215013902,23496.67362888732,11615.244794563836,12370.206709641758,33105.874261665784,34055.14216190078,32869.42045017208
188277,20572,187309,21540,0.017055342847198052,0.028367560041768186,21927.550465130495,12853.318285889247,13453.515754089869,33374.84627549503,33468.10276805855,32805.46920763524
199031,26594,199788,25837,0.014549938347718866,0.03822441430332922,23777.425170302886,10892.1874568448,12296.54573551353,33553.92561543344,32388.884440958915,31791.016220276906
234001,27120,232493,28628,0.025833478792110315,0.019636934892651423,18431.3525720059,12966.171248654438,13693.854821301644,33239.5454733538,33855.355233222646,32782.64920692359
223932,22084,220956,25060,0.0106951871657754,0.028598000465008138,20064.145255717245,17305.72942006027,13721.520421996753,34442.817599115675,34736.238617900985,34008.47841387989
299219,29110,296685,31644,0.013805970149253732,0.029104477611940297,14638.895467872335,11177.776651966842,12878.414500871462,35113.624968571865,34864.01838525948,33689.52080213262
339066,35478,336713,37831,0.015523358959195743,0.025354819633353044,14333.05421912441,12800.417034067523,12689.582478834109,34488.6963320927,34816.89295354108,34110.96550638266
201855,27586,207127,22314,0.01808785529715762,0.01776485788113695,25051.296274555647,21714.04366151545,16054.749737825106,33088.63232969367,33638.46450179776,33947.575083757634
251432,33724,256387,28769,0.014295758143895007,0.01593625498007968,17698.97655062587,12057.057729597347,12335.018022464294,32132.1534082569,33266.62335045733,32081.681435653267
235591,25530,236526,24595,0.012433801519686852,0.033617315219894084,18237.163955265314,11590.993940900158,13003.63432642866,34258.10182718079,34021.25117033515,33595.838999969994
245201,28328,245483,28046,0.02081427264409881,0.02950594693504117,25745.9876803766,17196.278480816058,16022.535611252526,35648.36604179721,35622.09586680861,35154.944617374385
224256,23748,222453,25551,0.013626040878122634,0.020060560181680544,25526.047366568786,17240.927239304114,14907.564295266277,32237.92609888574,32191.674658183758,31922.808345981346
186773,23908,188772,21909,0.01706256273001004,0.0234192037470726,16704.378272599606,14601.670319721838,14606.708685422818,34710.04269275842,34131.946757225225,32916.4019820881
292864,34320,294743,32441,0.015508221225710016,0.022234678624813153,20092.506854126088,17827.369250451768,12459.877838155306,31868.812003372015,33342.24313518607,32702.136297677203
214207,24914,211973,27148,0.02197802197802198,0.032826148210763594,22144.24697957691,20438.37361446518,13286.597541605755,34058.43474651039,35243.78887155793,33807.8757693045
232781,28340,236801,24320,0.02579198205775161,0.029015979814970564,19899.306281623427,16690.9570346426,15529.392994996733,32426.792496495433,32964.20461809612,31668.491449438636
308537,33688,310528,31697,0.0223673792557403,0.02602929532858274,22479.682048346585,21975.91967046722,13390.561188091213,34242.08998729729,32799.46594169015,32986.91528438783
204125,25316,206148,23293,0.020015801948907033,0.03068211746115354,27588.605372043265,18597.39940036068,14761.260971556074,34993.51271661457,34371.016526800486,33373.10244168165
246178,26306,242721,29763,0.02559196364506099,0.0351590528581679,27447.06361511293,20825.801542335885,16157.255295731286,32638.171794183356,32792.95766820652,32162.132926311617
266170,31946,266855,31261,0.015745213812846662,0.030953658972982644,23586.66565230711,19004.771932039937,14764.619631506095,33570.99696747442,33923.753394020314,33766.92800532545
229614,26422,229769,26267,0.026455026455026454,0.01943869335173683,32741.70667292228,18346.629935786652,13797.149138533208,34212.09954255407,34236.38348109572,33160.514870433544
269131,32270,271384,30017,0.02466574458275703,0.021668971876440755,25425.19589637573,16027.259219200796,13570.462915605789,33853.03513060836,33561.63178229399,32768.49092248737
277514,31622,275673,33463,0.01493183293659381,0.025535598355334345,17035.571974719347,12283.458613979854,14558.001699192993,34133.64017187196,33955.49715051061,33526.904332274826
278607,40618,280827,38398,0.022260644045818026,0.03360708882645343,18344.27877124789,13328.570123807764,11837.337448152999,35130.319632400264,35055.282565610985,34057.153629115375
208937,24352,206989,26300,0.02072892938496583,0.032687927107061504,16831.636173886498,18019.74609948102,13784.804355019041,35203.43091567156,34947.1254339991,33959.152449809044
294453,31588,291277,34764,0.026946743051135157,0.03553999575641842,20462.094405975004,19303.96877480032,15586.832379520354,34541.39834672106,34980.41944140491,34270.56901001412
278338,35262,277859,35741,0.02636879692364036,0.03552462918879326,17028.271113623916,16948.19425555232,14433.783771275137,30759.229815016446,31336.60069155517,31527.664030467167
331710,35526,327283,39953,0.010211145725164416,0.030546902042229145,15022.676603083011,12908.177299833042,12857.130600037159,35522.91876483771,36497.181597848496,35238.77318124648
248780,32120,250396,30504,0.029173887926054305,0.03682842287694974,28115.62901572752,14431.573073505486,14796.779249000561,35731.36741548974,35291.522056399896,35349.33531443671
278399,29626,276796,31229,0.012452299658565978,0.02631050411729263,23293.659398789252,13124.990810069721,13840.453300716565,33458.325233708805,33969.64987314168,33345.12418151502
160967,21362,161196,21133,0.03705692803437164,0.040279269602577876,14849.070457464413,15507.16179939782,14874.106664908855,33458.93154378106,34807.4782549794,33183.47945042983
225975,27034,225346,27663,0.015366705471478464,0.030849825378346914,13634.188587459736,16491.07673466232,12947.65963117785,33703.147236796045,33395.61392198398,32582.939856553057
252007,29954,250078,31883,0.013779527559055118,0.022539370078740156,16752.949793223903,18618.38076081576,14348.314602627597,32007.34302547256,33499.805225277625,32728.937472048336
252322,30702,251430,31594,0.01743016759776536,0.02312849162011173,14383.417499615549,12523.446353684021,12805.386999937293,31782.131306290023,32166.56462185317,31801.798773392617
231124,31020,235089,27055,0.01750861079219288,0.022244546498277843,25333.289968327885,17295.580064964455,12970.508807861801,32800.40875977564,33148.11151560223,32329.76408789599
232725,28396,234471,26650,0.03392294645020596,0.029440271383571602,28177.233438218656,23026.22469721375,16011.427513913306,34494.30508939627,35099.95967246434,34399.08474769403
248761,26864,245284,30341,0.009974533106960951,0.028438030560271648,19503.33933687378,19422.405080887496,15778.491048249269,32561.275121933082,33465.56875950249,32323.847353298348
345040,31956,340731,36265,0.013500099265435776,0.02332737740718682,20324.49993262099,16889.240215359958,12548.940431440602,34221.33666447615,34837.80618987394,33278.546655883096
229858,26178,230453,25583,0.01711111111111111,0.025333333333333333,16648.907659491775,13471.158226055326,12654.860016186165,32500.43490447025,33261.845661656356,32953.05650397208
186085,22764,188939,19910,0.03092436974789916,0.02504201680672269,16675.074927901787,18132.252765266876,13546.885062726536,33957.147580289195,33999.63106044238,33411.60944877196
223826,24178,222978,25026,0.021627188465499485,0.019824922760041195,11425.482193236081,16303.652379014662,12953.513578948681,34025.994483899725,34195.27832038634,33149.91022773572
261971,30710,261177,31504,0.01693051890941073,0.02704485488126649,17629.459381713146,18211.649168239812,14004.200485509331,34323.551959547665,34089.689333142764,33264.43694644526
213948,22248,212238,23958,0.01883910386965377,0.02584012219959267,10660.61000709813,9127.49202671345,11263.546885907152,32834.911030855474,32520.415410868613,32082.494451997398
213841,21384,211875,23350,0.01381449111925571,0.025937411897378065,29312.587363861283,17793.655607901805,14009.248838758029,33625.01823627693,33564.04840110244,31928.53468891263
203267,22358,199948,25677,0.028723072119887606,0.024196066187948798,21739.211838794265,15187.367215967004,14572.42454846329,30917.847016443273,30688.71923865746,30367.589938995774
219774,30226,222235,27765,0.01461864406779661,0.021927966101694917,16597.811493072368,18819.352903710595,14716.784176995505,34816.724337229956,33190.24726329949,32564.250738822804
207919,21522,204886,24555,0.014857416726575605,0.028516654684878982,21672.10238764245,15958.948684828985,16445.549336053555,34611.33572181168,34127.19803318268,33017.2971803695
249928,33096,254220,28804,0.019026909486273443,0.02391954335417233,18895.294919787506,18510.69074304767,12770.69248213542,33925.26648201961,34449.32826314211,33769.90131098456
279009,37960,280565,36404,0.03382599420996495,0.03420691756818528,33624.71469475915,25390.873925006435,17247.776853963718,32908.94389855645,33251.739974841,33167.24694262468
207961,27264,210403,24822,0.01769436997319035,0.02680965147453083,19312.968091130817,17986.60046380905,13728.787154723716,33593.16141469738,33686.53530313371,32702.51119957806
286118,31978,285223,32873,0.014247113731269958,0.016826332596413657,16087.009706876393,14329.08575832129,10146.168274810982,32911.060331228495,32163.305949024012,31683.137419878833
241571,25718,242110,25179,0.013766644098397653,0.021101331527871813,18692.701395068016,18178.603758870515,14817.445069842388,33273.36496898885,33897.95146800232,33513.671008250654
181335,20266,179624,21977,0.011761697775504986,0.024801840961390948,25735.50024398134,14754.705064501268,13741.353823878791,35463.945980092685,35638.34606151724,34090.47108191357
228676,27360,229876,26160,0.009966777408637873,0.02806434691379612,16080.980299530018,13766.85774559281,12686.90157023262,32735.860884218335,32985.906930278,32340.990349998516
216395,26654,218865,24184,0.04817212490479817,0.04265041888804265,21999.098165600975,18117.139652873004,16608.047663263827,34159.97411987373,34195.98169708357,33327.97778649566
238138,26058,236677,27519,0.019712825504989047,0.027013871988318325,18331.406601129285,15586.916181855357,13130.346630872335,32122.645329163493,32370.333385530623,32242.368653612775
191161,23208,192835,21534,0.017407605784681306,0.021424745581146223,33990.99710305622,20144.701837003617,16984.550830902077,35319.25772382811,34518.39519048106,35355.24945278043
227421,25588,227471,25538,0.015302404663589992,0.029754675734758318,18304.003147643394,13871.080280632605,14209.55045463198,32512.543416984052,32483.847932559678,31944.96728419961
216314,27722,217588,26448,0.02214022140221402,0.030706378492356353,17254.14027879326,16508.330342349927,15683.904855228431,31728.25280161864,31933.57962494113,32433.33131129743
237727,25442,235278,27891,0.016662963785825373,0.02199511219728949,22558.977828431547,21670.263666535793,17205.53746587345,34104.22902318212,34637.226780638885,34381.97218343771
220643,28358,222922,26079,0.027304499781564,0.030034949759720403,34976.077905129045,23847.02360974132,14895.656599920023,34109.46087659861,34707.36426271133,33176.755747357005
253296,27604,252897,28003,0.018858307849133536,0.02280835881753313,17263.358088534664,13600.78160206723,11796.437009264755,33666.85517834187,34326.96641973644,33742.25576011198
253570,27330,251781,29119,0.018414322250639385,0.03580562659846547,18886.047923528666,14466.51580074016,11912.704507211329,32985.12847061827,33997.22314716719,33356.95844228913
297899,32726,300964,29661,0.018483231707317072,0.024104420731707318,30967.19956336716,11597.267046422327,14161.577197090135,33757.19730176615,34514.65023672018,33416.10999008011
203551,20178,201456,22273,0.016389432485322895,0.03302348336594912,25788.70159914963,20652.63481879956,16130.513221407395,33338.03897567201,33960.63586351907,33421.55546315285
253053,26788,251475,28366,0.023476655236085466,0.02466367713004484,14472.054505166396,14253.94595761545,11471.36048129518,34215.55565665917,33970.15127254902,33231.839982455116
226055,28970,227542,27483,0.025583482944344704,0.023227109515260323,29858.795858491383,21053.671877322635,21612.190114966696,31791.319410350086,31882.89648129315,32194.802173123517
264920,28844,262473,31291,0.01698279664755183,0.03385531539479488,28126.999814717492,17592.297975213914,12636.66601347642,32393.44944725675,33474.61135537626,32311.178136811668
249525,28204,247106,30623,0.01731701685522974,0.030824290002308935,19320.581520452586,13333.559301688249,11114.20465497574,31932.540292499143,32797.614588526405,31955.391433316796
283515,31206,283646,31075,0.01948051948051948,0.020292207792207792,24406.07718005232,19112.716212830364,12496.291859030634,32853.03590943038,33345.51449882609,32078.489668607872
209975,25250,210926,24299,0.0255729794933655,0.033051869722557296,14984.136919517567,18143.616452395167,13890.167988104982,34762.661146327875,35544.503708920354,34222.036505447
244750,27734,245864,26620,0.007511509571117034,0.027986430821419918,18398.9857066522,16476.412761378462,16392.502010226974,34627.732682485585,35429.06285356026,33352.2505378952
263499,27022,265253,25268,0.0043130990415335465,0.01669329073482428,21533.541751345045,13873.101491836422,15884.250894973107,34201.12772987986,33985.328338549385,32865.23741777442
314249,37400,316785,34864,0.019198664440734557,0.03224123539232054,20775.720566885357,12323.339153227122,11226.883475452321,34516.40720411232,34655.105517952514,34455.31207059673
275239,28362,270799,32802,0.008913412563667233,0.025749858517260894,22691.76328450005,24414.592514218562,17899.20806854654,34496.89090620742,35529.1933598252,33521.80963264346
296811,36118,297618,35311,0.018847249616480384,0.032982686828840674,19651.995876252615,12642.677760166478,11509.944779285288,32181.86181357412,33256.79107981296,32537.41370272921
298004,31472,297948,31528,0.012083414539076203,0.026700448255700643,18111.55133627737,14809.812975609644,13286.784339443537,32410.998746453424,33073.69173887971,32615.898855335043
288458,34166,289236,33388,0.03532875368007851,0.027281648675171737,18600.032052725026,12634.553666586602,13078.09572068896,33928.95412204406,34378.70582804165,33710.03547202799
189943,22578,189416,23105,0.016931216931216932,0.028042328042328042,19254.565806801842,15706.94363805818,14552.14811737483,36305.347535253415,36469.858017236205,34810.771271672485
238220,23924,231553,30591,0.010269283432222729,0.027955271565495207,29715.62496723401,16064.049174374893,12561.72414149692,32778.34493237046,32764.953958784015,31832.068065669282
223816,30200,226576,27440,0.015019525382997898,0.03484529888855512,15504.182216069012,13100.903241887429,11690.804393655373,32034.541298661698,33231.29637370545,32982.905119664734
223050,24954,221784,26220,0.01912087912087912,0.026923076923076925,22227.788428376283,20498.68151074802,12734.455344253049,33771.94321125026,33763.508862790375,32712.588264634396
254698,28326,252719,30305,0.0111404833836858,0.039558157099697885,22811.657199615132,21884.734547819702,14333.098205013515,33178.96120758776,33989.61759212204,33263.388354487535
261962,29638,262475,29125,0.022742935906271536,0.026878015161957272,15164.894461741374,20518.961428678987,13934.614546123208,32345.369362510162,33233.31288511802,32588.741889027275
235499,27670,233538,29631,0.014438166980539862,0.023645114040594266,11989.946195646504,11470.213468698277,15079.452045263912,32505.382767030118,32405.41731276107,32395.814089811494
252812,32344,252930,32226,0.02797432943886786,0.04163238440019747,27795.673091822562,30927.79767834367,20144.57691367125,33588.220231301675,34021.318445768615,32747.870824601574
218688,25348,219438,24598,0.01049017737936296,0.022601563990082014,20765.935008944347,16885.07094455586,16207.571873779038,35964.998089062145,35953.36481282357,34323.47375549219
260663,25562,257230,28995,0.025107441755258992,0.030422981225966976,15121.038769188463,15219.603633510807,13968.36126856645,32653.580727754947,33290.889675763974,32446.00673523738
244045,29484,246421,27108,0.02959830866807611,0.03171247357293869,26572.652406641104,19479.651022716534,14548.363712196853,32353.695613728858,33164.042463644095,32178.231307434635
196457,19768,195258,20967,0.027951807228915663,0.018072289156626505,18751.88217785606,21366.033691330067,12811.88049952075,34705.55973262759,34466.87511711717,33589.1798302528
174500,20864,174994,20370,0.015931721194879088,0.020910384068278807,28543.062281161878,24767.623339221573,16581.99045833517,33073.09146336465,34260.35473227967,32757.099907367978
284269,32700,283890,33079,0.012031826120706385,0.017174461478750243,15566.558164379703,12414.249223992776,14750.193555399348,34154.00434895659,33961.23630458897,33837.87442974113
292236,32664,294787,30113,0.016352443247402846,0.01721816083108888,24283.46771022625,17275.142492377767,16481.520661409995,33720.73170778014,33467.97264757516,32764.34370834961
248658,28018,247517,29159,0.01447402429568364,0.026234169035926597,21889.114823559747,20480.777864080017,14014.144863686348,33699.661577698826,34765.24874501071,33688.50105353588
