44284,5000,43050,6234,0.0008688097306689834,0.027222704894294816,9945.08834869761,12890.920192095298,12580.518595222167
51309,5812,49609,7512,0.023853211009174313,0.0437308868501529,8467.069792422186,13436.623853078088,9196.356120485252
58200,6316,57691,6825,0.017983909133932798,0.017983909133932798,7651.363547255011,10686.943717706463,8085.129944944571
86064,8800,83489,11375,0.015957446808510637,0.03844294003868472,15140.125778513819,14028.441134210503,8981.117252475962
71688,6712,70733,7667,0.006454816285998014,0.02135054617676266,7677.230538884238,8262.912109679519,8079.530082786463
64751,6538,63540,7749,0.010575793184488837,0.026880141010575793,17117.754163635404,12292.818399567697,10668.243613096447
66612,7372,65043,8941,0.012721665381649962,0.03161141094834233,12990.168662848988,11027.280747513018,9498.888858633723
51498,5146,49376,7268,0.008801341156747695,0.024727577535624476,18021.26316689536,15065.753758836418,12416.459920410573
48078,4822,47343,5557,0.008410428931875526,0.0159798149705635,14568.19677285853,10737.668907953308,9523.192595732009
42706,4818,41925,5599,0.01025364274150027,0.042093901780895844,14990.521399478297,15870.024329284943,13048.332362088282
70542,6742,69009,8275,0.017755231452124286,0.03741280913126189,19168.191879569942,11407.696991379396,10297.835867506
50241,4984,49452,5773,0.0085995085995086,0.019656019656019656,11091.668540069377,14586.251862063455,9062.060775590102
52323,4798,49762,7359,0.009146341463414634,0.028963414634146343,7995.364799267567,5281.664163517532,7856.7909579095385
56347,6654,56031,6970,0.04081632653061224,0.02774234693877551,12472.71165172369,11576.08316428212,9107.781000413683
40197,5172,40032,5337,0.008613264427217916,0.017226528854435832,12694.811035955969,11517.475063334827,10490.612308184913
52813,6236,51718,7331,0.018646408839779006,0.05835635359116022,9273.549588262596,9746.056213588694,7774.167137992838
73099,5862,70617,8344,0.016221873364730507,0.037153322867608585,15925.332859182166,10478.785042334777,9119.38454008916
53955,5094,51462,7587,0.008960573476702509,0.032855436081242535,14432.861363399958,9412.947841548304,7098.441722231395
46892,4184,45068,6008,0.008377760853008377,0.024752475247524754,19967.560264867057,16720.812695794175,10680.501486040115
39169,3680,38456,4393,0.0102843315184513,0.023290986085904415,9186.649254225302,11090.248240029641,11240.693236605211
46672,4404,45545,5531,0.006788866259334691,0.045824847250509164,13352.472606235553,10393.20135639751,9152.65803626332
68655,5874,67678,6851,0.005626598465473146,0.021739130434782608,10242.49820657031,6398.872496108232,7200.64727210362
83416,10220,83423,10213,0.020202020202020204,0.03880914407230197,11715.240069290077,5670.229753239285,7583.5573273123755
64050,6706,62907,7849,0.0112,0.029333333333333333,8853.572804628284,11038.359096251168,9056.327479409465
57656,6860,56498,8018,0.010422094841063054,0.011985409067222511,16890.954040247154,5362.836144786706,8269.78672515405
