248575,27050,249830,25795,0.03404750041521342,0.03047666500581299,22002.87394326661,17875.328646275302,16153.264874082257,33678.85641334572,33095.32109612023,33220.695350332215
195538,19758,193529,21767,0.013934633899163922,0.022295414238662273,16457.15580391928,23470.34800105262,14572.040312463589,35020.02536031752,35343.21174577949,35067.993946400566
211043,26126,212870,24299,0.02019678922837908,0.02977731745209736,23324.836454680742,20291.66012371465,14728.933152535848,32313.010642941437,33179.35560480526,31933.27319904197
139584,14080,138850,14814,0.00644468313641246,0.022234156820622988,28049.373741733973,23363.12365397281,18247.776891576206,33124.88275625338,33616.69432968656,33171.91282136284
224958,27046,224508,27496,0.021458412457273073,0.03655526015951386,20253.056154817063,23266.464382918613,17544.835937025793,32104.274331829536,32027.773793126304,32255.96015434297
256088,33356,258961,30483,0.019445794846864366,0.029006643979906013,21915.79668382484,20319.874473644395,13137.695973895474,36317.339389278335,34487.904259540366,33736.04420179157
225602,28414,227388,26628,0.027926720285969615,0.03273011617515639,34321.0900705228,21690.55752769181,16114.421620304685,35768.14781809802,34979.138996643276,33621.27070590827
133801,15968,132938,16831,0.017696267696267698,0.029118404118404117,18804.325913780674,16613.81784371496,16426.967890226428,36510.8827894458,36310.35681892362,36115.45859593374
279481,28544,278806,29219,0.025223435948361468,0.02601787487586892,17921.360262059352,14425.818435683143,12698.219171180008,33943.61476406883,33743.308935281115,32614.061164584342
209905,27264,211118,26051,0.02065017378859129,0.03158863218155796,17619.02445824588,14761.701365182873,16644.576181916276,32004.687312375074,32144.007521415067,31618.220782957254
220318,23718,216495,27541,0.02081268582755203,0.030847373637264617,21404.12940718897,13173.580915848339,14046.89844254694,32894.50386821417,33002.81014802901,31946.448834659208
211773,21516,209918,23371,0.014185855263157895,0.02230674342105263,33065.59027430405,19813.31736239359,17090.633146529875,36308.93711661246,35672.7904725902,34818.063820015996
265332,30604,264485,31451,0.012485593545908566,0.02698809066461775,21720.75539732327,17831.617844021635,13481.776495712056,33893.111117620254,34973.315953463025,33258.5331462418
229369,23640,227618,25391,0.015384615384615385,0.023175542406311637,19433.62888227652,15797.481580368754,13869.673570234236,34330.438440236765,33892.074772163185,32591.05061803417
237444,26752,236449,27747,0.038976148923792905,0.035485747527632346,26222.193885938817,17421.043243380354,14488.64680592233,33182.83497972996,33484.63722422834,31858.581141416875
348887,49274,359168,38993,0.02092994109537536,0.017044742448928438,23224.670018761204,19295.530859090715,13449.482107266169,32473.19462153171,32436.69049461523,32177.605438927523
270340,32160,271249,31251,0.01509199917304114,0.02243125904486252,13729.240717500186,17374.7224631524,13663.609914926741,32573.673154319655,33483.51549848289,32790.7126617174
208143,23218,204034,27327,0.01266294227188082,0.028770949720670392,21911.414433573227,15409.566287301146,16625.68891942533,34193.31452320087,34974.330333267426,32859.2502143284
235429,27740,236678,26491,0.024705096817271312,0.03672379256621411,29657.71560630118,19966.934403411044,15669.570488993957,32172.857033541488,31829.22921649527,31321.818240113498
260897,31784,263307,29374,0.030696144710396493,0.032797368901881965,20431.280490022746,20730.88309538882,14544.447421329096,32897.62535021881,33575.99617750339,32713.79695821737
216944,21200,214234,23910,0.01963284038755737,0.019377868434472208,23098.72322443757,16336.191374227288,13593.265192015735,34125.763607741144,34574.30770187034,33378.289099837864
169859,21110,169036,21933,0.009800918836140888,0.026186830015313935,19178.12037547517,18231.886003374395,16319.928476345534,32094.243778251224,32055.60228002158,32080.60114896118
260540,33224,263342,30422,0.031121281464530894,0.028832951945080093,21341.274904532387,18915.279490138048,17281.144710503064,32349.09191726682,32687.018693062313,31561.817949361717
261189,27180,259463,28906,0.015880429705744978,0.015063054647361046,20827.485616211154,16356.626540172669,12816.259490522167,31932.031603680985,33037.68244682488,32192.13257526939
206862,21622,205334,23150,0.019469026548672566,0.02997787610619469,28559.00947553239,19046.41523974212,16279.234407284088,35194.50464977047,34230.14297525483,33561.19205076487
244013,35828,248882,30959,0.032524351989433715,0.028727092620108963,25811.66791505411,26228.324140776356,20622.76614602761,33815.0346045302,34357.757552305084,33602.35049516884
185455,17946,180873,22528,0.017918414029736943,0.04708349218452154,21085.381321384295,21193.49186482533,17191.45675230684,34289.13906072601,34480.77241975722,34415.67306409978
292957,33084,294111,31930,0.013909661980257254,0.017274902781932396,35520.876327900965,19671.23505902506,17207.147743126272,34437.12795655424,34097.637192485825,33627.29410597871
211236,21088,208180,24144,0.008356545961002786,0.025712449110777802,21412.12149649624,17020.56367581857,16419.667258348,32337.393969808945,32038.357803434952,30962.679589235267
200186,20714,197722,22239,0.01214902807775378,0.03266738660907127,20691.325953438158,15485.08143148709,13800.511228252537,35604.90556064065,36289.775142896295,35559.13195551499
319780,30684,315740,34724,0.009428284854563691,0.022166499498495487,19071.620255556634,19246.51455766814,14523.28672938708,32998.06542359865,33687.071962199436,32526.263972442266
213243,25878,212077,27044,0.016697588126159554,0.02411873840445269,26362.09887722915,19596.48705132637,12416.535991037528,33167.03296299068,34163.98993635326,32175.945634365773
231803,25246,229526,26510,0.017180707927965225,0.016559718484785758,23869.166187522103,20327.43409878583,16827.45954754175,34480.7200068605,32582.783881535288,32924.076023755275
244908,25492,239466,30934,0.013754912468738835,0.027241872097177565,22888.024410796257,21345.83379723507,16857.814904709106,33999.816664961974,32215.610894247293,32069.305749011426
239811,29550,242812,26549,0.04983980064079744,0.031950872196511215,32342.022845886913,22510.461757799218,18648.654188188626,35780.3799741931,36452.50217267829,36147.686152033224
216807,24274,215397,25684,0.019873969946679594,0.025448376151236064,20890.138254343055,18502.310048300173,17970.687803520046,33860.49738085842,33709.70764077691,33206.29251038863
302921,34640,305272,32289,0.021247429746401644,0.034098697738176836,24296.35294617038,16207.049524619,14737.07724024574,36399.48216737387,36496.12867098455,34675.80865389853
225443,29582,226853,28172,0.023333333333333334,0.035,22292.842430880846,17142.517110353943,15133.742101103417,33212.10979381726,32911.89092348627,32340.88981226318
296306,30878,293630,33554,0.013263468151301784,0.027181922384149338,21834.21859057628,17774.38027840065,16319.035354066153,34206.4423259592,33953.4432972686,32667.36420403333
277057,28752,275728,30081,0.019501218826176635,0.01837614850928183,25622.95130964785,10375.727992758551,15014.664937603558,33582.3783200687,33418.62041982988,33010.190186476655
300283,37278,300006,37555,0.021197218924877057,0.028065117856537224,16090.562458746108,19258.41654816264,14774.29216572902,37315.142234867904,37414.97780771503,36330.0375598001
227751,23250,227191,23810,0.016328434802892467,0.020177280149288546,18421.50270531496,16725.98597475845,15757.564627846361,32664.851107098457,33913.086742821615,32736.41505003211
237016,29240,241458,24798,0.03294701986754967,0.04412251655629139,24704.90498113356,21226.327541144372,17289.928261753485,33788.312640848824,33149.62529876191,32525.662008798736
279277,33204,279637,32844,0.013860369609856264,0.01907939767282683,18322.941991128842,13965.271379033951,13634.724774634995,34605.35095735397,35499.51700007643,34605.89316327373
308460,37284,309026,36718,0.019289860020484807,0.026203482417207238,18871.63484935341,12625.95471187644,11989.620233657997,33122.268650711216,33309.46064411969,32116.500457987124
206266,20310,200880,25696,0.017682198327359618,0.02795698924731183,24936.392421151762,21855.84829092174,15814.13418977828,34474.96447268826,34351.88977454258,33399.84716503149
208574,23750,208338,23986,0.019263698630136987,0.02054794520547945,17912.187380346273,13315.17772844545,14298.215059346107,34215.75129679161,32780.9468826182,32287.57818057391
222439,28562,223735,26265,0.02142099681866384,0.029798515376458112,15396.014707041337,16503.139677340147,12555.928546897507,33565.33360943176,32898.30013480914,32892.558617772906
272931,26278,272073,27136,0.008537279453614115,0.022481502561183836,31990.070195378234,13841.364670790528,13483.379825649034,33918.97530767888,33910.12298148861,33314.965538020355
285000,30844,283695,32149,0.020117351215423303,0.02462279966471081,37584.898088057824,21188.67866687078,12963.058225203633,33818.025227387036,32934.8901524364,32720.70577212591
208284,24040,209861,22463,0.010197960407918417,0.026994601079784044,16677.57465033532,15480.733553403072,18497.966794237764,34364.66263050804,34659.505841338636,33659.64204648222
299458,34626,301929,32155,0.01246797608881298,0.026387702818104184,20832.20158483494,15545.62468636035,15964.613188742023,33293.40526382762,33706.00009630246,33365.83130074322
238448,25748,236638,27558,0.02029331514324693,0.03223055934515689,18675.165639740862,18926.03536323415,13431.454180909568,35197.88671862769,35388.15188001716,33592.12750336437
182266,22038,183040,21264,0.02549267763514735,0.028204664617609836,30673.080330026758,22390.126954659307,21094.406746499648,36321.672867985355,35841.709129751885,34988.959133713695
255211,31014,256497,29728,0.020078999341672153,0.022465437788018433,22234.176977180465,18857.895375622513,15536.206533077111,33750.765904943684,33651.140963063604,32877.54222750866
215676,28360,219844,24192,0.03197478045485251,0.03152443143436163,28050.991752145797,24350.937733308307,17031.123286488757,35522.80784702989,35605.15421501203,34281.923441302635
240207,25018,239114,26111,0.00974264705882353,0.023713235294117646,19339.2709331685,16919.402411591494,15781.902556787883,34827.319439939914,35246.63458678837,34676.631108221416
296211,36718,301200,31729,0.023277295399963052,0.02124515056345834,22175.735828361692,17969.300731507858,13816.33794278691,34389.02153273285,34538.746881664076,33740.842833530296
152708,15392,150182,17918,0.013198281154082258,0.026243093922651933,25578.342928772385,27177.415103154006,17989.91267061938,35086.42173555887,34380.0952011849,33804.55192483977
270862,33842,274410,30294,0.02300163132137031,0.019494290375203914,23351.07195711143,16473.71164505533,13553.60938803793,32060.423062012316,32939.43203695886,32492.600351759083
259757,28612,259998,28371,0.018346852066434917,0.025782155272305908,24424.068899438196,16426.92428765299,14657.665193824409,34239.3390201781,35046.16697545119,33633.05927093727
229576,26460,229117,26919,0.029040124140988693,0.0282642429616493,24796.617460028512,14775.429104421062,13346.823732850391,35146.21620100669,33760.72119110953,32775.33283445569
208096,24228,206844,25480,0.011730907349772564,0.017716064160881013,32510.498871294847,20360.577063925615,14283.42555244348,34399.088070670456,34712.61836359891,33585.56160919753
252093,29868,253622,28339,0.017834662190516156,0.02926982794796475,21318.755897848692,17184.93416439914,14116.647049064612,33504.580215847214,32285.61426496193,31949.45642157509
281600,38756,287192,33164,0.028051787916152898,0.03367755856966708,17531.560899106702,17571.4705479351,15537.3329765012,33136.57979610007,32645.65599935408,32092.336183347128
247372,29304,246983,29693,0.008920985556499575,0.02017841971112999,18614.953543087828,10192.249363389135,16379.924051961963,35167.06846992965,36083.06604940192,34934.480654640276
179456,21248,179650,21054,0.013176858142886555,0.022544780728844967,12213.441655098164,16438.945837089457,13641.7777011006,35506.273076788304,34014.34082113009,33485.43453560799
316101,35548,318430,33219,0.03195247270391779,0.025369299935773925,27085.89181533279,17921.634838231686,15611.337417090239,34979.38652532697,34792.051136327565,33892.58698516816
270817,32784,273309,30292,0.009671993271656855,0.02172694140734511,24913.187616739368,15700.445848864678,15453.834109203735,34051.24700074237,35166.80243302145,34526.9545707959
290483,28742,286900,32325,0.018603319977103606,0.033843732112192326,27362.504413732735,23188.931882396082,19041.265717363938,33117.24886461981,32983.63511430477,32630.72430773466
205327,20298,203476,22149,0.013907410935416269,0.02571918460659173,18041.251194180546,18578.991078655912,16443.618227318744,33377.55131130913,33959.10094456839,33032.74277812913
267633,25048,262985,29696,0.00915240748109829,0.020493434142459212,26981.792150902573,14504.094355612717,15491.154267820551,32786.716995104245,33097.78806489052,31826.878087069857
272895,30706,270200,33401,0.02303545172357458,0.025812775690246693,30697.322794820124,25401.550595402347,18565.35917485843,32471.958052649472,33482.07149300963,32313.07433040562
278414,35186,283665,29935,0.020051858254105444,0.027571305099394986,27851.155825822687,19582.848787551986,17311.82140441259,36452.53251736958,35412.86946224322,34963.18344570047
266628,27136,265138,28626,0.013347685683530678,0.022820236813778257,17572.125156825296,21079.71691674408,12433.890872312648,34475.850680395546,33998.88178481171,33808.231041879124
254660,26240,252742,28158,0.017627118644067796,0.025847457627118643,22510.939478422657,21857.831899740522,17113.04662218028,32345.33607722374,33341.014926904136,32507.330607082222
198488,22412,195447,25453,0.015126050420168067,0.016339869281045753,25063.63551643247,20400.747758090172,22924.086860535976,32201.942430843257,34365.744343237195,33736.88947248258
235357,27812,233456,29713,0.017156286721504113,0.021974148061104582,14514.73928121545,15426.66191191084,16869.431656705292,33709.447547375756,34403.4986442957,33102.46927878665
229122,24894,228712,25304,0.015471892728210418,0.02294997421351212,22513.097911626744,17123.23480548117,15149.97197976692,34112.717483307504,34680.937087084436,33848.455282441646
267695,31514,270993,28216,0.014563767524159521,0.019872056621750376,28267.867019154004,25243.74838588161,16354.523800075163,32245.490965106856,34087.26319287889,31767.575949379217
217541,21580,215533,23588,0.020363236103467255,0.026417171161254815,25457.20115273514,17264.870266213064,13325.09900797824,34568.41958192236,35065.18101359401,33965.100497535364
316301,35348,317633,34016,0.022434839986803037,0.02424942263279446,24589.8935824212,17767.479038438192,14267.516845901675,32383.764095291073,32764.310953040065,31707.391964696802
223112,24892,221409,26595,0.019385699899295065,0.031092648539778448,24096.252787895246,21248.946250273788,15866.452804990537,33742.171415084806,33365.3229710843,32926.79298905583
236215,26954,232710,30459,0.019747235387045814,0.03751974723538705,23838.27483045163,16893.563224610858,16704.790743583162,32796.22342530318,32958.80260622123,32192.029804287897
173867,18854,173534,19187,0.007211135334563139,0.017105483816870704,21792.65726505755,17879.92293995938,14803.353180657052,32987.026160453715,33919.8325444207,32415.40222708466
226789,30260,228968,28081,0.02933874971789664,0.032723990069961635,19079.286815485648,18832.642091287948,13898.303773327685,33889.591166962906,34189.3660954011,32833.669382210726
295391,35234,296893,33732,0.021049677238282348,0.017892225652539995,24366.26714377177,20243.517225500287,17347.882848543893,33223.16683788122,33875.9371183947,33225.551571068645
278342,33022,280727,30637,0.0333889816360601,0.03706176961602671,15356.1155775732,14814.880500197118,13698.087938787832,34953.084326919365,34526.7555864899,33132.99814714133
257545,28680,255874,30351,0.01974510859809729,0.02665589660743134,17279.781808751868,14729.319931661174,14388.4078370601,34425.83147684436,34693.61791885642,33674.093091148905
205161,22368,206012,21517,0.010757409440175631,0.02327113062568606,32512.718747596104,19063.105652506143,16379.123885599689,34779.94240271743,35810.474371148455,34149.52821142396
220352,27652,220818,27186,0.013157894736842105,0.02479757085020243,23851.96596686812,17237.177750490897,13145.469967466051,32802.30831078024,33585.9485779741,32548.705505481557
235645,29580,236083,29142,0.02305971433488212,0.024264326277749097,15118.06630608145,16419.120524883125,14044.734665647116,32800.74284699566,33842.93951668557,33346.74194412245
239952,26304,239867,26389,0.01848341232227488,0.030450236966824643,20122.203540676677,15197.162367987297,15424.471826850882,34036.61376260263,33842.46511188296,33607.72950897813
257357,28868,258832,27393,0.014495592556317336,0.02703232125367287,18243.789218207203,16518.75002677443,17012.739403715615,31780.949255222204,32508.746685747417,31391.420254311262
228333,24676,229434,23575,0.008824795523030563,0.02324580284115368,16134.973916368679,13400.400052746361,16017.410390965118,32194.674516390278,32588.15737906919,32540.424228883006
219097,23952,216823,26226,0.015407661031457309,0.029531350310293174,24610.55918313294,18129.432953277414,16952.941119146974,34233.78417524733,34140.32324141487,33657.25229263618
276807,33442,275492,34757,0.012933099153760178,0.02730320932460482,16868.302216158754,12870.568162201707,13142.515511459353,32853.664584117454,33615.75595621707,31934.196348509795
208539,24750,209396,23893,0.018973214285714284,0.022042410714285716,22548.082175331077,15605.482759262892,15639.12719429677,31476.474089544517,31696.894473095912,31438.53994060606
195396,25504,197178,23722,0.016635426429240863,0.024601686972820995,22241.426376612144,15842.35981510874,15051.347345000697,32812.48503418648,33753.324022003275,33024.881503491466
186435,20590,186046,20979,0.023526671325413463,0.02387607733519683,32613.301848365576,19272.55436263409,17500.091410587094,33270.1185299146,33433.11175273981,32768.17913051886
251853,27988,247599,32242,0.007619439868204283,0.019975288303130147,17217.2046722093,16397.390267894418,15671.216024679907,33023.369333645474,34665.7619333621,33596.53448013588
240339,29022,240655,28706,0.012033898305084745,0.03144067796610169,21424.043216212336,20572.059815741337,13836.293994011146,33424.23579494273,33059.45423651167,32253.693251742596
186332,23432,185240,23609,0.023755938984746188,0.032758189547386844,18201.874943023184,13256.586343937302,15760.584377977804,32570.040716172374,32443.132426078308,32118.46457838908
271687,31914,272453,31148,0.02112676056338028,0.025897319400272602,24750.837184122254,20943.48639670896,14416.74078197093,34632.00970964676,34251.5119391269,34206.3444678249
222769,26232,222648,26353,0.014365522745411013,0.03172386272944932,24276.52533503106,16991.07703671169,14259.460556587062,33518.28411732628,32757.55956206981,31556.35583414873
236168,28028,233809,30387,0.018468118195956455,0.02984059097978227,23679.443646614287,17302.171901802354,14297.512176489894,34446.6801082122,33775.580184886174,33111.056136957064
323511,42514,326929,39096,0.01903949985791418,0.02465188974140381,22390.82513362864,19849.48627379442,13551.454067168439,33113.08431805536,33573.355975056285,32407.990748427612
296127,36802,299845,33084,0.03497796104080762,0.024242855111616664,26108.38145566488,23476.878391498165,17652.166291515547,35000.08556458035,35364.988269498375,34147.3951416653
246489,22872,242862,26499,0.005592841163310962,0.02749813571961223,36329.85027327541,20054.309140712536,15878.81954434368,33188.14621541634,33241.64714478615,32777.7778233795
229383,25642,225832,29193,0.011756569847856155,0.026798063623789763,30319.00375852033,14594.038627644995,15925.292505336141,34430.27823768856,34814.60624952067,33791.3380312523
194584,20712,190877,24419,0.019978046103183315,0.025246981339187707,26731.326379853715,22187.45906603529,19976.601912020553,32582.090376052365,34444.39122941817,33033.456448355064
283855,37634,287514,33975,0.02792003964976045,0.029902527672228646,13006.12731450399,15210.358853287567,11466.549504424642,32704.45318445835,33948.26718577856,32415.98397450501
196349,21740,193129,24960,0.009332023575638507,0.026768172888015716,20863.179682272068,15988.11396880088,12864.666574077413,32470.800067204225,33062.63026178884,31583.17590981962
267047,29978,266685,30340,0.016969489201234145,0.029653753856702093,21202.009944562185,13342.101453268368,15132.719276608883,33740.238097403,33607.04129010631,32365.86508387514
232227,26854,231127,27954,0.013621327106440942,0.027048063825647013,27574.77000847704,25101.029537061713,19140.39274739173,34555.4420232172,35093.461310148174,34630.46522787354
232511,26570,230262,28819,0.02301410541945063,0.022890373669883692,18055.281163054933,16382.009850472092,12509.67351071832,32196.740992319126,31751.090541292633,31726.018888681625
220015,26994,221427,25582,0.018077601410934743,0.029320987654320986,16549.784137281116,23236.138531320434,18591.340348076985,31286.18580088443,32334.476254966346,31858.166018967495
215262,18994,209697,24559,0.010533707865168539,0.025632022471910113,18755.24077156168,18106.989970307557,14122.800212843287,34973.13132922282,35485.89689484663,34583.306603334924
248791,31050,249449,30392,0.02443064182194617,0.019979296066252587,32595.3584829873,15656.343187271268,15907.912602520239,34515.01986610021,34912.57028321535,34083.87922130514
306497,28744,304043,31198,0.017481867212200113,0.022224288636786313,15372.922004609789,20049.833186611948,13928.801024438295,35205.80828626823,34767.24262553377,34231.5650891051
162176,19300,162278,19198,0.02219419924337957,0.01878940731399748,32406.421108655537,25623.75113945382,17915.09784436658,33914.64378871435,35497.321285925376,34061.65520022906
210778,21546,208768,23556,0.012810248198558846,0.027922337870296236,17714.43087766824,16229.950384776826,15154.751871590013,31761.640704926416,31994.8873039073,31919.470539019225
227014,24990,226492,25512,0.01133746678476528,0.021612046058458814,20911.02956707297,15332.148686288841,15063.20753746878,32650.8620428422,32893.61945651699,31940.343245567612
191451,22918,190625,23744,0.021512493794472943,0.04699652490484858,25241.99439025689,22207.46297205467,20015.774075694226,35242.25267800528,35120.67539813488,34365.14309719416
272014,32690,272253,32451,0.029713329148357396,0.01579828415986608,18961.8795435896,17892.918312682927,12924.900356576121,33333.47519497336,33229.94235827788,32893.44287293484
225726,26278,223456,28548,0.018978673449422813,0.031891997652122875,28057.31434028806,16013.007361906846,12493.151731320459,33484.48879299138,33703.19661788317,32441.454711695686
243837,27604,240913,30528,0.017439832577607256,0.030781304499476806,24202.60493978492,18006.689251174375,13343.828585246807,33683.17919041147,33377.80656219073,32450.335389321
201491,20350,196857,24984,0.009852216748768473,0.025278714026445423,23087.726135103647,25512.68791477669,18959.5338439597,33099.70941208919,34551.81212439603,33231.36136362411
252347,27494,249756,30085,0.01862720081653483,0.030747639704006124,17536.602336844055,14495.912520822916,11482.961639704978,35473.583423007054,35511.77588848192,35130.15680033866
215876,28160,218574,25462,0.020792902689215416,0.027446631549764348,23043.985426323645,13930.333413510414,12019.53452144032,35149.99021151844,34767.70730646677,33900.121675129136
264974,22322,260789,26507,0.010276679841897233,0.02150197628458498,17853.039334155463,16218.975274587909,15856.434263610887,35157.54465609469,34909.76440762043,33365.100604413456
177166,21750,175727,23189,0.02323476161738081,0.03424864212432106,30055.668424325082,17536.25883355602,15554.145342853884,34973.534575399804,34752.51264368979,35209.83833129482
236719,22362,234696,24385,0.021229050279329607,0.023649906890130353,21825.5099892184,22565.598681694526,15842.55712067346,33969.745478767516,35309.67528232452,33844.80535042216
209149,26076,212265,22960,0.017597372125762553,0.02311121539183482,14160.517714513764,14826.163282374633,15475.065287930855,33412.61612416437,33562.64205285863,33298.546821950295
321726,38274,322862,37138,0.016931933626820182,0.03140873687775144,17187.598278525067,15604.13132779756,13921.731546516641,34409.218023818554,34935.32534410637,34434.29391760034
207611,25678,208380,24909,0.022526501766784453,0.036219081272084806,25439.20060147709,21015.29587390756,17643.414581749177,32952.29825700015,33129.63614502728,32741.039825304564
275277,34972,277029,33220,0.02721930095886174,0.03201360965047943,21281.582753024264,20062.63821729207,14080.546349514228,36874.44709264249,35777.41882347821,35055.790058579296
199510,23274,198937,23847,0.013616268788682582,0.027851458885941646,22486.47873575533,16549.399190830707,15895.634145012556,32356.007571802482,32475.814115086367,32036.80039756139
259818,27478,259833,27463,0.022024729520865535,0.026854714064914992,20876.962463227115,21540.38259832105,16758.022610570573,32832.01321486282,33396.44983306459,32272.701622802633
302298,27178,299060,30416,0.013843351548269581,0.025591985428051002,17821.074766876478,15164.718796815283,17420.416775333866,33885.71237886859,34469.9147085672,33791.16186531145
285154,26210,281823,29541,0.011326014985189058,0.030057501306847884,18276.873831067154,14541.876440141075,11838.392350326103,32962.67892779438,33616.53436616927,32773.95898012402
246015,27514,243026,30503,0.027772382986987764,0.033890075742862694,19862.478109701973,19503.407910781058,13360.907025999544,32300.756620285334,32221.0764932297,31700.91045593711
300272,33812,302973,31111,0.023768809849521205,0.025222298221614228,27032.86294471185,17663.230160541,13135.221291218508,33445.28423107536,33522.041100623836,33057.557304034824
292915,30846,290413,33348,0.026310114298037524,0.03137804615052836,21790.274778922943,15247.006910576114,13604.577021578069,33666.934719331206,33650.96616850673,32919.784697665884
277171,33078,279149,31100,0.02516453735965931,0.03116531165311653,15326.080898261507,16932.237627886807,14029.346630650518,34096.88030508879,33744.18633365689,33304.79202708402
313458,29938,309793,33603,0.013735849056603773,0.022716981132075473,30760.158725921945,18697.975585243777,16047.815175334406,34971.59888490459,35952.94296229653,34464.6595451462
215426,24674,214896,25204,0.010291219619005912,0.028465075541931246,18792.96917370688,15928.686030994992,14664.669010896201,34788.351429227965,35614.95404497331,34272.527869477366
256078,31218,259628,27668,0.013693270735524257,0.01917057902973396,19457.444726235055,11683.265551699233,14286.932045169015,32165.718203582855,32591.874637215064,32416.387915877203
180973,18836,179416,20393,0.01390677311357198,0.025624517125933558,18351.619223358743,18583.36610657476,13378.389699479016,36130.973468468466,35793.77002815225,35713.426047071196
245266,29310,245869,28707,0.021601016518424398,0.026895383312155866,13101.675488693432,16678.656426040918,14077.048594164993,35597.37188870121,35538.36054600278,34951.912019762036
252595,27246,254211,25630,0.011046620483055608,0.017974162141920987,13042.25425401874,16838.334383047,14450.323278668522,32436.231002425095,33025.14239832298,32568.9006717688
200001,21840,200344,21497,0.010314111579934365,0.01922175339896859,23985.14736818901,19911.77292012836,15390.431397031107,33134.3936385267,32609.225914477793,32147.76991571283
308125,34100,305762,36463,0.015297271723702885,0.026415391894023026,15510.381893062882,14031.264458279162,12432.019332014606,31836.457671078602,32900.92134735721,31801.83331185483
177701,22108,177529,22280,0.017352364959417856,0.0218303946263644,21457.51258517603,17242.82282339458,15704.295334593227,33232.30274449845,34069.71236856143,32891.80999530433
251660,27124,251329,27455,0.03013552068473609,0.03610912981455064,20354.073222277053,15815.255194122721,14013.52607721546,31335.625580444124,33126.36679637655,32574.07844251789
228931,28118,231015,26034,0.01562205910031997,0.02813852813852814,21140.423343293278,20370.057183471294,15046.714487256286,33856.11833037724,33650.661642162224,32699.380132798247
235029,26092,233116,28005,0.015526647083508182,0.04018044481745699,22553.51418797007,19549.377244838313,15741.6000357223,33753.70895803413,32681.856567596627,32616.72583648397
246299,33542,248694,31147,0.02482876712328767,0.02600599315068493,20549.79341061936,16270.628585147775,15617.266500171418,34325.72102008037,34000.031287073834,33746.369250839336
236906,25238,232793,29351,0.012663159945451004,0.026203000194817846,20635.727176390003,19463.90063911973,14345.600799176806,33360.25666938297,33951.9444165703,33057.68805845788
205347,24094,205056,24385,0.014685792349726777,0.024846311475409836,15921.553999180534,18965.354503512972,16050.681218704622,36352.68586517533,35987.053082448016,35477.46353872218
179585,18440,179115,18910,0.01356010112617789,0.0159733394621926,33083.91174588992,18702.632577353634,18690.110015137845,35032.93282948065,34976.4911936558,34062.404521282086
296876,37208,297168,35761,0.027183342972816656,0.03072585309427415,17851.478819577384,17208.222410330884,15888.998994163974,33359.60257635368,33833.30361211379,33190.76284165099
262786,28814,260728,30872,0.025601834161253344,0.03754298815437524,24245.847094872774,17198.851800914283,12884.5101007798,33348.311947176866,34381.44967896704,33223.08361191629
210011,25214,211719,23506,0.03185988323603003,0.0353628023352794,30998.24659360143,25222.64623241267,20713.525084028577,35745.889041281844,36247.17849112644,34978.83070574306
220804,31200,225799,26205,0.03175189219124977,0.03285951633745616,26365.56118583364,19009.29456484271,18159.375322232536,33873.61069973172,33817.46231265769,33491.913262709284
195286,21870,194051,23105,0.015073115860517435,0.031046119235095614,24943.84452401099,31290.628684162188,15404.327584135432,33532.4388164383,34492.01724623932,33537.31562999687
282371,32350,283755,30966,0.014231642694928085,0.028614685844057533,18888.544687988484,18076.447817297667,15234.649613389962,34974.82112756142,35770.572971194066,33962.37240251794
202539,23086,203938,21687,0.02744599745870394,0.026810673443456164,35312.10326896689,25622.656137187063,18780.970493481233,34881.45273665385,34770.50375086002,34611.61859334333
255152,30004,253012,32144,0.020603835169318647,0.0233578131374949,21158.172695933354,16563.377705859355,15161.920460793855,31252.17255636834,32780.49878654538,32187.122689249412
280838,32762,280480,33120,0.01977052074139453,0.04095322153574581,24728.314562690237,14395.018355286731,13421.243980099674,35444.57563030019,36253.386898624216,35100.779226123195
251871,30090,252411,29550,0.028193525931082493,0.03228332753219631,21191.395970292193,18825.175846711318,16343.132222680293,33776.35231746702,33832.7955386473,33398.898878448694
283088,35008,282995,35101,0.01253459221878561,0.018150740680449293,24838.76843382654,15058.359110525245,13580.329387707101,32769.08455690021,32823.22426175264,32134.634467131713
237868,22232,233712,26388,0.00997665039269794,0.02441095308851624,16759.0704842005,15231.75414377702,14849.941625416484,34953.10887663503,35097.23629992937,33944.91172149082
200333,19628,198029,21932,0.015985384791048184,0.02900205526375885,23687.025748818396,18033.251705587234,13082.549855838837,32189.074020027234,32788.47817748933,32244.73968033089
240147,31294,240327,31114,0.020356234096692113,0.03371501272264631,27209.780084369122,20112.098259225477,19204.761178971272,32431.79015294096,32130.42395757139,32795.27887365907
159793,19136,161319,17610,0.02555592432791238,0.032525721871888486,26105.490686762238,18431.401402824027,15381.346920726784,34434.86834120446,34016.76800798557,32999.423891422455
236209,24912,236082,25039,0.014953271028037384,0.029075804776739357,14509.916582303087,15943.821228015806,13896.303980904557,35066.96637652449,35595.3632742313,33817.07498340825
228434,29630,230765,27299,0.016666666666666666,0.03256802721088435,22877.626058203256,16406.223545159253,15004.852620456028,30308.561452174632,31336.201276954132,30596.966660353854
252481,33744,253015,33210,0.027586206896551724,0.028965517241379312,21526.618750660986,13355.587245839683,13201.251792146968,32578.70085400126,32807.64080729661,31970.720206243637
281403,31078,280882,31599,0.014267185473411154,0.01906614785992218,26312.857085813634,20027.48601135495,18649.752271824695,33906.0793284186,33983.27912924565,33198.696979868124
297300,34476,296107,35669,0.01039647577092511,0.019559471365638768,17668.733265807692,13448.286423337364,11548.860997887223,31117.524715062686,31635.64316463108,31309.311686249202
258904,28392,258372,28924,0.014904942965779468,0.028517110266159697,35488.78241936313,21646.97775714859,18569.65703381621,32344.90709332873,33976.91003400172,31982.511508341606
196340,22684,195164,23860,0.01669359181475498,0.030829294561120085,16540.941701685355,19441.742987617567,12687.951972106122,31056.437674701072,31880.0227002915,31971.518563864483
292467,31294,290143,33618,0.022373710889704596,0.03128823632232127,27943.14865817272,22359.37492834482,15842.225812148698,35012.65342840186,34734.62776850344,33622.00645077199
197755,24086,197996,23845,0.013843888070692194,0.024742268041237112,29340.340531690064,20794.785081766517,16442.665985713746,31464.793721208953,31841.25378473276,31308.679363914936
273274,29226,270078,32422,0.01973951973951974,0.03418803418803419,21098.74690765902,17389.078377013942,13228.678241606154,29801.48627372146,31087.94570336551,30856.559066695492
336763,39006,335078,40691,0.015495550782448604,0.021632402577477755,25230.794831446612,24878.42089741866,16248.97032179455,34786.03491819652,34536.39446641354,33346.98689790738
246715,33126,247709,31075,0.010548523206751054,0.01870604781997187,18347.690019425798,26557.153480353903,19449.181160940865,32014.22884199218,34160.638778783825,33194.51229130927
235350,26794,232237,29907,0.019985376553741167,0.028515720204728246,17813.222592397935,18986.320068998015,14535.147208201313,32410.818449699364,33128.30299308071,32152.72087475624
271610,28694,270949,29355,0.02358974358974359,0.024205128205128205,19963.808009045846,11946.054106976064,11915.753712455762,33485.11383311598,34199.78350006819,33105.228802149264
198417,27208,199219,26406,0.009615384615384616,0.020192307692307693,18396.235808861493,17718.25291150824,15433.412867617635,34735.738201870816,34423.32620183814,34081.943017689584
252310,32846,256382,28774,0.019362352598631533,0.03435725724268453,17743.856410007273,18140.209556249887,15817.880673139225,33391.347633448335,34045.031026970835,33128.54970694617
271190,29114,267909,32395,0.014685725474838457,0.028098688075190916,32115.12845949558,24013.085517896,15739.850180111316,32217.847238344373,33228.988226135676,31574.81848017136
206392,25932,210126,22198,0.015520586333261479,0.029208881224401812,18015.33825061092,19168.00520059957,14770.149209522242,33437.103389014774,33320.224391398435,32703.0721339931
241883,29558,244034,27407,0.018369932432432432,0.021114864864864864,19043.700094124662,14786.974954542098,15417.630891271256,33905.059853972685,34169.0729507688,33447.18583183913
206154,22330,203746,24738,0.028634361233480177,0.02888851236868858,36664.43751750779,27439.99790914335,20173.24774610934,32224.343686316646,33755.22634673361,32582.31107779181
245973,25468,243895,27546,0.018015219754620282,0.03851529740642957,23873.23692196048,17995.549380265333,16682.983714413567,31937.712123816567,32226.792098502025,31662.793000553018
215538,22606,213608,24536,0.022252497729336965,0.03292461398728429,39653.7383213988,26130.422174680818,19105.95730890721,34658.70965943641,34644.26008167029,34113.968116799966
207582,26674,209002,25254,0.01714095523381594,0.026793143617906474,24097.161562860743,22609.293267975692,21378.346115351804,32670.369350141347,34202.87682670808,33076.62873180179
209279,20162,203853,25588,0.012261014131338321,0.035536159600997506,20425.456621689016,21897.741716777055,13692.540220047133,33062.631138654884,33934.93489390528,32689.672444697848
280521,34200,284646,30075,0.022749558737007257,0.02039615610904099,15927.650843394136,13843.394935004568,10876.08391253837,36135.9129477509,37190.42405464355,35800.49611866262
191554,21890,191115,22329,0.012328494730562736,0.02744084310996222,15497.01640708561,14113.175436133124,13881.809156741316,36536.88080547714,34783.57275469527,33819.69843324243
251457,26272,246743,30986,0.019389647614230315,0.0336368234699039,24419.746339180878,15460.704018736018,14164.348439772051,32558.209113811023,33208.274754305916,32289.919466883905
203081,28280,206340,25021,0.022290004692632568,0.02968090098545284,16304.461315765735,15310.299776500957,14922.915442887943,30900.267724394358,31968.817478396224,32443.879581028727
306948,29452,303682,32718,0.013639181649101054,0.018185575532134738,19456.396077938036,14557.222997387678,10231.53078901534,33891.06754117199,35223.93295882588,34134.731276564016
172963,19758,174665,18056,0.03704606385571533,0.024859858640019498,19525.0522461169,19386.43302240002,13734.706885977863,33926.92521987125,34746.08300268233,34065.8751799636
274115,33910,275124,32901,0.019318181818181818,0.026325757575757575,20315.19135918128,14980.421599308123,13524.139985980268,34631.81207873097,34060.723140052236,33763.76290140771
264294,29470,263681,30083,0.0151414309484193,0.026039933444259568,16381.333996279802,11662.808499604958,14554.83563598149,32785.947305866495,31981.41478142624,32209.767837259034
201876,22800,200086,24590,0.014002987303958178,0.02007094846900672,27535.431428031286,14925.437242701737,15896.372642493909,34225.70743055904,32296.161719367905,32603.971482502006
234786,25314,233134,26966,0.009069400630914827,0.021194794952681388,20787.910577007846,22673.04581707814,14379.504957150586,32072.099608266355,32889.06788931287,31547.42588422582
185146,19158,182801,21503,0.021179039301310043,0.02445414847161572,24141.320603476783,16574.8965475825,15359.628542000462,33395.205080905354,33908.35629564983,32880.6074213227
243812,28672,244485,27999,0.019328585961342827,0.02451678535096643,30658.895961285543,26375.39253803311,17883.164581127632,36061.55424569522,35561.527604639676,35493.35034680519
233355,29814,235191,27978,0.04462342185459295,0.04375272094035699,33372.46697901811,25092.525974345714,18076.454456388074,35602.919394482786,35450.14191081078,34885.722050636585
211847,23378,211972,23253,0.01710304054054054,0.018897804054054054,23316.282256489565,20742.932144242004,15469.071588195577,32374.439978479666,31659.65462378042,31889.834975167374
216132,23968,214195,25905,0.018654607122668174,0.022046353872244205,22252.62541746138,15654.721017394066,13785.673626004105,34945.86027125254,34405.49282459583,34745.04417319689
326974,40262,330990,36246,0.015448603683897801,0.02428698752228164,18343.76192543469,15176.262681060793,13753.486089624892,31845.995532328696,31757.191274499062,31626.084813632686
216000,22144,212838,25306,0.008552108194112968,0.024661893396976928,20148.460381032586,18916.7792173224,15442.300667154475,33894.98803595635,34610.28811271258,34292.150093960714
229182,26854,230972,25064,0.023157370517928287,0.029133466135458166,17282.215891496926,16090.629126029511,12293.572438574378,32879.64219230383,33464.420364957725,33259.01051803852
233511,23538,230237,26812,0.015400151476899772,0.02474122696288816,21427.000205344153,22405.96058499479,15873.268616823472,33644.01509308831,34246.87699102133,33609.87650758612
238737,26488,239176,26049,0.01842509322219785,0.02719894713753016,17731.188199702603,11510.215934551094,13759.464365851565,33514.245616609136,33991.82675367977,33495.281294728964
267482,32822,269836,30468,0.026412213740458015,0.02618320610687023,38228.08401015401,25458.72107277835,18154.924969793065,35878.161900079016,35264.50929966327,34521.204848193476
299410,34674,300231,33853,0.01659959758551308,0.022132796780684104,15661.8672186615,14336.661578503685,14627.13114261641,34352.48333170963,34594.47892279383,34082.83920121429
191764,19836,189102,22498,0.015453639082751745,0.02804087736789631,33660.916619131836,23625.596451946043,16731.34035198267,34498.25492884491,35116.85576889873,33830.037034356494
180423,17602,176672,21353,0.014097527155072799,0.030506124335567368,33792.641178182435,20504.486985081323,18717.76719665028,33778.68307818178,34168.09294811062,32890.77496449658
222616,25388,223007,24997,0.01351865955826352,0.022086824067022087,23192.861567821594,16345.789821005734,16134.944392557753,33516.30989595142,32986.016339137976,32158.33762227685
288301,37740,291199,34842,0.0385,0.03475,26465.299210908004,16711.54115451057,14346.84505079709,33702.11885195681,34302.993390238196,33045.52528858658
228425,30656,230596,28485,0.01611237347655443,0.03552984920470977,29618.9472144568,12909.992191221732,14837.191175065831,33773.120781185586,34102.85345413126,33333.455284312
363582,38374,361172,40784,0.015585572213151254,0.029612587204987384,19995.314648293755,10501.933571458887,11910.12218064068,33631.31158126809,33585.226455350276,32816.18055642275
278794,28122,276747,30169,0.015393842463014795,0.029188324670131948,17343.937239379495,16315.008949573643,12105.41749517591,33818.67262242298,33025.15354437249,32166.763685318285
346754,37646,343509,40891,0.02074485462267233,0.03201568114995099,21423.757874220682,16168.383249332877,12848.929313035878,34286.91455051541,34162.56995712458,33445.90752118549
188427,24094,189912,22609,0.011404133998574484,0.030411023996198622,15720.253547512903,13668.506922251612,15005.824400187268,36613.6821849403,34732.66734282466,33688.33123473358
175474,19890,175343,20021,0.012300595810109552,0.019315779358062658,14658.118793434023,16713.531870357907,17575.931269963716,33453.250940750964,33908.353989681884,32501.570925706736
232465,26616,230154,28927,0.018463642580351037,0.03761112377478915,22052.07935217379,20886.10099770267,16028.333609407466,34651.18067334009,33770.71406524171,33704.4797893952
247771,27854,243849,31776,0.031294860752225095,0.03050531151306345,34050.39636759295,25781.125388530952,21159.964922646246,33801.813768021435,33292.37877752114,32827.204925339356
228328,21672,224567,25433,0.01917723476647077,0.03100835137643056,19303.73209761326,22789.547752009224,20306.572573763096,32224.082224603837,33710.38653686055,32139.475413404085
242389,31140,244111,29418,0.01571132596685083,0.02106353591160221,18027.568956412342,16899.22018665837,14665.540139822846,32108.320059853126,32604.2425436105,31829.830996787045
260530,28914,258040,31404,0.012847555129434324,0.02579098753595398,23060.722640516044,17807.31141800686,14756.518484213648,34602.86887613953,33543.084402932895,33781.97944519458
270043,26982,266559,30466,0.01866283839212469,0.030762920426579164,21113.957908561075,14492.95881358625,12069.45075608351,34764.02940272354,34147.577374865105,33544.02252640376
192039,24186,191587,24638,0.030275229357798167,0.03428899082568807,26076.837880042185,17670.108546936965,17058.21643143523,31226.246711867443,32860.23301984698,32002.52784528316
219746,28258,220169,27835,0.016945649927671006,0.04019425501136598,22320.325912124,16183.61925560706,13950.22970822774,32977.003438397056,33814.703530346014,32637.50749269614
252767,29194,251361,30600,0.017215727948990435,0.03358129649309245,27178.188446236232,19820.326933045813,13043.974063297508,35379.0752820724,36079.69373381513,34548.29822964373
302022,32062,301543,32541,0.020181447880022216,0.019903721533049434,19907.10634365273,19849.68593705669,13404.44606831872,37000.468652603624,36894.385997737554,34974.45947137569
203800,20876,202243,22433,0.010193246973879804,0.022403907411339987,16798.44542026041,15682.14022008275,17856.963335675024,34150.405810604745,34548.903900199424,34137.30088470971
203730,20946,202290,22386,0.024342917622155583,0.03360381019580173,28799.694198566976,23171.1175047263,18661.463983385107,32358.346278099256,32120.950787957507,30783.7806153154
233441,27680,232317,28804,0.024525126232267373,0.02945419572012503,25387.64031552779,15489.524933205506,13134.545363339257,35374.600881371356,35856.97536423423,34316.9483010107
271018,33686,270291,34413,0.023813852026904198,0.02317760407198691,37552.91637091057,23715.4836274957,20392.553000203312,32852.20337671422,33351.15207741354,32406.781060106732
233179,21846,228521,26504,0.011537608165076547,0.02895495895274018,29680.386345339248,19415.431145983097,16089.461090479555,33006.297530867065,32964.531905745214,32139.710481920014
187670,20266,182966,24970,0.016139444803098774,0.03109533032063697,24913.647932993495,18116.962515072737,14565.326960518376,35235.26844594819,34933.7161819535,33827.69495994081
309850,33546,307364,36032,0.013998133582189041,0.0322623650179976,19103.894234162613,19022.50337332268,15974.068755726126,33233.99522293234,33733.90925240468,33229.083684782396
249671,28058,250472,27257,0.016712454212454212,0.028617216117216116,14064.918036537378,18639.287708270025,13704.795287776213,31749.963375290994,32250.65399383313,31646.77210304267
303014,31070,297068,37016,0.014395214058702562,0.025238362310712283,16930.187453024115,17163.723624713064,13504.697480378421,34185.460186247255,34042.91311663856,33210.183609401654
220645,24380,219437,25588,0.011776015380918048,0.015861571737563085,27161.71019152942,21671.12708458131,15812.900539695902,33518.367345743274,34771.941068811364,33592.6708149733
288662,36238,289844,35056,0.04314973155696958,0.03161662358321734,22214.100171524406,18441.371226028936,14295.808615018736,34305.313419407095,34865.84531956956,34571.62806273447
213788,24356,215231,22913,0.015253360910031023,0.019002068252326785,19510.710309051083,14622.745308202611,14712.6991416849,35337.77041048505,34339.648416761695,33418.275079219005
287891,35870,289052,34709,0.03002715221210669,0.039051269765213226,31825.008656592425,19695.88797489848,16418.502592293862,33438.90842443131,33548.09306152831,32517.0946765964
266282,25318,263703,27897,0.01882436512164802,0.033209021488190375,23739.24436143229,18059.366247791848,13226.904825776408,33188.9088906534,33198.348762519665,32371.920087958842
253718,35726,260060,29384,0.017050487156775908,0.016607617360496013,21448.689236892,13746.246419719648,17189.55217129266,36462.887828504216,35956.24406197884,34998.890298281
242160,30324,240657,31827,0.02338087444470423,0.040332008417114804,18875.102259671083,11474.944549083371,12836.805238318228,31682.202996832977,32618.196144205027,31897.432249858433
239153,28136,237910,29379,0.019028633562885103,0.02247191011235955,13617.377371882969,17962.070213610736,16022.016567589882,33673.568024974586,32690.238481627443,32537.01309066717
175799,24010,179342,20467,0.024424879295654643,0.031241124680488497,22180.92000819696,16593.031608264588,15017.317797921716,32257.265396194318,32701.269384920215,31878.275961504136
307908,42556,309924,40540,0.029909706546275394,0.035929270127915726,16388.88217085491,17230.126620519735,14703.99272859713,33405.460474715575,33196.33215425532,32686.306653030882
244085,25276,242495,26866,0.021920032474122185,0.03227115892023544,21136.39298179076,19635.996663594367,14606.798568584283,34714.76989577836,34457.29555314388,33595.302307233505
206351,25010,207686,23675,0.021475492673067205,0.027665487620010105,17283.110819108948,14617.824219815411,12788.288194841372,34195.21404557325,33473.624337179535,32510.40556813037
319442,33394,316215,36621,0.014640160271228232,0.02481121898597627,22542.250641321363,17189.365791747972,14947.72748879417,35313.59682234888,35240.45233949544,34518.803092163376
245536,29040,245737,28839,0.02011173184357542,0.029981378026070763,16688.72022978365,12241.536195326495,13877.966936787674,35005.64804559959,35576.303305237336,33991.00777589969
269714,28402,269753,28363,0.013190034196384953,0.021413450578081746,28390.691840409283,25104.545935370505,16397.017748476526,33497.30817539522,33795.98158138669,32628.464942492523
284408,33688,285788,32308,0.019773039889958734,0.023383768913342505,15572.455906373345,14430.26436511031,13294.646234573564,34015.1338058479,34096.63998808323,32617.627927689213
228449,26576,228771,26254,0.013427401001365498,0.020368684569868,17694.29122552174,17537.869934062306,15112.54481130771,33547.37702746938,33363.799481692615,33256.70424709663
255656,25244,253754,27146,0.015076335877862595,0.024141221374045802,21160.449379967664,23757.308065069028,16316.670468939765,35443.0143812245,34622.20432007812,35133.9204811351
186312,17992,181700,20800,0.008895638967238013,0.01909307875894988,24053.105322670464,18235.060126274566,16253.859693761007,33565.8685745205,33752.22431832726,32594.447393878363
255255,26706,254916,27045,0.016564638098667626,0.02457688152682751,25568.305101364476,18654.156996740876,13988.5102338094,33402.80889009887,33419.807116560485,32676.793902612815
191200,22244,191850,21594,0.022424242424242423,0.026868686868686868,18317.348944700876,15574.84652538886,13038.897393568122,34568.028559884275,34846.79037707647,33587.31310307578
226245,20764,223261,23748,0.007788529620014161,0.02348359688458815,25694.801989368087,15835.79958781702,14771.493391169244,33314.8438726893,33493.76998579561,33434.74885266191
241470,26854,238899,29425,0.018948264849904195,0.031403023206301894,13957.451484230394,14710.992517402628,14697.244498984615,32598.971679875896,32623.19426811929,32303.563905266274
333148,36516,332685,36979,0.020196405410413194,0.022419862886788957,16857.68259587283,19706.478990329346,10591.798919575362,35018.62720853898,34347.82523885751,33485.02610680023
263314,28286,262707,28893,0.019270346117867165,0.023666978484565015,23261.86293394195,22617.683469156593,15994.374474416814,32467.291801982494,32645.578962148888,31931.652692588257
195192,20104,191938,23358,0.011299435028248588,0.02564102564102564,26543.50184370467,17224.673545999143,17271.527954665,34730.81898968151,35132.44972783215,34601.31232580155
217304,22796,215313,24787,0.012263339070567987,0.02345094664371773,12908.767007178527,16657.697307456092,13176.375376620499,32444.4728007825,32743.81567557698,32049.261083833157
356798,37586,351846,42538,0.017520612485276796,0.03253828032979977,15152.791360128285,19305.279663982605,12106.176172125077,33418.59849000062,34428.927931154074,32983.868728664245
310584,30472,307404,33652,0.013503649635036497,0.03576642335766423,16527.36512170172,15186.806300080338,12953.58460965446,34169.29501624365,33484.22684428417,32994.990126869074
241752,34924,246399,30277,0.02746942615239887,0.021825023518344307,31873.76970422924,14578.297827084436,13447.811514307095,33083.25928336837,33448.5467448417,32642.39294746145
246557,29068,247179,28446,0.018186226964112512,0.029219204655674104,17753.049081465902,16329.897476909031,12150.314398971846,32346.237192406265,32529.946058081252,32287.55786580882
253245,24484,251082,26647,0.017756097560975608,0.02546341463414634,19626.790855221087,13857.907451146119,13108.828673082666,36016.63611048562,35500.461512746646,34639.176936271324
289136,33488,289794,32830,0.02315197618653878,0.02588060195138085,18302.86910768668,16376.410360853886,12285.019456649607,32131.55383545022,32356.633151530812,31401.273759514763
212617,24552,212944,24225,0.023017442905952167,0.02607444704189894,18695.797159351496,17707.612353000764,14562.701245597771,34414.01357925136,34816.12126175507,33631.16471047328
256887,27202,257718,26371,0.009919028340080972,0.018927125506072874,24326.979232291524,12542.028543486551,13989.912199390854,34720.94998810372,35231.009036756215,34448.45616378366
261613,28908,259085,31436,0.014566642388929352,0.03213765477057538,15534.953987702722,13008.95827332969,13081.05540020568,35008.62747694559,35100.22101750298,34271.594205405745
224996,29020,226063,27953,0.02344767694311767,0.03028658271819366,12641.203671890447,14211.246500769032,15820.060306509396,34494.28247009199,34789.56661547373,33582.67499457271
257607,28618,256075,30150,0.010412989763501588,0.02638545711260148,24779.41178676266,15587.454066088187,14087.954222012855,31339.833843731187,32802.77453605393,31456.63765444067
222521,28480,224116,26885,0.02607455693623956,0.026889386840497045,15085.416927036445,13692.333648600397,15820.465788199985,37041.05053643468,35570.53784694085,35061.88806274717
250880,30020,249557,31343,0.03206074667791605,0.03649019194262814,38709.3147732321,19310.854712837852,15936.47088343335,34425.03196876363,33701.155786760435,33745.3034526035
218505,24544,217961,25088,0.013929193267556587,0.024376088218224026,24417.683733140333,19322.391121151857,15795.6397187539,34096.43127872021,34473.01843903095,33552.66094337877
268573,37236,273986,31823,0.02992831541218638,0.031272401433691754,19988.57174950725,16009.292694135695,14607.036932386463,35014.27217989934,34919.86922997124,34845.92460803754
178539,23062,177062,24539,0.016549739161719732,0.03696708041014571,20007.80917774664,20148.129033480833,18368.422999172984,34091.05089741907,34368.73684927199,33751.097686972564
227229,23772,226253,24748,0.013301311657121744,0.020506188804729354,24792.28006981812,21980.92361912468,13782.977649275184,33574.0227070139,33256.77705992764,32499.186332695554
186881,20144,185494,21531,0.01338475499092559,0.032667876588021776,26157.566401637065,16388.193250076387,17248.968421014615,32401.879401035032,33084.743409806775,32375.477451394414
190987,19694,191596,19085,0.016659547202050404,0.015271251601879539,33425.29470268656,22501.38049405716,17588.100569636135,33367.53786935291,35164.052416786006,34249.60565018968
207178,25146,209270,23054,0.016083061889250815,0.02015472312703583,17915.088091324036,22808.53304009368,14831.551444785478,32010.505254685955,32921.133532569336,31977.28102856322
256398,24502,253478,27422,0.013541239228559704,0.034058268362741076,20540.823789400627,15309.44157839684,13909.114487406541,33121.758935897946,33685.05019684607,32673.585766033702
261967,32882,261998,32851,0.017719218537028625,0.03021353930031804,19257.20842137643,15205.321393538834,13905.286607166485,33277.25065348763,32961.3516212501,32382.727959915523
212860,23336,207930,28266,0.016216216216216217,0.027527527527527528,17786.594580073288,16835.140603265485,17189.312314754017,34036.23659404635,33868.53767964331,33205.72697389496
198300,20724,193022,26002,0.019809825673534072,0.02733755942947702,13026.351972678698,12541.962276594051,12153.089746100593,32247.538586968392,32236.722421996907,32062.78673413006
266031,30994,266798,30227,0.021625846795205836,0.028009379885356955,11828.686299678042,13157.924370482335,12525.58519275588,34267.71144044902,33935.57532252266,33663.959618877976
225914,22090,221103,26901,0.014004272489912177,0.030026109660574413,25342.233175881574,14087.736807337493,12535.419725468526,33431.8650144388,33400.79197294126,32747.228208634617
247184,27392,245968,28608,0.019805680119581465,0.021113602391629297,14361.568356177804,13716.619242758325,17346.25656174283,33364.727872681215,33856.606509993435,33473.99155851524
189319,19530,186684,22165,0.015384615384615385,0.024110218140068886,22326.406935217434,21436.56738849944,18621.34730788519,35114.10385896478,34312.19162068212,33509.57882988626
268578,29538,269114,29002,0.020013684570646596,0.02959288402326377,15379.121997245902,16684.166446447296,13452.875266410696,31882.23394200135,32859.466610715055,31796.552609998053
291084,33816,290654,34246,0.010342084327764518,0.018752130923968633,29614.090956189117,25789.770273009257,22722.29163207882,33058.52827575831,33575.09731236023,33180.92325729588
257110,30186,259056,28240,0.016563146997929608,0.025362318840579712,12921.800073780129,16308.389596581566,13329.888076916024,35539.16367534884,35828.35312919554,34413.87974154798
215712,22432,214894,23250,0.01961585615038823,0.024724152022885165,19803.60510751859,20256.31230256025,14647.463931185574,33474.084735385906,33356.233598921506,33129.086983931295
236641,22440,231635,27446,0.019253705912421197,0.03578122337706594,21661.28629766492,13463.385773658712,13322.087073423958,33080.14973095617,33339.49694262945,32329.57451792078
238383,26842,236588,28637,0.029277464410421703,0.01974214343271555,27480.39077191102,20806.95641404382,15069.568541630942,33547.00964791063,34616.71331114788,33282.37583189634
209110,23214,209251,23073,0.014554794520547944,0.03446061643835616,19125.485740334956,18413.483801771552,15470.393706032457,31865.691120216557,32299.197959867994,32173.597491520533
160745,18184,159788,19141,0.015021459227467811,0.028567596566523606,34458.10917444823,25159.865324782506,14472.431438656538,32713.482390412566,32872.325806614776,32897.13022779928
205290,19386,201332,23344,0.005992654165861202,0.02329402667697661,20559.98047794421,20251.680819828667,17298.471051917946,33956.29472517689,34954.43543998528,34087.652421959065
246582,30094,249306,27370,0.022831926323867997,0.01793937068303914,20329.41024062854,20320.071293338555,16880.14444261212,34217.53653431599,34319.371305396504,33778.111399418995
343686,40714,345591,38809,0.023588277340957826,0.03091493924231594,18193.208376474155,15519.564745950722,13106.04725512911,33162.738593432376,33131.31366251577,32493.99861310385
228607,22394,226548,24453,0.007834602829162133,0.020674646354733407,20106.14073573806,21533.87584109669,15157.403103011013,35716.60297083351,34823.491036276035,34238.96647513614
209305,22056,207407,23954,0.024767188428769567,0.02516346344362988,32979.752947298155,26148.1012033341,19577.131236719353,34454.20853097373,34092.72338769258,33791.96951596734
266828,26936,263003,30761,0.012780222082547664,0.019694112717368532,16219.795138185034,15544.142274589136,14627.201527500616,34920.75837056907,35549.29885834874,34684.47352064671
173862,19738,174279,19321,0.015501968503937008,0.02079232283464567,19633.23274549099,13869.641685727918,16456.44277855591,36077.362749834836,34243.75336039675,33012.66218672841
167346,17554,166996,17904,0.016707087038534088,0.024791161412018325,31192.187755781433,28639.205261512263,15297.263448082394,33778.5721635198,34550.36551171407,32984.88185219203
220872,25144,221798,24218,0.014292836961941167,0.025261758351337878,23274.060643839417,19993.21686142677,16080.54596315495,34274.93575900082,34193.47799349276,33856.50074116385
255597,24244,251206,28635,0.020251265704106507,0.029533095818488654,23102.85467324021,19558.923773022456,14301.890034696848,32276.117648276337,33788.841673228824,33119.82283071061
193210,22086,192333,22963,0.018965113556544136,0.018730976352142357,32125.074226135457,19738.228786929678,20031.320587724065,33089.945195274486,32974.79322701087,32896.00489663269
166892,21464,167796,20560,0.0266497461928934,0.024957698815566837,19686.830652706634,18724.674801715923,16217.99936965024,31427.455042463356,33065.99867841203,32372.72099726165
244842,27642,241899,30585,0.014939309056956116,0.02530345471521942,22537.78985263568,19553.80370319501,18068.02740386518,34466.588100216235,34377.29400450322,33662.258959422805
193121,26840,195989,23972,0.03078817733990148,0.046900656814449916,15319.989011600328,16073.09839643642,14521.732199815571,31344.3239886131,32287.018725400547,32080.701447926047
253114,32042,253433,31723,0.029969852810782054,0.03422592658272743,16232.91380433552,12229.279556313091,11307.540232708518,36332.96341344397,36637.20433736989,35495.24474800998
235809,23272,232398,26683,0.019746121297602257,0.019645375780777755,33440.786816365784,18638.980765237742,13729.880204500545,33762.29822543315,33688.60367571642,32614.876017030787
281461,35508,284301,32668,0.031725417439703155,0.02346938775510204,17058.0594765275,16200.419761230893,15021.246914702087,32948.89255335124,33875.50527384137,33254.80714927261
267705,29320,266125,30900,0.014324428958575301,0.023035230352303523,20231.359166750168,17313.30597598121,15667.493577637139,34329.851021577255,33768.63608023789,33888.08578468726
280460,33140,280971,32629,0.02297036647378573,0.02375942486410661,36146.113903993144,27291.704814694203,15982.75285700951,32668.817482452367,32972.9772924935,32167.19100154949
240499,26790,239084,28205,0.016129032258064516,0.02861602497398543,18080.704631495115,16470.532360020043,16242.261714559143,33644.410686497824,35076.24723851387,33215.467610744796
170709,18516,169347,19878,0.02329009433962264,0.024911556603773585,22588.057945904347,18117.805127062427,14580.559964904693,34282.874339652895,33712.478982832436,33261.80882943697
215579,23542,213154,25967,0.023551877784850413,0.02556757903670698,26094.36783711724,30750.331351523786,16741.114612803936,34179.4941610387,35011.46137945099,33734.97058354228
266969,27880,260155,34694,0.015370705244122965,0.0325497287522604,21384.4938353704,22590.04192094125,15634.725606715778,35523.3066124885,34808.970144459476,33683.72523323821
214657,28392,216129,26920,0.0227111426543648,0.03158268275372605,24740.934477696763,17869.97741421058,14166.807327586981,32490.318833691083,30975.35657176059,31818.008558038277
186727,22122,186907,21942,0.017110891740704178,0.03027311615663047,25898.637847353122,15329.016293874676,12611.043252278552,32208.685678067653,32449.781431113453,32245.88025821147
265991,28858,267023,27826,0.009973654497553632,0.02201731275875047,20379.452276850006,15494.096036631916,11807.793470202454,32979.54324117104,33268.61059810709,31930.173926066615
274716,34420,276415,32721,0.01818181818181818,0.02690909090909091,13159.241249014809,12371.933480326454,10988.730245117984,33423.49825436232,34350.83014594169,32950.43920383315
133780,15216,133465,15531,0.025851938895417155,0.03055229142185664,20321.067460112146,19808.096824446875,16237.65279627199,32604.935861141897,33843.42184489118,33090.18403044097
259154,30290,257647,31797,0.026719445818901535,0.0359557974600033,24495.04535292549,16594.455066233473,13702.991962915612,34572.80527213688,33713.331362313605,33160.087466322824
177249,20776,177821,20204,0.01600817438692098,0.027758855585831063,27614.012319156533,25309.443304614037,17034.848254633453,33878.14527691039,33250.60461165209,31381.46497589896
237772,32628,242403,27997,0.02595228128924236,0.03589367936375052,15773.476102132094,19944.247261185687,13503.721987529918,32147.68259950155,32392.429288079442,31541.501238889887
321246,41158,323509,38895,0.024741976530467977,0.03711296479570197,21210.782605627413,16439.966792160634,13578.820637199808,33110.51968952793,33979.11364799861,32345.296197751923
218334,21766,214816,25284,0.01003283473184969,0.03402043049981759,23846.371172085404,17831.597468215776,13516.991780246597,32798.12862704693,33285.49326715463,32211.04793349651
266230,27534,264993,28771,0.013358451789690015,0.025346805959924643,20218.490483668924,16095.746034861977,14076.036613204906,31335.704600768695,31806.357302384058,30777.460057166045
222913,22112,219326,25699,0.015788650930123497,0.028372674691261528,28968.191412776367,24399.379589001615,20283.152553952863,33734.68020040903,34290.8268124145,33317.85700458036
228257,24752,225930,27079,0.015832263585793753,0.029097133076593923,34644.82961011473,17886.76557491191,15101.872041707642,32432.848673899756,33319.46481025351,32131.48333008731
187929,20920,186280,22569,0.019149465307137528,0.032330266102959464,25582.318777431672,12620.230815730842,15797.658339797528,34648.61066589577,33939.51054582233,33992.24202259558
191914,23382,191071,24225,0.014967462039045552,0.029067245119305855,41047.989337127954,24796.357042778985,17591.281156411937,37531.46213038078,36467.957638716325,35679.68091307464
211227,27894,213013,26108,0.02759556661388826,0.025559828093191586,28280.611268873654,21383.94892689098,16034.831663211697,32972.91551960841,33137.48228189092,32064.34884109342
243198,29286,241377,31107,0.01723009814612868,0.030534351145038167,16505.666022571284,12914.416865373463,14070.352485897169,35020.74792268408,34354.677998933956,34048.89444080557
269030,29086,268073,30043,0.014130657382756501,0.02754454228957608,14880.181191181473,12771.1556167036,12197.377786049636,36542.567530522516,36563.272754757374,34855.54090216769
226344,27672,227001,27015,0.013814539803142808,0.027197375237437402,16963.983406044477,22446.756656374913,14772.682734827029,35137.37072804551,35438.93899391767,34362.48550352165
217028,23072,216859,23241,0.009673202614379085,0.026143790849673203,31320.41710185665,17914.595179119966,15923.209908135683,32624.438793240788,32598.62498188323,31979.072782586012
225544,26460,225736,26268,0.014006179196704428,0.025643666323377962,23966.335420381016,17706.336877641086,15233.731081899148,32756.70933164722,34525.82974208916,32877.8056177516
258005,23956,253092,28869,0.02097457627118644,0.02902542372881356,22793.47884030971,15966.365699121572,14398.493894860918,33523.697362409875,33278.22444718557,31924.32112688325
214692,21504,212208,23988,0.024524831391784182,0.035050071530758224,29013.720402634004,21722.10662703466,20147.492121102394,30636.912116959895,31288.937659583225,31944.68593201845
213121,20168,209188,23136,0.012822828246342784,0.018150623081090844,19485.685724437546,14324.060266799494,16686.047433927877,33268.57986588624,33386.15159127166,32887.58910383468
225031,25970,224103,26898,0.01412608053974278,0.021399957832595403,24437.25516848818,18257.40659070404,15538.551199393713,33107.902414323646,33420.36423974249,33187.70469837113
214192,23952,212625,25519,0.020086738187628395,0.030700753252682036,20020.206343047616,13273.28601979723,14432.605862852646,34352.97930984024,34481.267494427935,33987.39505190358
238804,25392,237844,26352,0.01818181818181818,0.02706611570247934,20858.236777601633,21141.120109357536,15046.50665892389,32686.20622465343,33759.11458624495,32077.533358310764
199931,21910,196875,24966,0.011816192560175055,0.024945295404814005,26266.225218529482,19538.42814409662,17819.525268673693,33371.908135711565,32395.960596258476,32437.700741757457
225011,25990,224290,26711,0.014392630972941854,0.03195164075993091,23445.116489410255,19051.35400309247,15896.720722989241,33987.023739829,33309.60129670957,33143.54433863478
208119,23242,207325,24036,0.026785714285714284,0.018581081081081082,17200.32343476158,16049.700091786792,13054.782399498205,33550.6696371169,34833.54939677172,34183.29051262912
252303,23322,249083,26542,0.012551440329218106,0.018209876543209876,20094.13435183428,18273.164902003326,15552.138312139256,33317.67486562421,34612.62316848221,33530.94382503648
263641,29040,262491,30190,0.022155264090747962,0.02153491669620702,17089.18633310564,16397.101124235145,12563.57810171423,32224.88410134074,32331.863558921974,31708.814852324776
308002,42462,313612,36852,0.025380710659898477,0.031764343947085064,23564.78883483791,15493.068469764847,14567.356874107018,34718.29558016467,34316.44276784362,33971.2263420411
250507,27222,249506,28223,0.012271259418729818,0.027556512378902047,16962.918286038126,16277.881435442085,11703.117982798236,32414.634299557605,32580.983719645632,31913.802696212024
238812,27444,238699,27557,0.009607812253898252,0.02441329343203654,18311.039215855697,18067.86231376401,17022.62536440273,34434.77095563856,34591.86504170424,34205.72632515215
173309,17660,173666,17303,0.013094938302694535,0.02127927474187862,18713.40692081891,14629.221961345482,13965.495408806013,31625.962876289137,32732.644715664705,31067.60458874902
207453,21988,204923,24518,0.026911169326030007,0.030483448440104786,32091.412887029437,27509.41729748872,15533.260842562986,33203.54951723737,33880.170077499366,32468.672246780257
227149,23852,222017,28984,0.016229712858926344,0.03495630461922597,21663.328539496062,22195.163953307634,14589.070812574322,34039.98364168295,33797.73396111005,32999.20318662276
255822,27202,253506,29518,0.011491935483870968,0.025201612903225805,19652.89567351375,16652.02105643894,14658.72706929974,33569.825601776785,33299.16405477923,32927.66156331834
230233,26816,229554,27495,0.031962397179788486,0.025499412455934196,21655.36415701664,18575.885981627307,12660.917982880223,33510.337129687665,34292.34127324184,32655.615142132843
328235,45086,333497,39824,0.03542790494241143,0.037396121883656507,20018.590568210213,15855.86165443074,15053.91495335869,32667.379188577353,32084.18451363489,32557.458771106194
212673,24496,214197,22972,0.017875701517356058,0.024007482851797962,25256.378619063125,14144.75538414597,13998.363087471642,32527.19205385649,32948.71872182503,32026.595825942073
270948,27168,268905,29211,0.009097801364670205,0.019996209249431386,20044.137390956133,17399.077776283,15008.344213521268,34957.928579251224,33961.23396510659,33395.10079162327
344027,36662,344362,36327,0.022140809174896463,0.029149410640331316,21483.141280930075,20031.019531459446,15729.052052732626,33780.53626291305,32315.660084102834,32549.249413559275
334219,44006,339348,38877,0.02903225806451613,0.029262672811059907,17176.69575326292,14762.939558326152,13803.601844951712,33108.78645910567,33288.248666078944,32082.094562093804
263802,27798,261879,29721,0.015101674641148326,0.023624401913875596,24902.52526858915,23036.130462182333,19831.46304369607,30377.23999721692,31469.736338941137,30255.868854461827
232981,28140,233879,27242,0.015611448395490026,0.027666955767562878,22129.1119175647,19822.300732182524,16956.374658390254,33620.526752633,34482.99517183803,33416.597217833536
282930,30670,282458,31142,0.02403324900614384,0.024213950126490785,13038.638485719433,13279.594254108863,14448.261878256671,33288.351326727345,34687.84916169305,33954.733038426166
318900,36316,316564,38652,0.015280135823429542,0.02801358234295416,28034.623857985414,21050.549539327574,16918.99586663629,31909.089863704932,33149.21788596562,32192.91295300012
240965,32564,242706,30823,0.02179904785767978,0.025306940616386872,22584.787681218124,16871.739334097394,11751.379986467282,33991.22102506962,34564.61252193799,33923.42168329631
293748,33436,294545,32639,0.04313072439633639,0.027726894254787676,35732.44467024758,22518.002225633947,17530.003404284274,34439.08305868046,33887.684361689724,33559.19780505595
182036,22268,182403,21901,0.027762947143619862,0.031767218366257344,29074.08612598667,22711.38456249796,16439.476949211912,32447.716203284763,32425.552045480883,31789.57069555961
212948,27152,211666,28434,0.013635490685615518,0.029287497599385443,23569.425476267574,24162.05190566826,16213.471469102069,32838.10267109943,34156.13299406776,31854.631149910238
248884,27792,247385,29291,0.009655532359081419,0.024660751565762005,22128.72665693071,19400.565753306026,11973.800720387606,33638.38186275062,33663.17005185227,33373.2659805493
277853,32396,278786,31463,0.019346002396849856,0.03261427837699024,25420.683503326676,16970.080059758908,14866.89014091287,32680.551339267236,33733.00427918584,33151.51777661827
230732,29368,234597,25503,0.01978061499730264,0.018252112929329257,30392.58537061422,25448.23365482934,19993.890350638496,32748.36421887434,32857.93723852037,32695.30955569013
290774,31850,288882,33742,0.02259060620835365,0.0260035754916301,25424.56982758193,15332.268660379737,12286.884411841436,34405.46421893829,34413.2751442114,33281.845489449246
281354,30010,281136,30228,0.017495576960880676,0.021427167289168467,17013.728107186886,20120.083258643575,16037.806472163717,33553.783527942556,35085.13797493622,33452.76319292331
274788,36576,280913,29336,0.029063097514340344,0.030019120458891012,23047.19185597774,18173.85183996273,15215.806815007298,31969.794042004018,33055.82095328205,32932.44522989194
228943,24066,227035,25974,0.01351922264469793,0.022285593578369244,34823.39843265504,23981.232963941144,14846.00666484746,33792.86930882925,33278.05170329236,33118.161340775
252883,29078,252878,29083,0.014792899408284023,0.025887573964497042,17267.11620135812,17397.61802530393,15585.405888454394,31673.707231428176,32304.167169495933,32268.859200098206
231475,31694,236773,26396,0.022670596236681023,0.024484243935615508,18417.561485234844,14165.380564317758,14795.248218823213,33477.76657955106,33539.493901746675,33602.57646760973
231141,25908,228730,28319,0.017463058913836114,0.0323354442525427,17021.40498090067,14472.483963905945,13944.287608973274,33162.202418954614,34929.200082610296,32877.27548504809
191360,20240,188917,22683,0.01812063163344551,0.0243334196220554,27938.019477130747,23729.019597524926,19484.924594730168,33927.786501913346,35448.23335628462,33901.54761952023
227469,25540,225278,26726,0.02231189176358889,0.03406123902207453,25726.215572174788,14753.520959463996,15596.03105744948,31393.859971116744,32249.22005197402,31341.831532584834
212222,22034,211275,22981,0.013863636363636364,0.02375,31393.296029629873,18162.61388973226,12761.961333733068,35218.41375630495,34937.47305788183,34650.711575748326
266174,31942,265840,32276,0.03318452380952381,0.0359375,19246.35894104362,17542.16993380167,16731.64817186745,31806.836787757486,32041.768164786834,31489.83764034696
384953,38848,381749,42052,0.01811359813688705,0.02678224867382585,24468.229846263013,14582.497412914649,14037.430516120718,33278.97885545184,33006.44758990603,32123.868555343866
297050,37034,300060,34024,0.02456625211116229,0.025871334254567786,19037.246117700073,19568.542734969204,14102.633590192345,32065.179198756126,32105.561006804837,31779.67889826061
311475,33094,307647,36922,0.017241379310344827,0.029231974921630093,19721.73741796655,14852.808064887045,14746.709643049719,34711.07923900321,34378.04730200326,33550.431372345716
259015,25074,258012,26077,0.009809469911337484,0.01141294095453688,27112.818438616716,25754.421559587834,17928.08417883858,33969.48679263255,34732.71055574041,33398.65530603414
263235,29446,267081,25600,0.012759827124922823,0.016052685737806133,11370.978794870452,9942.871965714909,12973.411066597293,30719.5595300366,31619.962424373756,30459.191905626543
186865,20160,182755,24270,0.011721159777914868,0.04364589759407773,18897.87114369168,18551.8239493933,12963.98856187556,33959.01637744213,33662.742655202455,32781.065727697074
257308,29988,258142,29154,0.02081798084008843,0.03030582166543847,30854.245718521903,26826.803752545522,16367.951905234391,33103.99560387424,32891.545970434636,32086.168374071138
189608,21992,188532,23068,0.015614938828074694,0.02173213135866066,19021.477135045,20108.401166599513,17521.618767515578,34718.91125610231,34109.31314194205,33875.27192609396
277929,30096,274171,33854,0.017828200972447326,0.02656221862056546,21301.629811369465,18811.85080031183,16081.384045313991,33031.65685779381,33438.55019756567,32743.989517318023
199330,23454,201380,21404,0.020072992700729927,0.023331595411887382,25389.387083768495,19343.825379633046,17073.89320777923,32466.82542590927,32716.160984360453,33062.36067023387
217721,23360,217123,23958,0.015364583333333333,0.026302083333333334,22764.192001116087,21731.51603944691,14333.923730505723,36504.205635195656,35247.09340097016,34900.838822999765
262644,26800,259328,30116,0.011534701857282503,0.02267839687194526,13925.344276399837,12583.249703271587,13413.89810963499,35512.0739732539,34330.58092395087,33613.231273099605
241068,23128,237394,26802,0.015748031496062992,0.0224034495688039,26593.327094086428,15868.834496949336,14892.367066956624,35666.82076578099,34069.67430070179,33499.292136499826
301089,36472,303183,34378,0.018754301445285615,0.019098417068134893,17295.813069990392,13988.7052129054,12711.476662724948,35324.42047903592,34424.90632625359,34866.70546517865
197372,21652,196765,22259,0.01879222972972973,0.03526182432432432,21427.975687891827,12910.965466439802,13018.311042264091,32930.96971903172,33248.27655255449,32786.096422623545
240065,31376,242090,29351,0.04533333333333334,0.04909090909090909,24700.379183655525,18602.49247646944,14244.303114277864,33410.773044907684,33410.333015070144,32574.290523301897
279833,28192,277406,30619,0.014158576051779935,0.019316343042071197,19976.373550636665,16390.09926261935,12637.498604317396,31716.855770708982,33166.44536974807,32270.518191426392
241930,28470,242640,27760,0.01804123711340206,0.031035223367697595,10302.860726335382,12731.02461294568,11637.197019514413,32845.131542643445,32319.120154102486,31866.25380667923
243523,25838,242125,27236,0.018567007855272554,0.021899547726731732,19077.54844751945,18725.934524804754,14431.572809419613,31119.56750098351,33091.44805459283,31625.247684015576
226540,21464,224263,23741,0.018878299120234605,0.024468475073313782,30972.171808884606,22428.740960002455,17349.73386894939,32523.98344756823,33582.90840237999,32606.726122275028
229288,26748,228240,27796,0.017739483020780537,0.03801317790167258,24208.517540186647,15064.657155682158,13197.741111059979,34381.67835770829,35752.37731040248,34094.76415594212
255960,20716,250533,26143,0.006477551932097387,0.02758543667634577,26741.987458890708,23324.34245767606,13924.732309907782,35652.89311569799,35112.07297373801,34509.46322192755
267988,32316,265913,34391,0.026282051282051282,0.0342948717948718,22147.603079110497,15246.472271930674,12151.979879747061,36015.105643225346,36065.48723796067,34378.792383451175
279140,32224,279323,32041,0.014519056261343012,0.0227994555353902,23265.49759674882,16134.825311479644,14899.043454563473,33254.320908610556,34229.81057467331,33210.337336016106
218817,22264,217539,23542,0.0044761273209549075,0.01898209549071618,28401.92408446202,14321.660113702064,14774.824300391363,32877.44577208359,33245.69271502763,32939.22794433362
196401,23560,194906,24118,0.02878703186137507,0.032699832308552265,12322.622795689611,14563.777257382222,13112.562373659162,33457.03775470339,34576.20353935699,33591.47146890629
254568,28456,253995,29029,0.01929587000677048,0.025050778605280974,17952.531734822227,17027.712427088056,12104.993164121883,35037.506562539966,35709.97435249298,33944.24997537552
271070,40294,277386,33978,0.01617995264404104,0.025651144435674823,26753.784675528852,24321.595265560132,14800.072718115322,33703.04544618435,33733.52362316508,32820.690647967596
281583,30898,281620,30861,0.02436684574059862,0.025518035303146586,21058.710818384094,15686.368389001633,12841.908729163608,31972.621143861972,32226.86163172694,31040.217133319566
233918,30278,234208,29988,0.012024539877300613,0.03141104294478528,28275.450584343598,14601.343117104445,13066.529100879985,32291.608526623542,32714.01166172723,31523.827339790692
330899,35126,325010,41015,0.012751091703056768,0.026026200873362444,15622.319187316562,10715.53820735654,14512.981285111373,33781.88705991918,33827.45429216507,34217.26449151151
213653,25468,214258,24863,0.018094998743402865,0.023498366423724555,23332.21629793319,15826.120751817247,15525.95576444044,34530.43255934588,34663.062018389915,33918.12241353842
238426,25770,239439,24757,0.015776188472864956,0.023453933529659233,22957.30262839579,16660.808334673602,16038.399488019477,33749.91225075153,34714.69856948254,34007.027915892184
225851,25150,226324,24677,0.014532771399505887,0.02034587995930824,28377.835665291608,22148.11113550961,20184.48367108026,33383.04696867703,33555.177197341654,33289.811598570646
214304,25796,214023,26077,0.010529949939582254,0.02874158467115484,22089.65226805333,15067.314194929842,14503.17785987546,33374.05729303432,34610.01681262428,33167.19615748955
242853,28588,243064,28377,0.019686621132985135,0.021795901968662112,31638.576689634338,16355.298165656171,15108.735052141206,33981.6759233833,33299.88331962569,32880.767836107276
221654,24362,220516,25500,0.017866129843985907,0.022018117765475593,26446.825593220365,10610.995873463007,12989.515331165849,33497.43276915428,33651.151772029814,33504.041927534985
199636,26940,202916,23660,0.029539530842745437,0.03399218071242398,28908.66283557725,21528.386471055095,18142.446588279516,35475.32237313647,35465.91061580454,34614.65268955771
294853,35772,293720,36905,0.03290544205387814,0.02639667329596818,18520.914997457196,15996.313701114037,13815.670121699308,31592.7464833355,31970.579811858395,31809.14634361511
314701,44100,321435,37366,0.029545073023333892,0.03701527614571093,15919.501386452313,12752.991593247638,12500.020273865357,32108.04124810196,32397.009540068346,31741.471827426278
236481,22600,233718,25363,0.02339688041594454,0.0354419410745234,19516.373658730325,18457.419429497622,15435.591841576916,31883.564349142704,32615.942667898787,31466.017153860128
286504,33852,285719,34637,0.018818523973163147,0.029945999018163968,19090.040759256095,17303.268805890104,14174.804383189883,34037.45819124488,33911.79110207798,33170.23571853134
279503,37466,284465,32504,0.033142631682777667,0.03886368119944762,18411.602111398202,15098.997410572385,12618.704664405022,31690.37610113557,33528.63610060821,32610.477708763363
237205,28020,236974,28251,0.026908772697440384,0.02767446948151389,17058.609223331056,17408.004884754,13299.946267299394,34525.59466327447,34905.188917465384,33224.11573573789
342556,39368,343455,38469,0.03288490284005979,0.03531390134529148,20740.33395817448,14246.611808001611,13071.242508115882,34194.95225788208,33791.180286942,32795.65019906018
214113,26968,215670,25411,0.01979943430187709,0.02455644124453587,17605.67047531412,15301.4611275919,10823.77265229845,31602.067649208813,31775.415287909876,31673.036315439578
251126,31898,254837,28187,0.014176417641764177,0.024864986498649867,10448.772526561399,9580.88305166869,12120.678333015352,32967.77933481262,32836.55767861699,32568.458132397085
277550,27154,272312,32392,0.018298099129507906,0.020163439332030558,16609.404407141854,15514.078991759114,14126.747285712452,31310.181707321877,31741.230063398183,31137.568994407175
245999,23362,244318,25043,0.01857225769007545,0.026310698394273555,19075.98259630338,14234.806450322227,13823.081588683013,34136.0434117573,34140.22837198293,33134.51917095573
214069,25052,212631,26490,0.021899441340782123,0.025921787709497206,16180.174223238611,15840.046863312175,14402.982289107455,32725.723010686615,33612.43419457869,32334.23280030092
229119,23890,229582,23427,0.01392931392931393,0.02442827442827443,14778.062488053783,13082.337734402154,13553.894683072314,34363.85179419557,35341.94905758162,34443.826020289234
254307,27654,254821,27140,0.014108233312276269,0.019898926089703096,21214.562560687795,13150.741166539825,13478.899839595691,33489.22579630831,34006.89305545266,32864.34182660951
200689,23040,200658,23071,0.02021533728850802,0.03966161283234454,22264.197809613936,19615.776452483075,14603.067499675608,34980.559748561915,35802.33065928031,34987.13034964604
251335,30626,252374,29587,0.016551383399209488,0.03223814229249012,16980.98313396885,21962.120531867873,13948.724610574696,33079.90961352236,34394.288748239895,32615.777462883238
201022,21762,198193,24591,0.029959514170040485,0.050809716599190285,42051.132728159966,31579.39793189097,20100.554768223807,34071.56238169774,34477.08282596138,33140.25291046058
213306,32710,216408,29608,0.028057275541795667,0.034055727554179564,26071.69984603071,25930.467167849965,18646.89468162152,34534.613990070946,34834.17104063052,34515.44794904835
294645,31396,294912,31129,0.025694708793300342,0.023505900266463646,22870.590206165893,17766.981010390995,13613.40828261485,34394.519897113205,34192.927545746374,33362.546178037956
195716,27068,197626,25158,0.013741297178453645,0.029314767314034446,36629.28731414678,29353.908853370336,24460.911929317306,34949.15628956584,35092.086746904206,34852.09949770804
284053,32916,285081,31888,0.018444266238973536,0.02586206896551724,24465.75701927977,17246.34940709007,16078.73910581296,32104.01465849558,32824.26374505039,31869.04266721105
187739,19286,187245,19780,0.018903150525087516,0.01738623103850642,18773.282409783387,19327.210566127742,14975.60866038138,34807.38393002637,35030.98421416067,34280.69235581781
197801,20288,198449,19640,0.02145284621920136,0.02814358538657604,24179.10216666796,18898.431209319424,16917.44694863636,32628.546955751026,34534.74580413792,32747.46497466745
234547,30678,240498,24727,0.04130390767361814,0.034723628264830934,16460.872097425017,15399.378941916315,14796.748070326046,32863.519329309944,33151.45935777998,33073.64006668165
269379,32022,269960,31441,0.013435342414629596,0.02519126702743049,24566.353470632883,19796.14318421393,16276.892139648253,32036.445495546366,33545.14555348115,32892.39436453993
271272,29032,264238,36066,0.009550045913682277,0.019467401285583105,25467.861678136218,19710.66167030088,17682.146628153987,32263.228569346837,32815.35055841071,31270.717713096168
212976,21280,210744,23512,0.023783783783783784,0.024,26340.148371740786,20630.0296037388,17842.937308930515,34682.88415151992,34424.00030434382,33963.08569619026
199392,23392,198610,24174,0.024245095878333702,0.02633899052237161,13509.0169228669,20175.286464504807,15042.690031578037,33782.22545671013,34123.85362980259,33625.44002048869
180221,23180,181608,21793,0.021115322144017325,0.0376285868976719,29013.704718711797,22000.269286108396,14588.442048413752,33266.92169304876,32933.544098897975,32753.32525233759
204467,23062,204300,23229,0.015113350125944584,0.029310739638195558,31329.131771338576,20494.19459964776,16714.979360483518,33544.47485192962,33098.421366097165,32724.1473091974
286949,32276,288183,31042,0.029483600837404048,0.024947662247034194,23167.987045392874,16918.6989479428,16772.604926897297,34821.367644929975,34440.08107397306,33487.12934752804
172386,15970,168310,20046,0.026167698368036015,0.039532920652785596,26446.643006352584,17354.652634035447,14555.386029637084,33495.13514215907,33825.78589269778,32921.49811837396
195947,18422,193614,20755,0.012301498546186536,0.021136211138447776,25054.95323698786,20194.936214005153,16976.829899039614,33948.881087131595,35062.5570519583,34348.25356884944
312071,34850,311154,35767,0.024671052631578948,0.035670230263157895,25004.162462919725,16037.111751720175,14018.91227713996,33762.045712064886,33238.2892566822,32885.43111702277
210423,22866,210672,22617,0.018238665971860343,0.02344971339239187,17812.099392153403,19354.985210719533,16305.326034304277,32838.55422210317,34547.721134607884,33032.50414046357
177609,18640,175665,20584,0.009431737797689225,0.01579816081112945,34049.171569616345,16472.81166884352,15587.641343154173,33120.6503845051,33887.60416983522,33106.382770796896
266861,32348,270743,28466,0.019375,0.018020833333333333,17464.83826836378,12245.460192129935,13696.07250695244,32446.40430391375,32720.70207248444,32547.74561034634
240421,28940,240694,28667,0.01716937354988399,0.025212683681361175,23956.363611260178,21388.228890187267,15982.02419544464,35445.08030876163,34948.42503824213,33734.40689328544
200869,26660,201633,25896,0.009591791211242472,0.037586437653357126,22911.483051521285,13712.959974342755,14674.125246992488,34093.7296917851,35332.63079121043,34351.40792765028
351206,33194,349094,35306,0.01939655172413793,0.02564655172413793,17440.75108432443,17115.12411614376,12623.788716152965,33892.02184592721,33386.35168133536,32730.602497168285
253158,31998,255090,30066,0.02918324805760849,0.0244457077885162,28539.138150303406,20167.97422015934,14712.620011134677,33883.46146854591,34522.53142978769,33377.15434231266
356298,40602,358167,38733,0.019506056315872267,0.020213937391851504,18004.564287652756,16835.899652993812,15061.29778284,31497.307722158683,31781.45258221889,31642.960436760444
222083,20966,218852,24197,0.014315460697553357,0.03865174388339407,11932.772595752072,17765.34699806979,11816.003183891171,34460.216936957455,35163.01230814763,33911.98179992798
212792,23404,212005,24191,0.009245742092457421,0.022506082725060828,21593.176492757964,19062.437440253805,14711.346071552336,34241.65623199892,33963.19530073401,33213.78348972708
228333,26692,226273,28752,0.034589371980676326,0.052270531400966186,21748.237019013,18208.122764335592,14343.828244125385,35818.70267696842,36199.883198614814,35410.18465093654
204728,21848,204248,22328,0.025279642058165547,0.025391498881431766,14258.287386566215,17659.72891786818,13239.1885034749,36614.38047780748,35416.66790758325,34160.40083656167
227478,26538,227954,26062,0.008491847826086956,0.02734375,20929.917702907856,21267.912014608217,17472.943569287712,34526.000004141715,34149.27918097919,33969.35837148009
263189,27332,259242,31279,0.01627172195892575,0.02448657187993681,30983.674060554713,23511.45880501235,16860.70179817001,34539.29341869368,33009.94349049614,32720.555513801242
240330,25926,237573,28683,0.016903434634058623,0.03587484265419889,21204.99646626447,15309.954614614542,15478.749631175533,34744.947061227234,34498.82416248574,34218.76659682922
271365,34444,273236,32573,0.014458955223880597,0.019239738805970148,20926.37932424269,16856.92603976651,14804.803568900792,35228.835805900606,35483.7692058406,34064.232500409664
280105,25704,277138,28671,0.012842712842712843,0.03023088023088023,17728.259719058213,21356.49483136498,19463.942183537736,34391.43726632403,33645.513686316845,32891.6196542609
223643,23366,219491,27518,0.025800711743772242,0.03692170818505338,23820.48452875809,23428.395104399984,13298.89176517708,33998.4022243573,35249.07078449849,34157.9864083692
276497,29312,273572,32237,0.027460293899361735,0.03940923259611103,24952.53545893754,20650.57770086976,17526.50211876553,32393.387641925405,32563.703715411324,31991.338041238076
279775,32706,280928,31553,0.018201284796573874,0.03399357601713062,22758.075394793217,12477.72107234969,12479.425016872723,32604.262751151484,32402.347180330427,32045.44166535262
186366,19750,185859,20257,0.016979987871437233,0.020820699413786132,26543.14479897599,15970.306826197639,17096.519915461035,32583.322713241974,33267.114435858806,32731.64412207367
258955,25134,255829,28260,0.012908598792421403,0.022590047886737456,23245.343808078745,16895.662356573317,15203.494976371197,33362.876977716485,34220.907101980934,33208.152718233374
243414,29070,245089,27395,0.013480392156862746,0.03002450980392157,24002.839814517774,15624.845818580034,15438.7656233789,31447.8256581345,31897.122303822816,31953.605109761367
241400,29000,243065,27335,0.035398230088495575,0.025442477876106196,11979.430210623808,17989.83192639295,11673.846197685461,35031.94365112788,34848.15580209831,33649.83914995575
