280050,26866,275342,31574,0.004685087579193952,0.030878986317414682,15868.907254742808,17971.135836715854,19951.765864887588,32442.26134945724,33789.16524641264,31607.81352851009
204584,18200,202342,20442,0.008672584430160188,0.015279053157841036,46687.73351219888,30948.2653293132,30670.528154942313,33435.4602085441,33826.9355009348,34032.54165532808
166919,15410,164054,18275,0.003490955252300857,0.020787051729609648,40987.939950488995,28201.603856633224,25102.026214995327,32748.434429327033,32975.50478884103,32444.972168610973
288045,35716,288913,34848,0.007886609309508052,0.017951687624090006,18575.433169674598,23860.370487886874,22500.576064424975,33687.45292053384,33752.220520544106,32495.002864961272
303204,28572,300535,31241,0.013807584627131586,0.023829218630694832,23789.251639232592,23116.19071216549,18589.670927635052,36857.574190007115,35921.44079625414,34082.366277849505
323808,43428,335133,32103,0.013871446512158922,0.018609430300262585,44070.98138219624,17812.67777837553,20745.383503785368,34894.990626123945,34157.90034862328,32342.357381912065
207350,17326,205984,18692,0.0028706688154713942,0.017400282030620468,37614.97232122058,31633.47033212581,30734.35347053321,33741.973581297105,35001.235657573234,34560.956823106724
272579,35446,276895,31130,0.011193387291200275,0.02152574479076976,57014.02884206384,17685.854756852452,22040.346131208393,34517.49949145506,34051.12878819673,33319.326771099644
195117,15564,192810,17871,0.0066846487627536064,0.013164067081036707,42889.63029529145,33673.48588362129,31466.57195243045,34092.54335354778,33244.15870750884,33391.01371554731
289490,37694,296941,30243,0.004165166863783617,0.018923227232992234,28502.895114014314,21537.139610313658,23694.465279172073,30106.74161736307,32506.735321408058,32505.119851776228
174564,33372,185548,22388,0.011324586066854108,0.033466104342393,35567.99549478046,28984.939345208462,28350.252974919986,32840.92616376992,33596.581918745134,32845.18897668855
262777,27744,264921,25600,0.003837543971858011,0.02190598017268948,36825.00386230835,29363.604937240445,24408.56719396182,35462.75297615867,35341.78407755133,33892.588948744225
161184,23716,162578,22322,0.02506097048187705,0.016356908586325793,44533.483780286995,26974.24306372038,26031.34257206365,34030.08564275291,34167.43440980227,34320.52829679086
209382,19102,207580,20904,0.00643915003219575,0.02443657437218287,33839.15602486889,27091.19479272207,26449.74290656414,31982.956451515824,32471.60029691642,32797.26459479063
218076,27940,218345,27671,0.018886679920477135,0.019039608502829177,35925.70234356197,26985.317748313857,23858.066349913985,35369.50019412864,35607.90226640716,34408.20942754716
342735,33034,338598,37171,0.006932654216185626,0.026480852669307678,40748.03335853714,28585.12693477022,22749.70117174121,32879.69432368199,33315.64208973778,31822.54574560047
174676,15420,161824,28272,0.001392228831793444,0.018858372357929375,49102.94711349623,26346.547201308305,24145.802004163346,32978.24354472914,33902.29691998362,34009.2495445243
219003,22078,218487,22594,0.000505348269182178,0.013939189758275078,31761.370193123486,25420.310462831003,26991.60230626699,32699.79963172191,33844.65002961533,32932.67814794432
281129,31352,277545,34936,0.015422631220177233,0.025924505794137697,28962.05191681957,23739.628682060953,21452.399263959105,35127.373510896345,33938.09899810224,32628.242751465656
181235,18574,182477,17332,0.007544439851178173,0.020101281521289788,39266.05301050359,39404.17266462355,27205.613009827975,34533.274172201,35697.02307555563,35092.986599349526
296438,26186,297427,25197,0.002221768221053169,0.01396904847029981,41844.03375812042,35214.44610111121,33713.276085556114,33368.25638721149,35208.4553793213,33942.66166315842
145591,15210,144554,16247,0.016243194192377495,0.018421052631578946,33548.39959092965,25049.02819869146,24936.101290979772,34697.83603899208,34008.58106747926,33095.14931151726
180221,26804,179586,27439,0.001851994752681534,0.024809013041129716,30600.25529656374,27367.119763422248,27842.697898893108,32918.803208159115,34434.96384162656,34071.92582097777
193632,21664,196639,18657,0.021693491952414275,0.022937563175491796,54345.98836196366,42830.00030722414,28690.236588295582,36651.02301244509,35520.88012294068,34854.07763019714
176756,22160,178928,19988,0.002454873646209386,0.014007220216606497,37248.90647870471,31265.989662980748,31820.870319347305,34186.145197977836,33079.52079482061,33807.79893574025
152406,17338,152373,17371,0.006576309246932393,0.01676156869035207,55425.54275685382,38066.471941542266,28381.211833561534,32872.18535659889,32691.18985344253,32280.616541853775
256929,31440,259256,29113,0.003522172713770422,0.020623806492679822,32462.15837927286,34578.264061576025,27907.270796943878,31849.71965299776,33703.48452261783,31470.600628003034
261800,23356,251503,33653,0.002038412755934046,0.010327957963399166,36614.60400324627,21428.338515516312,27148.036411965782,31486.369885061395,33372.218418752236,31536.43793786271
240870,27454,237483,30841,0.022439434547269956,0.025250932786799095,34370.32072344853,24776.39542611037,25576.794951401265,32560.869674355185,31749.846030292087,31143.591727379797
252303,23322,250063,25562,0.0026242322724734785,0.014433277498604132,51103.257967532714,20725.03088207728,22268.139507446496,36505.21360864883,37854.282163179414,35463.84655240225
405744,53940,417461,42223,0.008625371370156214,0.012554707216560714,30767.66372733139,21620.294839899958,21264.81292445546,34038.9144492406,35240.1690079808,33551.178700013115
193094,20350,189594,23850,0.005220859975362234,0.037455270722121195,34482.69366834865,31051.50612444158,32128.9428843934,34453.05851938486,32705.90263948641,33191.308675300796
220257,26752,222647,24362,0.003217550274223035,0.020548446069469834,49364.08315056047,31735.892787091063,28233.100146055865,33129.46859542111,33319.7128149652,32811.40815366793
308155,27086,300141,35100,0.008012178511337233,0.03317041903693614,33148.691355734554,36317.73036162097,28815.021590895452,34850.10519349155,33777.709399931446,32696.76244901174
133499,14726,134593,13632,0.007262643602271227,0.011818301861877724,45718.9398320209,27567.750591200627,24742.547318117944,32275.324468427112,32507.852937143645,31253.051466671845
216975,20194,215378,21791,0.008905036688751158,0.011113485787561444,47893.32849296024,31710.34997800961,26604.78641474922,34585.728575731,34304.34399397377,33468.044663904635
350594,66722,380845,36471,0.00798209872420012,0.01738360830939817,38145.38064595604,26033.28086287965,26241.452143676077,30610.49619999197,33396.76392264573,31810.31306972027
300694,28782,302253,27223,0.008020477815699659,0.017064846416382253,24686.221247508085,24018.575041403517,23540.578682492378,33198.713722718574,33753.19072126442,33370.258934103884
184065,19336,185385,18016,0.0037286152946337183,0.030523468343325047,29325.480585451958,34360.488178402724,30262.789817454763,35062.39870291237,34132.1837480334,34350.88198891724
204891,16950,201587,20254,0.001036001036001036,0.022584822584822584,28010.332150884118,30036.552179826722,29999.69143141362,32862.19778219707,34694.325820032784,32772.84090314925
184213,22812,186418,20607,0.0008639967473063631,0.033035169749949175,59096.9813541588,35290.522412872175,35627.164711008765,35245.53031463181,35807.01569281574,35055.80199712656
262668,33268,269384,26552,0.028999610743479953,0.022706630336058128,37809.253758181985,26066.502426668598,24910.956513540532,36006.87180780743,35666.127085711625,34639.83414468183
212320,25824,213576,24568,0.007312033063106025,0.025353679860117627,41292.87207993254,21802.9186113118,25421.906309291928,33985.33239842917,34328.696327074154,33328.35838561735
205098,21478,203141,23435,0.016311452117078715,0.03350383631713555,30377.5777901712,27614.369796188625,27711.247266217197,34219.24553064263,33778.94384932948,33222.7746715742
330832,31572,334808,27596,0.0032835552356962937,0.015698092839150773,38663.045713304724,30123.537364816042,29118.181853485086,32528.236164537928,33408.149916548355,32194.17665670395
220062,23974,222451,21585,0.01298877012582871,0.017521309700987687,41413.93747248868,27861.091408761105,24302.940728828296,31513.372408798612,31931.434353686316,30686.670063311143
215161,20064,207939,27286,0.004693366708385482,0.011994159365874009,30505.8959061205,20400.271481294825,24155.847026135674,33447.446112863465,34068.56061316757,33252.813897523345
202134,18766,201604,19296,0.009042054081719696,0.020429924080866673,20429.523369622708,16344.80131523914,21615.059099573446,32328.871773565646,31996.01817342955,31235.159046105342
248686,23798,247601,24883,0.007549562010142923,0.02057399723374827,23931.44261125444,18313.47815730347,23875.806864471873,34567.95560684417,35309.99065495432,33986.11016835076
316643,27926,318903,25666,0.006919816624859442,0.02214341319955021,43267.27363004275,23261.17977334112,24257.74920831237,29784.66253628917,31067.536913783413,30622.24564524166
203242,17658,199813,21087,0.00168929894093951,0.01725034110844,57837.93684447242,34541.39240851586,31850.58905077987,32680.170060536144,32411.066637955355,32677.940131755407
269691,29518,271372,27837,0.01717156184325183,0.025219129632477317,40167.400617656414,27269.380795212386,24545.692326842807,30900.00717526584,32457.36056187478,31471.46246291004
362343,40882,372059,31166,0.005385996409335727,0.014896982132170642,39722.017777709145,21910.818105838694,21270.388052218055,34165.48176411937,34787.2572053027,32858.20116925711
201991,23634,199931,25694,0.02081292850146915,0.01046767874632713,36556.96526591395,27325.380684142703,25643.133731983777,34673.55483211138,32970.84622357455,32416.623401626657
201052,25524,203721,22855,0.005538461538461538,0.01526923076923077,38943.32560923697,22713.971677247075,26995.969171919365,33986.570226589574,33029.39029804002,33259.38704434222
368381,32308,344918,55771,0.02331788172496137,0.027766072013859625,21641.385712155577,19745.29338754505,21773.328235009325,33857.618030276884,34206.33373890029,32661.596172049347
306246,37150,307272,36124,0.016263387544625148,0.029992507382432015,37280.53406434559,29858.612993375456,24360.770009923992,34688.803673533126,34650.65812426054,33619.20315247969
332621,40700,339399,33922,0.002516979624450659,0.023831402317219336,14450.703898891059,30479.94346828825,25893.94453832409,30902.919714192536,32358.485908875973,31822.94023259023
229981,23028,228721,24288,0.00928375084279861,0.016830039935687983,40171.57155789957,31506.86235971606,27945.004172122637,33969.638217674656,34079.78460644339,32758.909192393625
147021,15388,146964,15445,0.021015010721944245,0.022730521801286634,40641.49809126345,26122.421066247367,24746.198714085345,34793.56519734959,32991.54827093398,33960.00089562595
269086,24678,265946,27818,0.02670704845814978,0.03303964757709251,34126.02716697136,24460.97615976007,23600.306458813076,36003.04275687876,36464.511230050695,34928.84752848512
259999,24090,256390,27699,0.005210842054560581,0.019026141787450192,23071.54912269766,26985.14631927797,28094.90462981932,33640.75046070855,34208.68476911879,32915.40581425773
188106,19830,186192,21744,0.020330125549678158,0.0198202791409088,33161.639143284396,32302.745852359454,29113.871739376093,32098.176027315516,32783.73470002832,32446.12103436243
245223,24138,232921,36440,0.01613476437557751,0.02885777240742057,54571.44871283702,25817.016025670313,24963.983998417356,34753.902079325744,33052.89038077585,32312.898112238097
232729,24320,236530,20519,0.012153997470844457,0.013313193761416327,31508.934890451044,23271.69557566644,24381.99885810162,33275.736870145585,34124.108498609174,32552.182073074648
167153,20336,158839,28650,0.017313689644047746,0.025002688461124852,41447.54360152809,31568.21165524888,26199.58973160549,34028.64487166168,33315.772774987265,33677.57446646836
186752,23012,186781,22983,0.0038636558770498842,0.01794453507340946,35491.13574270484,21313.67063771093,24955.072610708892,31224.02073003912,31350.007438414512,32768.75169840207
226143,26866,224764,28245,0.0014489522960321,0.0208983504235399,36966.85135232083,24522.19779400798,27486.42538731253,33367.81660569448,34167.979054558,32922.197279867854
260473,25752,263542,22683,0.0010328332246140465,0.014106327462491845,30717.74058459962,25261.04219408861,23062.534297417224,35815.178377775104,33724.38542117605,31811.871018326434
228051,26974,226328,28697,0.018305140148729263,0.02018468578900057,36306.581142894094,25469.971974915105,27492.708097461462,35097.19820710693,34719.43419937984,34036.16326064109
203862,20814,202430,22246,0.003815095059451898,0.013416417625739174,33100.55070437849,30931.06240755481,31737.960227225478,36542.6332779449,34416.540459635304,34505.113279544814
234990,27154,239122,23022,0.0031065548306927616,0.026405716060888474,50004.35620804503,34986.216260249406,29438.449043033597,35292.71978910582,35099.975339529396,34697.426891800475
223018,21018,222875,21161,0.0029008630067445065,0.010551889187033143,22898.971818749345,20291.506716604912,19221.0900655897,33941.95428680875,34334.036070562346,32978.5501607082
305568,23908,301834,27642,0.00398843719126203,0.014197372754217131,54519.931508849426,25085.661143639827,26159.651924511792,33588.029683803965,35135.538379651705,32959.081067313666
232187,28934,236533,24588,0.012602739726027398,0.01847358121330724,38777.18410147934,25495.725633842583,25192.952153369883,35223.9241691602,34401.37921360016,34004.88067059296
331026,38638,338808,30856,0.01438331535418914,0.01638670570709406,28860.37052185083,18023.33291834665,20849.44440713998,32006.422483938426,33578.38011011698,32118.169006680724
251487,26242,254953,22776,0.010696458283812693,0.015301877822676491,49345.42852292239,28815.15186590394,25398.71664088525,34284.60503295678,34709.41491675783,33333.16998295093
286804,29040,286670,29174,0.002702094122945283,0.026514298581400586,9116.529308724892,20821.571049335314,20983.15775408178,33492.77473473866,33186.64897995096,31013.293074539786
234177,28992,241089,22080,0.019926359107645657,0.012959353115298534,47742.547311427545,28827.875525156986,28667.185606575847,34631.274347375205,33898.41438746706,33828.63211329133
221223,25786,221004,26005,0.011906302575385013,0.026012682800569432,40320.38184241761,33963.022464507296,28236.64413158674,33335.78371961841,34133.84330243934,33012.299430398874
231251,27830,236002,23079,0.0030105368790767687,0.024335173105870547,56899.42434881044,27056.769479176826,26902.39197815189,33406.17657219333,34147.1616827795,32990.173629865276
344464,37460,343631,38293,0.010067570631717383,0.01895605641467507,34675.728437771075,23182.287094745807,24073.101781581656,32900.83288993959,34301.0298315995,32686.30553153535
143131,16070,142259,16942,0.01020543406229291,0.01464546056991385,34506.99330595173,33441.61038580247,24421.13397768749,34075.854876137906,35211.74408361717,33411.08853843014
158812,19272,161202,16882,0.007969469076215064,0.019362442473902796,29408.972484376878,27739.06247926297,25255.940501159097,35453.50207187422,34093.011513129895,34278.60332327728
206314,22170,204479,24005,0.01553531797658223,0.015650110966556975,49075.00775997818,26498.839802999635,29067.992244220157,36213.020864377526,34751.64016173807,34095.02647334785
127300,11084,124386,13998,0.005364498515183447,0.030271098764249448,59595.381557150846,45052.66643974586,30921.068521580757,34257.698772640164,34303.98112062482,33480.176913405056
258253,23708,259048,22913,0.007741195584651407,0.01916184832990873,35389.38819612181,28524.96031807516,26893.373801361235,32888.815147762405,34085.84853800466,32784.64362456513
179703,16546,179278,16971,0.003151969981238274,0.007242026266416511,40005.02159065545,29125.550517038824,23584.113555401902,32113.08917549182,34192.19651209487,33413.12415192999
134497,15272,130773,18996,0.0036375661375661374,0.03232473544973545,52006.45148914331,31890.06826478522,32354.39647009564,30766.13535492136,32263.372642349244,32237.355999391344
375598,34002,361496,48104,0.0074992789154888955,0.023981210597882073,34963.28635864839,26249.977716459838,26655.90688262932,30566.608476769037,32015.486448337477,32487.89951485969
199184,17972,195578,21578,0.006936504306730696,0.013949233935513377,27870.284851695662,23714.457265471745,23734.150449289522,33544.56882969951,34332.51763654121,33006.674982030374
191520,20080,192405,19195,0.0060702875399361025,0.02060702875399361,37385.11298492814,22180.586636607124,25949.686810061317,36783.45227369458,33405.839783518204,33343.48217109738
225437,25564,228560,22441,0.0025502270324065436,0.009672202525346769,31413.570142807883,18818.85590465499,27217.516587833026,31427.99244552774,33389.47964962715,32168.916402919807
185171,25510,187753,22011,0.005086826872478512,0.02100508682687248,36033.89195191342,33212.9118378262,27638.308153541348,33432.57527073467,33220.972756780924,32599.89517124641
133020,17524,130791,19753,0.007511430437622469,0.02618114522098846,27532.58580487733,25040.25768457386,26059.25127866837,34547.963183021086,35245.48511606248,33572.906316443485
272253,33556,282048,23761,0.014158106297454221,0.02456453774006253,39124.898779899995,35813.56760132857,31884.697765514007,32635.44909608203,35139.77087576081,33603.27589941513
321709,29940,321701,29948,0.0037585793659440027,0.017022551476195663,42780.170445942334,28122.865510658277,24074.452159682805,32889.4605181776,33054.56820175619,32396.577951536467
202440,22236,204573,20103,0.0055354808949027445,0.019028215576228184,35779.16076416129,19058.15745074509,25800.311569886424,33525.14996100522,34892.95401586771,33712.55262243526
184621,26060,188546,22135,0.014315103720212583,0.01714383679067375,48618.98455977908,30055.94398560907,27472.526844968394,33225.76593421378,34800.31139473993,33639.514222687336
154355,11294,150958,14691,0.0012391573729863693,0.01017141676992978,16455.243392191227,26344.56001257695,25084.076937824964,32084.60920269603,31785.10452665628,31743.346012840684
428433,65776,447725,46484,0.04913223480382749,0.02448386477668412,29416.219171339762,23020.80827991361,22780.051910461287,31701.81327875552,32326.473234492114,32011.171865151824
176614,18750,176339,19025,0.026412602584661823,0.0225450429204792,35764.80564850935,30472.112281734062,27968.480803867173,31480.859540436533,33363.76664272173,31922.123149498442
200657,26872,201637,25892,0.017304284374022726,0.03106431773167935,26795.26402106228,24303.525035490933,23773.240965409812,32742.263693403525,31648.736018692278,32412.780628567023
234384,23680,238609,19455,0.03828076335013308,0.021235630556656664,35812.29337139558,31040.75045497755,26414.177718578572,30420.20831499452,32762.688539801053,31922.628946833058
211539,17902,210760,18681,0.009849399504352799,0.02268539111647709,44088.95838840577,32833.01967923185,30172.333702777327,32953.92980125115,33396.124239259516,33095.86136440176
172442,12458,165350,19550,0.008943625833883147,0.013268821933875815,36320.078928295785,29828.869163383224,25207.639872521064,31930.789569619457,34074.63487040766,33282.69351405967
253420,25364,245389,33395,0.012496429591545273,0.02520708369037418,17310.71708784032,22839.293936001144,25126.374851022174,35284.86242301464,35639.26312573299,35498.563331852696
266838,31278,272511,25605,0.012987816191477519,0.021213433112746614,44033.47642805145,31280.41278053442,28644.937079748113,34133.30319230821,34672.809666963316,33912.322293541794
218171,22910,219952,21129,0.012314078173642337,0.022552749913524732,45654.713973501115,38117.2578994781,26242.42840890877,35308.17386626568,34671.93753126263,34108.949801352384
272908,18692,270643,20957,0.006374428380063744,0.008914961430089149,47777.061882724796,23862.774723859948,25893.316634030165,34339.95081150092,33312.79275541424,33007.257598266915
309161,26080,307629,27612,0.0065611057650249325,0.01653398652786283,43222.5095627324,34439.18756684027,28937.950703693805,36594.730856194146,35560.79548282661,33518.750601731605
184929,22096,180960,26065,0.006366267052501033,0.012939231087226126,42166.06112269169,22318.261490870453,24169.79377655738,35124.3694932841,34812.22964341887,33834.76625092006
323544,34060,325425,32179,0.0035506560259705128,0.013847558501284999,30835.88905044072,31079.971312582584,30527.034969625558,36168.74511894636,35304.985340912004,34174.93289223455
192777,14248,189844,17181,0.001616644408519013,0.017888521824699515,45925.39138495195,25304.98953654338,22362.786460986932,34917.045525824375,34677.65108626725,33037.693976231996
178551,21258,176682,23127,0.0059851945188218614,0.011852260198456449,39065.29567568834,27946.165128401495,30764.023482692308,34266.96543659954,34863.32373687187,33551.555345800036
196615,27114,193447,30282,0.0337978434958068,0.023204489564285263,47382.284290535026,44871.3339068583,28075.283274085854,32591.879639904982,32204.919676385623,32917.70114891027
184478,19826,176829,27475,0.0048543689320388345,0.02003838338225333,28812.73933099416,25047.05025647886,24154.905673464564,32829.86277827857,34125.574504185155,32570.894818176155
283014,28350,280358,31006,0.016961365777950224,0.03170555955878277,47808.81910860847,30276.951994092524,26307.705587096207,33781.01437432789,34571.58499512691,32686.251657273704
206774,19802,205600,20976,0.004964396750576672,0.012260555611272692,63169.708611817805,38172.86872923611,32410.396259583336,33452.16315394857,34047.67543486552,33625.65288678986
300851,27478,300379,27950,0.005763270050368074,0.015861100348702053,38460.49538380495,29028.245555288617,27291.719507631038,36352.64851821668,37051.180025324895,36207.26223884718
218841,22240,217653,23428,0.00876725312481488,0.03169243528227001,43863.17266125989,29620.357985089307,29345.90478488027,33793.21075535451,35020.69656894922,34610.076958211175
263772,25672,261514,27930,0.0015764244120580382,0.017710645690570407,27788.603751051618,26928.47309422534,31904.20060285344,32971.478984776004,33201.84707224627,31883.934572684127
300505,30120,300435,30190,0.010964128232630198,0.02359671076153021,39497.28282033708,19696.022366200046,20896.722565616994,36334.9658092461,35793.12721660371,34648.33631039259
252973,28988,255305,26656,0.005197698162242435,0.025833797413526392,31262.533217793352,27789.18934885939,25370.844079516322,33345.41588703896,33254.31708590281,33493.032139763425
194295,18226,189353,23168,0.004839845124956001,0.029699049630411825,19180.502869882377,17287.37597068503,20839.600889850135,36613.390912310075,34517.681417075626,33882.99594361007
177371,22438,178704,21105,0.003983101991550996,0.015268557634278817,34567.21798731263,34467.16666876304,26570.612423918443,32879.223404200704,33478.03190045268,33074.3197409073
201374,21410,203564,19220,0.0089465288854983,0.017997087176641932,27938.421927746258,25651.8424900803,23911.937597216842,30370.8030840206,32316.927151376938,32202.810602895734
277199,30826,278798,29227,0.004794571070295788,0.01678099874603526,34827.50249959146,19605.888416146543,21014.513719022998,34101.66072865219,33090.67495364571,31989.231672896138
220015,21066,217793,23288,0.0025563560306762724,0.0221163529320629,51474.587982546145,28496.21501560497,25464.937565853168,33539.50185406534,34309.200317459865,32869.07293947243
214442,21754,212449,23747,0.001097770154373928,0.016226415094339624,27485.28169211856,23598.439843264994,23225.212521993293,35802.99130844146,34170.0336816055,33499.37669195049
279032,30104,276767,32369,0.006563848342972551,0.02017350592123382,25150.50065336448,24778.17673420515,22031.321400291203,29287.78308924129,30773.045962454722,30709.35007749366
456788,47312,439495,64605,0.013169588753332795,0.013331178799385958,31291.845553187675,18212.14449295867,24338.156233277663,32798.88894796314,32316.154045484345,33393.380673547596
187947,24574,189616,22905,0.002316076294277929,0.01699591280653951,31543.23651158522,34184.931751906886,32304.997342334635,33649.26806119266,34537.47060285047,33567.37832927475
173617,17352,171702,19267,0.010683117664760758,0.014745711706289497,45721.07877689984,37434.416724957184,31270.51099507426,33328.60531269724,33836.179287966304,32985.04941465871
147614,15602,145669,17547,0.009909683893627697,0.016056196688409432,50998.827815416946,36671.30830705537,28473.98766526812,33763.21753799334,33442.60930020041,34147.6716782301
298798,39926,294111,44613,0.008773973134560136,0.019294976318037116,35301.708948881256,30685.544222802353,27682.604678137563,35085.70263235392,33575.92500221944,33569.08392284716
131273,13888,129572,15589,0.0059692114357524344,0.02769923552204419,21345.966866246315,29785.17161018645,27158.048126153877,32622.276277491208,32836.391330933744,33398.56234960916
237908,24236,232847,29297,0.0025647003963627886,0.02032330768632937,51370.62693020819,27332.13230053739,21586.61928655566,35139.64744991927,34783.71877891296,35202.45754064787
231566,22450,232269,21747,0.012607647261453669,0.01739579745091285,41464.13685927481,32839.578430924965,27329.672821686923,33340.10659928925,32940.70317114,31473.984170394353
184191,21018,183890,21319,0.009349927348537495,0.02921852296417967,46758.48479655433,31118.714585638892,29024.860549216744,34044.655266434806,36499.611128960096,35520.39908281046
154021,13260,149948,17333,0.008988925643607076,0.02563641593556738,39481.70753718547,33183.58926541087,33095.074793570646,34541.95562618206,35631.887909495854,35364.73613876778
186035,20990,185002,22023,0.0007817080320500293,0.018142140577161098,51032.65658822061,30247.473235277623,30716.574852439586,31043.834026660363,31367.62905720482,31999.453173671583
179522,19394,180403,18513,0.007578281145902732,0.020153231179213856,36769.961440937266,24921.339875686852,24022.35963792855,32544.726073371672,32991.313856331595,31726.27792931617
441502,31842,436527,36817,0.0010775499208674276,0.008822439977102064,63807.91678319739,19470.195253676637,24066.998502045022,35108.02812903082,33244.47243275003,32153.021866428484
296317,22908,291340,27885,0.0029898484216381587,0.013384786538728967,19855.39291334172,27421.303441019827,24333.884222513574,34299.516239788936,34663.36088229086,33504.80697254467
192138,19462,194557,17043,0.0021949078138718174,0.010008779631255488,64564.42120073865,20399.187704195145,21940.706861821844,35976.65964858267,34785.897718564775,32880.21202392146
127159,18002,124917,20244,0.0073085478233238,0.02081347314903082,29152.105142546458,40248.1340396121,27956.93372982761,33254.74807731406,34428.310250510505,33636.92560060991
341888,44996,353322,33562,0.008934000654848215,0.01702605360400393,30599.726206690404,24709.191807922318,25235.4344200313,34063.525725384476,34716.84670649353,31973.616825258923
219456,32548,226666,25338,0.013657426225510121,0.018087960328428583,37067.41132785815,17211.87480874629,21700.978583383192,31572.061009850062,32272.661310831165,31430.253735351118
297408,36676,289670,43259,0.027406042150813367,0.061242888051927236,40599.01530991131,43097.484420564404,26789.540504894012,30870.709048628236,32552.126963715946,31821.671704845194
302538,33862,306968,29432,0.00829766791859551,0.026181325879989517,53678.13132237508,38577.6912004908,29828.45646042332,34301.66219267709,34579.37118151853,33827.60229295466
302091,37798,310231,29658,0.012118477455119734,0.018886776033777034,45551.06551869362,33240.997592929925,25040.68962624476,33191.17095349708,32842.136735593864,31199.385993657434
185785,23064,188055,20794,0.014730212947643699,0.021721727064097775,41359.969928006496,39479.76844233652,28768.493075556216,32583.757570712125,32480.03360490217,32425.30804173763
228251,24758,226688,26321,0.009027637684083115,0.022266491829735727,36295.03724507026,27694.84247628293,28809.16265502008,32907.93885054888,32494.478754776563,31627.77252110501
164253,23236,168297,19192,0.01635304659498208,0.021785394265232974,38482.07287483702,22252.04455496846,22549.848003230978,33340.747621311326,33607.958103464196,32541.484112516355
228473,28576,234085,22964,0.007704437936472178,0.02694300518134715,39254.827736564446,28724.888219882338,26492.40738119751,34446.72377090122,34970.542172235364,32761.44037258512
160596,17488,159431,18653,0.009358593928326865,0.02031499657612417,43904.973621285135,32508.836850086085,27169.575772298725,35189.66402182682,35079.70733046056,33875.835932383925
179694,19222,182800,16116,0.009472551130247578,0.02310728381772515,48370.67064397996,33005.770555467476,25746.93449584502,33170.26092245334,34037.79195171999,31858.440446798202
135101,14668,134558,15211,0.0007570977917981072,0.012555205047318612,38754.09594323293,33391.983362766085,31083.875113297443,33321.128592361456,33634.76762359582,33265.587341088925
151807,17114,151099,17822,0.017484342379958245,0.02205114822546973,38010.744996892114,30693.165880326225,25848.534037454112,34108.96554249583,33330.71268036229,32974.39814390809
325723,45158,325785,45096,0.001935945456841042,0.016371364841547074,25068.983991113935,39010.55035653504,26832.559582583748,31689.232651620972,33017.24323382551,31653.141124960766
237937,21144,237157,21924,0.003776953715149018,0.01596621343222085,38223.20885502194,23049.78470919714,20177.37829111889,35344.32212267388,35209.312432015555,33261.45941154898
366665,44216,377044,33837,0.027828191167574106,0.015333426404206804,42168.66953118521,24586.374889070266,23851.20019861508,33251.25364225088,33338.072892971795,33692.21239024107
267957,29068,270762,26263,0.0038165996641392297,0.01455396671925093,48691.5056954382,30241.649036159666,25944.332229556134,36151.05541379557,35566.33811008335,33767.90039462488
319374,24022,311497,31899,0.00909350872176151,0.02227623677437804,26934.70786225553,22804.58285829827,22907.959569016497,35524.52950053591,32692.841884157402,31783.968680464095
298480,28704,293973,33211,0.008233185047473607,0.024998340083659785,46357.24904148557,25383.203765279573,21869.661332466,35645.02307591107,35661.534331125906,34988.250252618025
276040,30876,277550,29366,0.004180807633662879,0.031798731001918254,26797.28317336153,27141.390046245153,26025.349388546394,34844.14544258275,35225.90315963701,33348.73328970191
215323,21846,210879,26290,0.007842578069299872,0.011122201625552545,27210.06742083929,29150.25153464577,23101.47007111245,34769.07688788093,33899.80462851436,32976.7623082543
211579,21710,210725,22564,0.006335282651072124,0.016487979207277452,33754.08911602264,25383.232004811915,24359.153484428443,32967.31939384589,33062.113194005804,32456.4449886262
226599,24402,228826,22175,0.009829619921363041,0.021395806028833553,35746.818094093054,21619.812367164086,22314.094939605875,35070.57833859411,34592.95458371739,33170.730543293765
154983,15586,152691,17878,0.001969796454366382,0.023374917925147735,42541.26600351155,33479.73362625973,28023.879100790113,30978.560359740226,31132.23362640809,29750.528560481995
209665,21696,210366,20995,0.01327909118821001,0.029628492477740253,29635.9565407203,20138.281208477318,23277.79388907442,34223.04603762118,35022.318213899685,34164.6099170012
279418,36426,288129,27715,0.0116139559437539,0.028938906752411574,43325.28279613437,27936.879840680424,23047.047470556783,32384.19841543442,33689.79114428112,31786.359185350484
261339,33510,261698,33151,0.07187107200574609,0.031738193571556834,39936.26244917181,24082.565234429196,24479.035025131958,31895.549415773752,34780.94972976107,32756.58929897888
298696,23928,294229,28395,0.00045521793558666213,0.03250540571298509,29492.67298427945,30037.98852556117,29611.915748076746,32395.981831429017,32135.526315078867,31794.379743283313
326314,28902,323749,31467,0.012506513809275664,0.0220166753517457,29730.468466155595,20270.170697355778,20422.148168998585,34210.886793636244,34445.553188482496,33398.84918962093
208088,16588,204613,20063,0.0011698947094761472,0.012446379825815677,38082.25875313081,32360.68932283657,27260.54754309767,32598.668691772436,34979.197377628116,33672.90630043312
307383,18658,298002,28039,0.013380943431685773,0.03294493516256343,39394.490092886765,28486.827979184392,28197.94444445933,32582.127695783936,34502.88113804664,32762.809611818553
342079,38610,348434,32255,0.005321072480239707,0.020819341840161182,27636.546078645228,23490.540611782235,21651.76647053726,32173.064410801355,34474.03604291676,32866.6170038745
270328,38808,273959,35177,0.0026560767425668533,0.029126589133293794,45963.43706393676,32210.938783522,33313.065272379325,35864.98053040318,34216.436795547794,33034.118391614335
310236,37864,318144,29956,0.015566460872777162,0.03311170914463617,38555.07402070813,24727.191974430705,21541.454438057386,34218.136637336676,34828.50628916373,33718.27081609421
128550,15850,127858,16542,0.018184693232131562,0.015101201771030992,48184.857279498,38476.56895085472,31533.85808757202,33549.36163146853,33712.20040178194,33871.22926836302
197067,19158,194520,21705,0.0029918148461755573,0.021253175275190515,37478.21006433586,34834.41406804299,31686.95398614593,32685.623888494214,33685.572325509565,33360.00510338957
199901,23828,202761,20968,0.006641034603285564,0.016322963998601888,39619.478649356235,27617.438657084636,26476.43801398144,32132.91929353123,33438.482928071644,32562.10242690537
180895,18914,179949,19860,0.00937097340986295,0.011245168091835539,30427.57199666877,27706.245455619686,24756.860782791027,33428.29552512384,33594.463414604725,33367.82019782461
296809,31520,294411,33918,0.007244074474169156,0.019381076444049055,22390.28104848159,21939.00164215925,24130.430671918166,33500.3059584032,33938.07013054073,32843.44652957876
231832,20172,229230,22774,0.0031523642732049035,0.016182136602451838,39341.30070279336,34849.85994018053,28680.130085072313,34022.10933299962,35179.95209203845,34178.82861720265
179686,13914,173139,20461,0.003927665493822109,0.01845184518451845,32387.81570305001,27441.846468205313,27677.695679683973,34636.24497579195,33244.11394837012,33376.172025775
241055,30386,243888,27553,0.013180901143241426,0.02199058507061197,38587.94779417332,26688.30501446594,25740.836158481135,34353.79062782378,35301.85505439459,33224.58597677905
266861,30164,270301,26724,0.012266637972776672,0.02294614515521601,47164.46707607262,29411.37589879486,23753.03360654099,33441.308136694905,33631.33751207539,32359.569990629607
274823,28778,277996,25605,0.01285641547861507,0.029086048879837068,40508.50373964607,27700.17374018027,26848.23309429713,35636.97016574777,36960.5200701319,35162.72649747304
329152,28452,328254,29350,0.010636871508379888,0.016782122905027935,20032.3679670169,20727.06536046931,24068.540144799754,33467.74792612952,34162.00299035787,32985.43331698664
316652,29092,315324,30420,0.004855690687965148,0.018787438736612816,33809.23613547473,20123.499554927363,21192.78690646482,36872.40768118208,34797.786895583995,32496.659294928573
257850,33750,265111,26489,0.0028857370909314175,0.011635046355989439,28486.99675220881,21760.962807489137,23779.06631513281,31351.308101435163,32349.35303522516,31461.720791732972
252013,38508,266039,24482,0.022885048116053047,0.024728299899458992,48425.34788133621,40363.45583947467,25207.09397696071,30883.394623423756,33864.8011835602,32030.929590441126
265193,25328,259832,30689,0.008429276315789474,0.017064144736842105,55369.258143815554,34534.14622667151,27889.074908223014,37184.62259635869,35815.723618540775,34949.58494439305
266270,25330,262497,29103,0.0031972669936930626,0.013862123335669236,51569.4601972475,27123.854371184523,27946.701587062274,31488.2808944025,33442.530303560736,32881.60993809101
352783,40346,353895,39234,0.025278751614518806,0.016909613306270922,39208.571380968155,36205.18670533451,31373.51876921137,35253.179980255,32739.435503274348,32866.73129159173
240532,27792,242493,25831,0.009569698186441811,0.019440540721408016,39113.41919863686,26841.080548212678,24002.95777637707,33815.03347059645,34069.928934147785,33109.06384839792
399425,32224,397641,34008,0.00871454814283794,0.019826157085890944,42093.07801041945,39717.55299620384,31418.444223194623,30845.659916961038,32527.772686662625,32414.839278361243
262755,21334,257854,26235,0.002594706798131811,0.018617021276595744,48261.11428913573,27890.33081319419,23907.39962789497,34387.143940693764,35675.64422037935,34948.45591920719
200524,24152,203783,20893,0.013152458339071754,0.016629940779506955,55719.047215179206,35373.22731066353,27235.582121051204,35237.00802582923,34201.65342565538,33525.55321444244
173267,19454,173984,18737,0.009587100991393397,0.027345026691360713,20287.275824423672,19537.86117388964,19611.928389927998,35137.49833214331,34069.48090018799,32954.63832987587
194287,29442,198096,25633,0.01563283731817422,0.021317505433873934,37696.35348811069,25612.16498522003,26935.768557417516,35179.93332839076,34970.896662186045,34495.16169562299
226876,23124,226304,23696,0.0016036655211912943,0.014490263459335625,45329.16774926918,28918.87629351867,29109.811207558992,33667.16684489736,34477.47389988971,33448.58455908675
359902,39522,367077,32347,0.003166023166023166,0.021293436293436295,21903.149348143623,23498.533908683377,22605.14280476691,32835.25350209326,32351.019923200496,31419.013441260708
282382,26754,281107,28029,0.01483836777954425,0.025294525294525295,51551.05590898572,39263.239637566105,29957.34196859966,34821.76316793679,33863.543188584095,32803.66900131843
165443,18598,165411,18630,0.0023059739136701016,0.027779779491244504,48373.33034428187,28067.906703185992,26312.47808590794,36350.29922780023,35074.60693465677,33855.95140801947
255325,33044,260390,27979,0.006206620395088094,0.022223705285638013,37500.917205053454,30845.855683263057,27043.058626089845,32977.140664549835,33472.33708524765,33007.37834974602
229797,25228,232835,22190,0.011911084136256734,0.02621197177755861,24392.689178509743,27019.87096438433,22454.50658866088,34583.086431541094,35369.25136656273,33803.1948738251
272423,24602,270021,27004,0.006889352818371607,0.025400139178844816,37930.83258820873,33851.56303791605,30364.957113021355,33508.188190515386,33949.83385496536,32368.145686224278
180242,22258,181496,21004,0.01228784271561324,0.03375316795945012,36547.05078584872,32618.97279144071,26485.371918385685,31091.196808712455,32006.058771182557,31426.15348342536
302856,24328,297804,29380,0.0020966674023394395,0.01277311851688369,33852.86474257454,21959.15527286701,20590.151560079623,36394.10391588408,36017.018033430926,32980.72057812617
167818,18806,168329,18295,0.012236286919831224,0.014767932489451477,31674.755182932022,26340.154937669035,28431.771472916964,34686.94312019158,34597.47091981464,32826.517675157644
149065,14960,149237,14788,0.005881350153426525,0.012444595976815548,50681.33366251279,36307.58081279864,33005.29545569616,33961.01396067683,34310.25538288575,33647.610846590826
262332,31432,265687,28077,0.009645153608001906,0.022148130507263636,37306.512622263865,24950.931130371668,24889.708599427486,32277.076114476527,34297.33661851404,32668.92347815868
220434,25582,220245,25771,0.0465694741933255,0.029088647826988185,53571.49748216486,44334.98746534499,32664.600094646656,35970.0337912278,36720.09929593474,35003.42969318192
208094,20390,213320,15164,0.003059479888418969,0.010213263745163322,30857.733941322727,17121.68769797556,20660.619469661815,35781.411709079046,34772.35676608036,33810.52054913968
262080,25216,262111,25185,0.008157331502645075,0.017223276662762993,28023.134826856447,33148.04469156071,25742.131478783995,33451.02970256996,33157.50119240162,31337.283752730727
219988,26028,219060,26956,0.029636048526863086,0.03587521663778163,26529.742378855542,26638.087315331377,24164.542273817337,32541.33029525413,31457.085709531497,32306.350304500724
172933,19788,173672,19049,0.0036947112847038953,0.018790245962208383,30149.41060254742,32928.73616451102,29885.623864991707,33498.37006877034,34462.02008149642,34291.100646804596
199213,22628,198006,23835,0.0012434448829539925,0.024598583554089854,51626.42932414962,33451.4247851977,29771.534332330597,33850.73488791259,33115.572678823824,33650.835015606
128047,14082,128995,13134,0.015813161415886144,0.02268580464663666,35412.4026058747,32010.820489365316,25927.16797078365,35115.75830299728,35173.86409442481,34005.73760972993
209724,22600,206945,25379,0.004271181175739691,0.025161140017084725,30070.036564246857,22117.455211181878,25137.729034618045,32860.42751715963,32563.596987273577,31980.363372514574
197076,14524,189997,21603,0.0014063936820468436,0.012765727267809812,37032.0143978587,31879.167603692425,28883.799124625948,35110.201951089344,34649.64910160381,32469.21513434861
220224,19876,218292,21808,0.005955546102307774,0.018079336382005744,39772.38456246089,29990.59024506716,25477.787025495625,31849.742707692993,32958.47770126736,32731.03674065124
211288,22968,209344,24912,0.008290372021736101,0.022641772328270866,37353.490171342506,28701.40389837305,23780.33207052269,33827.991879625435,33973.71957082238,32318.052577848117
244404,21852,242364,23892,0.010765328218771268,0.024995359772319495,33435.93933254021,27421.612788239494,27128.72339359426,32929.6464677273,33967.49564795442,32703.40347996669
289661,31828,291590,29899,0.010912592275596449,0.03014336150636568,33194.37187817572,24255.21720270926,23066.412077802,36226.15147523834,35584.29916576701,33510.98157244732
245561,32168,247007,30722,0.015121219695076231,0.028430392401899526,30854.867021989132,22919.260374987814,23842.608760156494,29902.947203186883,31178.900558950347,30377.180847474243
247662,18594,238430,27826,0.006962576153176675,0.024292223416781857,41513.428581111446,31325.960474309115,30175.61059688965,32063.238319532513,31952.29767528612,31935.36536653331
273283,23742,272287,24738,0.0006525019371151258,0.018963337547408345,34878.66557513186,40780.744057487784,29362.50050905322,34722.264798687385,34923.55737109409,32645.414540183963
217171,21950,219233,19888,0.0052696838189708614,0.01999380037197768,39800.49542721998,20454.531420190284,25722.06564075334,35952.34339488373,33936.485396612115,32579.8131061754
299401,22088,288695,32794,0.0024285107158035337,0.02322263371987129,42150.14287119409,24441.935628551808,29284.734208164322,35292.28384922798,36307.98265524392,35060.513294023345
243671,27770,246952,24489,0.014076946018490903,0.0162839248434238,36355.153901814694,26760.84171515188,28140.055593996138,35315.06519318219,34072.245398184335,33540.03618403129
215874,20322,214780,21416,0.021034464160509143,0.022679467126907934,52468.58542271547,41208.43911795176,29351.155128341463,33518.80262532914,32835.58448381855,33185.4815350137
254042,31114,253449,31707,0.010596962204168139,0.02288943836100318,20694.90411438307,16340.181119819548,18606.137530511332,32868.2892650802,32964.04065052495,33083.904102273205
178847,17402,179943,16306,0.008856682769726247,0.018006148440931048,28105.30393313812,37577.03040818067,26882.467447062925,33194.12008157513,32999.24877510067,32163.861682707837
181590,19114,181522,19182,0.02000329272308199,0.02070299637800461,40830.799224108945,33552.67158340008,26933.16181787812,33623.29775019205,33642.16930411105,33475.51635106545
239895,23274,237118,26051,0.02171301064194988,0.02814967387572949,39117.46093018232,21116.762164227854,25132.239923204317,33090.634790358024,34295.52486361556,33384.007459034685
160949,23092,162108,21933,0.006010976565902953,0.014374074396724454,45501.780366538675,39641.9148768706,32963.25387473863,34775.43891298265,33790.36507388015,34383.627607692266
243301,30228,247658,25871,0.012563176895306859,0.018375451263537908,40617.07780440564,24307.012236220275,22668.138138395232,35673.01075824141,33881.349330949124,33229.59887687257
189655,17370,185822,21203,0.0022837184309511017,0.02542315959161741,37658.40436643172,32341.271550474317,31525.004653812673,34001.34511392656,34197.85376752791,33221.77063348657
336543,39226,340678,35091,0.012663415433793696,0.028543912134748575,30231.225694227884,24497.55217930306,22547.040645824567,37251.69020271707,36767.67337207891,32930.10837777625
184908,19396,183472,20832,0.007980670669204862,0.015338995460535949,35830.87723487371,29514.636797282597,27160.566541629538,34770.3143930094,33936.206822248554,33329.7113221627
185463,21562,183645,21564,0.011642642166957073,0.023404086805005542,30654.548846062153,33396.419795507885,29755.276757726962,33202.72407256746,33246.27728004569,33083.413306819115
379436,27608,363185,43859,0.003637041872610277,0.018371724330877554,58656.32825490314,29959.008365783022,25699.427616175242,33464.89392595189,33630.08121161571,32520.304633678086
302362,34038,307350,29050,0.004466384579219558,0.01478020686412788,38514.738722794136,23037.345463618363,24007.742122045096,33152.511453010986,32815.00523726975,32006.66107812108
111687,15762,112026,15423,0.023036508150343527,0.021554627509093358,62176.99343819727,38473.472302367016,31937.2518100351,37656.719723687725,35629.75782232008,36022.07366204976
261090,26206,261419,25877,0.0004528301886792453,0.0053836477987421385,56734.82968995474,26236.700413992778,26050.64492800817,33804.57241822483,33053.9033839019,32785.514985424175
243367,21858,241659,23566,0.00717093381493679,0.01699776904281313,34181.94010630735,25509.25513171638,26363.47734725804,35034.330600338326,35365.40518566642,33578.33060563312
171339,21382,173257,19464,0.012239165329052969,0.028290529695024078,50646.53800814659,26009.17082369352,24732.805475787398,33159.525508172235,33623.70987806453,33255.03872007069
187661,21188,186686,22163,0.018915510718789406,0.02096469104665826,31959.82060022355,27024.077491985117,30450.047650534525,32925.064818384715,32723.993770607984,33191.59810838732
295359,28402,296352,27409,0.0029712776493892373,0.023797733025200836,39477.44466182855,20422.832110879794,22317.51612262268,32754.016352296203,34483.29731130855,32063.034603265547
256700,19976,252314,24362,0.003219477840937673,0.01594647618089441,44561.257083579425,26251.46918853616,26979.72335405613,32162.71634818931,33622.126078125446,31269.203709687445
206360,22124,209504,18980,0.002052047383639586,0.017395765320399218,16135.823370518086,28919.15416860335,26384.973500508437,31094.870116206846,32909.59912204984,31400.81799855001
435904,40196,431923,44177,0.014929340362379834,0.03346918885394055,22360.98498374558,17339.575292622387,20861.15145996263,32284.732031726864,31883.07280718736,32149.275121853163
199450,30950,207426,22974,0.02748243486911646,0.036062923583908474,33376.950017378265,27251.605440866606,26031.151268521313,32027.466780561175,32855.39637177422,31796.2633267553
241855,21314,241603,21566,0.007054318250529074,0.01451174040108838,37837.205912067206,29630.75887121383,26196.91356636546,36962.66067115033,33225.88220831342,32299.89831632628
172357,25668,177393,20632,0.010172798216276478,0.011078595317725752,43765.22337270169,24178.707890085672,23829.88415651765,34155.12858128606,33287.14017771712,33297.62090883664
293062,36414,284288,45188,0.007959553171864859,0.019198578895227685,23948.85012758579,28079.61843164092,23915.184478665633,29017.663481618954,29941.46650542284,30279.705138869012
306426,29974,297594,38806,0.013367477592829706,0.026862996158770806,38823.459001260184,30430.564197821717,24458.565619482775,32469.81012142655,35463.02335311729,32748.852210593457
374369,33952,374044,34277,0.002402498598542484,0.009890285897333227,18017.940017304343,35032.10267285995,29200.22152469039,33584.23072978561,34275.194028292855,34119.640552609526
205304,15596,199992,20908,0.0010188792328438717,0.011297572670062931,44983.16324621605,21109.133596984386,24441.88693077894,33810.8288757827,33655.557157728486,32525.410567809613
231637,21372,232257,20752,0.0012406398156763702,0.004718862156054765,46353.05738880822,36844.87099941706,28960.991517265495,33657.29993777651,34915.53180136418,32639.26174936351
282676,28688,277280,34084,0.027047281646000818,0.03358768224553754,24023.95764967802,24212.907967899002,24023.829990570644,34629.074709118984,35295.90281425152,34786.5894519088
135852,10072,134700,11224,0.001842618686321266,0.010188597442011706,38114.4429826529,19413.937720591028,21480.290540005757,31413.655486412754,33276.2678548161,30982.195360263064
256980,28176,256120,29036,0.015557518649391441,0.03648900667451904,39701.84870537059,21756.832077016865,23876.576853980936,36617.34517577433,36017.23773755151,33713.2246774593
194158,28626,197855,24929,0.030845520255505125,0.039334341906202726,41542.198101499554,30072.934054000598,25946.029686372356,33953.32301338655,34981.51796520509,34324.06955739845
250279,31682,255928,26033,0.009057252413063599,0.018114504826127198,35434.64057928696,24575.36640802494,25154.595242327126,32360.645860394492,32015.64780935836,32542.296207795986
252531,33694,257280,28945,0.012476444213399182,0.010429527584638379,27711.713867324313,25720.350373536145,27247.904870908278,35797.60201407342,34266.0795332126,34277.886886494154
225793,27216,230297,22712,0.009602363658746768,0.008709836267388896,44396.24267899972,32829.75533513203,26045.06096403181,32657.166763528436,32778.88766423086,32507.656925860483
331395,27406,330080,28721,0.005122761676204541,0.016337456156544212,37268.93570310893,20892.093848052373,21397.93420354552,32913.604917960074,35308.074836657244,33428.594546349705
252422,34874,261126,26170,0.014558547276142768,0.022346587351283656,28982.125371441183,25478.862453697202,20478.455461990856,32900.531860295014,34018.00046788464,33383.51822828695
260010,29434,255958,33486,0.018089315997738834,0.032928208027133976,33497.33461645967,22668.33978803698,24637.729748304326,33261.26252354545,33175.15947579692,32777.38523824947
206466,20110,205254,21322,0.004131799163179916,0.010669456066945606,36540.72501222179,30798.656918570847,26563.25778938719,34405.73204918939,33491.55772579553,32384.62491756517
157644,13752,156471,14925,0.0038705426994976528,0.02808202256444042,46179.849005238895,35990.49909302994,28769.911335078497,35064.67676882736,34658.971056994145,33578.6369876944
233207,19802,231864,21145,0.0036202073391476057,0.01053151225933849,36498.147494493474,21025.92772412233,22527.9738356857,33965.55653045313,33191.4072999156,32744.017661000427
188853,14548,184600,18801,0.01824552125338798,0.03216103655714947,35434.17461923589,30900.9862275657,28906.956675373847,32181.49762520261,32330.33973707486,32944.53883987681
345715,32510,349517,28708,0.019124592563028005,0.012189848998869154,35678.98036827363,31037.86772121302,25484.959728406116,32649.849259513743,32953.01417431661,32446.19425819517
265332,24112,258837,30607,0.012095375006196401,0.022629256927576464,28308.619209621225,28768.152419104055,28178.1755243151,32498.054215900218,33463.68821398258,33503.644170137006
153376,19680,153179,19877,0.006517405305934673,0.017596994326023616,47266.083497894186,34243.974824427314,28935.68599834831,34295.10991325202,33960.07278974881,32128.237496464033
230136,32008,234677,27467,0.004707685570396322,0.01445149989051894,59871.41160573081,37992.046879982714,31766.476412405715,34866.01406240265,33515.662087852535,34128.07559703068
182233,19368,179681,21920,0.0038634321653189577,0.02637017070979335,38059.19799820126,26438.3124161801,29174.526386857513,35345.36470067676,35483.457649535485,34279.71334939219
272075,29326,273837,27564,0.0040180148357470856,0.009007417873542917,28412.494362735986,26338.027714941167,30735.456482884372,33371.30680923285,33266.906265613594,32664.206930768683
281696,29668,285036,26328,0.015497715080468905,0.01701271607391218,31934.85626913145,29070.43589349624,26505.22529873787,33780.54517804544,35785.06213255735,33808.033530139684
285768,34588,287177,33179,0.012580582144950185,0.018148075796053917,37714.04886225097,29793.56727921876,22692.056290084627,35544.28658460358,34091.6198341481,32492.695833437905
275597,30212,276642,26959,0.0067816212806224374,0.017847755230785408,35666.668311215,30446.770736440183,26193.775911010598,34152.2791758425,33899.80132672112,33353.840148224954
381934,35382,377007,40309,0.010856921287320668,0.017371074059713068,47138.86780867945,30104.360934492026,29015.574344507146,34741.23433696477,35468.708834001365,34306.26923182339
210220,16356,207159,19417,0.0030662578322890282,0.014598053592854286,41362.146815022505,28127.810701078128,27947.930776580863,35861.75974901231,36173.29024735896,34283.43321062401
264483,32542,272218,24807,0.0017741469653835046,0.014873953046994265,39838.17811464238,23859.913990816374,27740.270913769233,33512.80128761679,32685.689559667826,32009.655807796207
198053,21908,201210,18751,0.012207753773305711,0.026894051494525006,52209.993591127124,29805.468099116053,29398.82280210879,33188.96704943061,33336.34841844415,33614.97298538334
263442,30322,268460,25304,0.004214537266901449,0.01636741527625426,31438.620982009445,27900.3323686964,25448.397197226455,34113.73815776229,35479.27749293158,33820.457216430055
353099,30062,350194,32967,0.009135200974421437,0.011899184858989975,30612.53832461038,17923.594116672222,24943.2350068588,33208.66644157845,33395.27281385028,32880.509977120004
246122,20134,245783,20473,0.0029847825023242157,0.009517052404951803,56227.91907832437,27766.169786796494,26036.87207711438,34543.37602170732,35741.90067309924,34088.67837461516
243100,27300,245983,24417,0.0033594624860022394,0.019783501306457632,23522.51876716501,21070.138891043433,25370.465173695797,32139.68142716021,32333.058660699367,32032.964053040207
327622,29982,327714,29890,0.012281259942729876,0.02446706967865097,24551.68043613996,36626.56925570149,32682.90538353344,34153.33105010075,35206.75306072885,33511.98590961302
366903,28738,366274,29367,0.008739965478506261,0.022891038110633168,43593.07042615201,30935.734803586107,27067.768313087083,31512.890010377454,33776.779940386994,32045.485308400544
210009,23280,206957,26332,0.013442974615659636,0.01465856274579907,40738.43495194233,33475.44015965162,23403.92971433279,34202.84994861018,33669.17539580986,32883.66592107784
194725,23364,199151,18938,0.014799588900308325,0.017677286742034944,43238.299419553674,30718.603591732597,29131.264445993216,35108.30093961723,35341.158575337904,34959.551576920734
399453,34828,399431,34850,0.005302146227611751,0.033474554771931606,46851.547896565986,37127.830940134045,30296.23802699873,36203.85089570489,35349.826899510714,33875.300345520314
215115,20110,213700,21525,0.005344735435595938,0.01897381079636558,23148.601205595256,36536.2888863822,29472.399422584836,32929.02588570065,34273.60694090906,33763.11862010924
237941,29348,240153,27136,0.017982597486303577,0.02130196583951015,36087.70799089642,30000.90567331414,23863.846775746144,34575.678406007166,33806.82252648523,33314.29599104717
219894,22170,224136,17928,0.0048,0.0214,17972.760419533723,11373.656842961262,18351.751306323124,34805.35544159527,36200.70418683487,34212.26811657048
281447,26578,275324,32701,0.011585365853658536,0.01852981029810298,27601.98938077786,17699.248665862237,21518.90382873751,33446.39402473769,34511.207144791464,32995.81972813232
263171,33854,270863,26162,0.0058495081095453335,0.023557564477532572,33839.00060635498,20814.3389695639,25188.10600739405,32086.62313770776,33765.62753688639,33608.79519375918
295972,28928,297041,27859,0.007879453774917595,0.020750274682153506,54002.78088061902,37294.99210338422,33780.36952963884,33403.16276137021,33622.59879501063,32886.424346530104
258985,25104,256636,27453,0.006207426939134256,0.02419797846627115,46113.71474780479,29005.935097539645,26420.647250922328,32066.57074084324,31768.54351581897,31407.87345369298
324524,45140,337836,31828,0.03713666291954392,0.015095551629998394,31439.3030383304,22940.917628808278,22581.847462315844,33064.39660376643,33406.32900347506,31827.3193222938
169789,19436,165327,23898,0.0008659079663532904,0.012246412666996536,22477.601378240215,30563.862686933095,31842.83469805355,35756.22786827095,34490.94880466072,33827.982266648454
285809,28912,275067,39654,0.0055962948668467774,0.016756721986363052,18585.726654524264,20038.03613558371,20771.251684946907,31029.490562987496,32127.153299912097,33427.11118186514
236652,27544,239536,24660,0.008544263137607606,0.027592188102274186,33726.09286345206,25184.219902406116,26752.820526497966,33573.351850854204,34017.171254155066,33642.342414044695
295832,40568,304414,31986,0.010961827617985158,0.03162438764126692,33905.31917327572,34543.28563784007,29459.28128852489,36404.325284561026,35400.54220213208,34623.52723368981
134288,16256,133406,17138,0.048049626747976026,0.06029860161917779,46638.38303089292,39259.11706513297,31373.249518137753,31869.427980141612,32758.21139029877,33147.171280488314
155693,24932,160873,19752,0.00228812813517557,0.01654492651588489,55396.955060597305,35724.44042687348,30679.756535720226,33448.611302906465,33361.58987535627,32428.821402906822
334408,30408,337678,27138,0.005490062561178023,0.02268374686130144,58332.22084879727,19170.53821557796,22678.095191789216,32982.320833722806,35358.30355684341,32028.93399088564
212201,17240,208143,21298,0.0070752461994454535,0.021440864327373552,38729.40902352705,34537.02455934423,32038.12194417221,33634.64618011512,34757.07706093622,33525.62026623359
185266,24498,190898,18866,0.008151287903488751,0.01978045864579937,37472.31753680168,23331.82991090545,23256.10156523994,33525.85825612946,35510.46072646041,33739.522840069316
161431,17498,155194,23735,0.0054585152838427945,0.0215401410816258,44463.967326111226,36269.79430613806,33242.68419606328,31714.238011913014,32321.868737745997,33151.63576535103
198425,21536,197882,22079,0.008677855096193204,0.018010642652476462,25256.573534349103,24299.550037132994,25095.116743287283,32819.70566651157,31984.186862083196,32219.267237049968
215186,21010,216636,19560,0.00904642694583523,0.023497951752389622,43390.2874200519,35025.11775198,28515.325405543987,32630.38715888783,32353.748029336242,32449.0828924941
197232,21792,199073,19951,0.007810804946843133,0.019056917624936717,51833.49667227924,40512.19597258203,31719.317539686323,34183.80629165911,36663.37376246804,34510.793321374724
128854,15546,129377,15023,0.002520655370396303,0.027727209074359334,57015.79008126582,25932.604892722124,27421.29473063165,33197.01142238809,34011.334065313895,33148.55566289323
250408,24168,246759,27817,0.028568020516490725,0.02254428341384863,47237.35759495819,21706.977684293524,25024.11886618776,35517.02754617357,36003.102310594586,33759.31035170404
199584,21316,197253,23647,0.01511184259744146,0.01398967606792848,55362.44569917712,34122.37159637189,27115.13980893148,33656.70482422325,34758.24459163347,33009.47878342761
306568,29832,310257,26143,0.010151763740771124,0.020072805578342904,21118.400454078033,20583.688210053166,22337.72568104673,31349.811003002073,32264.471434467705,32089.10492475661
274516,27984,269051,33449,0.007741632780731937,0.016499843603378167,22901.978362691996,27539.440950251577,22257.201901504617,33325.37800255377,33878.36904356181,33497.994929847315
344874,27226,334043,38057,0.022792262405382676,0.03866694701429773,21116.62205757182,20598.94751878885,21125.778757249915,33213.906761927414,33762.00035003108,33332.734406515636
199808,24868,202769,21907,0.0062407132243685,0.031166419019316494,38186.22659229999,21535.3400625843,24414.94254917172,33237.78464276372,33848.42878179577,32959.29875545462
213457,21768,213462,21763,0.008531621790857858,0.01905917345021916,37239.33927028152,33369.42451870276,24440.375882301338,33260.67634655171,34346.7899026719,33102.452574814815
203464,19320,202125,20659,0.0074682598954443615,0.019485368999932105,34512.61681908257,34055.16483354188,31060.57465922058,32346.841252151935,33954.97664979501,33541.188776502
264260,23036,263399,23897,0.002340354396522902,0.014766521787584978,37659.427903801254,29125.403384780417,31316.19808716627,33048.03075374298,33879.308364823766,32955.19270959826
376948,45552,382751,39749,0.028703229113275244,0.02336796980569405,46913.46150705856,18942.384796320366,21277.159073651583,34840.616025001684,35398.593275532294,33932.97642613218
175556,21580,178845,18291,0.004811484461271494,0.016366934847767786,35249.043655365036,25710.186282675884,26976.152580582853,34276.47285351692,34057.60073547862,32973.343771734544
268688,36016,277767,26937,0.010650805726537104,0.012794799087073795,27951.06960534001,16381.376490031656,21990.5608267677,30748.411339749604,32335.625690279336,31849.624740252963
187266,18850,186678,19438,0.004087848669445335,0.020038473869830074,27338.341423868063,28585.225712262385,24892.11394918168,33519.57356127942,34598.14665534351,33221.02859091944
224831,22178,225885,21124,0.0019555470762186397,0.01213870075360107,48179.31054039684,26177.572004033056,34415.63781561545,33967.659744533696,33215.52486727976,34229.76390183378
248602,19722,243440,24884,0.01879151879151879,0.045545545545545546,51880.09087124281,52362.53750591355,33143.377541605245,37266.29481817202,35729.88095626912,33893.71762423442
233031,24018,226308,30741,0.0073438726314609265,0.02547931382441978,27597.72590079725,29389.569865648005,26695.24700655841,33172.32241310586,32245.10627841654,33201.268674173945
333286,36378,336553,33111,0.02224834427592534,0.028068465265632614,34354.12992823924,31168.296800393204,28463.358791137733,39089.39712025355,37906.76769412703,34621.19970077301
243375,30154,242482,31047,0.007706220020445073,0.021585279547062988,45218.89779382984,29106.198717537285,27739.97815956243,33687.2648931048,34496.50972357708,33660.5901169312
349634,37250,345549,41335,0.013774509803921569,0.024877450980392155,28370.77097194487,21829.872862413584,23498.40881404915,34257.91674184903,34307.09651065456,33697.10191248861
220930,23106,221483,22553,0.00960479628043558,0.022084913740364615,38730.7245129591,26871.732700910627,25900.351882242696,34556.03929891926,33817.92774411725,32777.3092425993
271035,36990,277884,30141,0.01024790897445558,0.02708914173762339,37704.69335578994,29284.380134514926,26549.20300017153,32586.420890185233,32904.99197117482,33430.59407761642
221737,21312,220194,22855,0.007279741164758586,0.028621204579392732,37798.17701751589,26712.370863966356,23301.91811917209,32496.730769975988,32879.25118238199,31713.594072153537
231932,20072,226217,22784,0.005231645643201767,0.018456083241295124,47438.62648638539,29309.057161239827,26402.526970846786,32667.62186317004,32624.478205437077,32364.264680463268
203213,26228,201781,27660,0.02030608435983576,0.01773049645390071,25430.316458055404,25453.151251005824,24438.782781022594,31382.783641758113,31661.126909068702,31763.69799005717
188585,18440,186626,20399,0.04530959340951369,0.029265213925059794,62095.12835864235,42711.96869838968,33915.06777052252,35913.90374136672,35400.18793264267,35099.63006038408
304601,26024,302057,28568,0.0109810720994076,0.01506285218899003,54782.69769708846,33575.207382148656,30365.87180604115,32776.51114537692,32019.92848776223,32546.474410214036
188614,17502,186321,19795,0.004662925788350589,0.011064569667272584,32056.14524360409,29301.05651152581,28186.149726080253,33225.92449879476,33720.97436744936,32500.735508948914
157760,18640,159360,17040,0.01582673885880883,0.031549354435651815,36564.070397876414,32335.68142217624,28139.47541859305,33056.19005635126,33620.41117568059,32318.40235991277
330921,52240,347699,35462,0.029922064648013287,0.028580554490864954,31845.757572868548,33696.118262880846,32741.39212274176,32890.20872501425,33787.907844533234,33981.7678260214
349837,30852,346689,34000,0.0035582771318631305,0.01775001034382887,38479.17269066938,18513.27539515386,20269.00915658589,35418.46533506144,35536.510700554725,32943.40156326501
251229,24396,247708,27917,0.013093993975533288,0.05123870412491547,29917.430060425617,25966.698459108455,24117.469097060086,33910.14939412669,34527.700938835915,33522.14234734718
187694,16610,182879,21425,0.003587633217262847,0.016724701909887094,45787.15713287783,33818.55771995185,26453.272207227634,33567.91658503344,32998.88687655334,32571.664825868505
390378,55846,397540,48684,0.021331100054189863,0.027907778708310755,31668.44949570979,22859.560754208003,24418.31272285945,33427.775496480106,34833.54072051621,33367.77824072258
154887,15682,155236,15333,0.0011219566924716706,0.011612251767081791,28163.62402065284,22004.853247760624,22852.53729598467,34686.78079124614,35926.023697243974,34241.795406361554
165675,11566,161626,15615,0.0030568575504381496,0.01392568439644046,41689.78388433056,31037.278431151597,28505.912536762906,35282.41730690521,36125.00864086037,34125.03903960348
215318,30698,215098,30918,0.012461550595472829,0.016326208691537187,33151.00740997138,27569.46277290374,28651.65370574276,33683.52745781362,33994.05119366731,33999.7714324475
289270,28826,289662,28434,0.008078535637590756,0.03014111872379589,30295.439256600865,18692.750904691235,22060.525612136687,35155.66916192221,35634.999802325416,34260.56001900365
416099,50390,425560,40929,0.007415071564062769,0.011920158648042765,44061.65388367484,19283.660948371828,23732.60713285685,33667.71658146151,32961.991793313544,32463.91953202194
364684,37272,365360,36596,0.014515972424507233,0.020681619574715992,27208.074026180835,20054.940343403083,19430.22043784372,32558.228462510342,32461.827268253845,31840.84135375027
380365,33084,382677,30772,0.01108211202569765,0.020939570367396104,14981.80143655826,20357.508891707166,19003.96616843616,32742.268682967504,33241.1355343352,31220.750252266444
284405,32564,290415,26554,0.013337485079661633,0.02005812444859619,36284.655138897586,27802.73228948822,21201.63348480935,29662.59340878817,30798.81265164813,30367.761868177153
281304,27832,276049,33087,0.004599909012788758,0.041196987312338874,27882.478251699093,32138.805079423055,27479.728939278884,32673.047028351564,32206.770503398784,31680.91489169449
262506,33430,262440,33496,0.012068060865002624,0.03017015216250656,31963.207493570488,18661.577296858268,20683.428917131707,34407.30465510412,34488.38033410872,34007.576874633574
203503,20226,202481,21248,0.008180858550316679,0.016449683321604503,25995.198319482708,23864.43876547304,24212.121924328567,34956.36420913895,35465.88374463427,34367.49125646543
265095,25426,266636,23885,0.0033301106456117735,0.014716940595122999,52035.694609493665,25343.33970586156,25698.45921878303,33258.95862131182,33963.11433211965,33203.85961334472
235764,26380,233969,28175,0.005588790931989924,0.021843513853904283,24691.00011878873,26385.202595854207,19578.97018420942,36501.47189219059,35368.83967305228,33683.06276926054
171335,16154,169224,18265,0.013053307080872165,0.018631955079122003,41540.091609832205,33788.28706675854,31549.941918462333,34080.787274061906,33207.36692387652,33026.21272564962
319272,38332,323916,33688,0.021475215847832758,0.03159924617609677,36932.75713828748,27178.111999801138,25550.52454300022,34934.03882853718,34344.59040032944,33292.31024744713
183782,16922,176848,23856,0.001519910831897862,0.015047117235788833,24888.68758998784,27600.680548784854,25321.763526835886,34463.11950724375,34223.527647609146,33755.33067122586
168773,13556,165528,16801,0.0024374390640233994,0.014299642508937277,37005.65949708022,34137.49828163685,33231.03472446049,34884.0444512301,33485.85245875958,33862.19448682505
204327,15634,195117,24844,0.024473379235121686,0.040391301383870745,54989.591125054954,42304.625830768324,27524.266381840775,34639.16640205594,35404.81874235606,34319.86614681571
241063,28298,245694,23667,0.002053277138380072,0.01904684713892041,24331.24868158282,27835.438076632327,26840.85836473423,32668.234906787744,32682.49108129037,31854.821919991522
235331,23750,232384,26697,0.015271659324522761,0.022173274596182086,34979.856250240235,13891.097334437147,22044.31562595363,34836.95359949519,34490.83888566216,33414.40260170105
192748,26276,193230,25794,0.00967215173973119,0.014068584348699911,35130.77617039761,28866.02716168584,26626.409706175793,33787.07287716411,33400.828555857326,33043.81632561779
217014,17242,214990,19266,0.002747791952894995,0.011187438665358195,42736.8791032843,24559.670128400954,25818.886903400493,34145.34299483012,34294.47009372695,32706.448718950604
226730,33370,234283,25817,0.02321981424148607,0.031232926607175377,44067.96328106637,28454.625412199195,24976.25323501129,33208.541353872795,33761.59177822822,32949.86329360332
269636,24128,270668,23096,0.015252750219342647,0.011439562664506985,32935.386244530615,26098.088357479697,22759.388033576724,33033.91619324089,33864.482729508476,32508.28255793947
255112,21564,252069,24607,0.0010122793891113948,0.016702609920338014,39022.25135975297,32816.4041618389,29909.90051716259,34434.745001855415,34291.05103726108,32806.5600960506
435123,34102,434363,34862,0.010207673354452657,0.014239544334581293,35500.19672438486,25083.68036660513,26132.66253995063,33404.352304258,34984.655483883624,33037.65125903495
159643,15918,160880,14681,0.005215343203230148,0.01501514131897712,38634.94004088884,27209.512891333205,21861.626205861623,36446.00573313627,36779.58764079466,36460.29236078691
178125,16356,176493,17988,0.0047187268689859365,0.018921169504071057,26188.533044950032,21801.49697982417,23951.101427267447,34033.609753842306,34193.09631746966,33077.421473713126
294729,31312,290724,35317,0.010545278790808032,0.028450283404367505,26998.334472331582,22575.03591938976,22466.773140705725,35798.36326702847,35406.64363776106,33629.21863329596
252103,27738,250935,28906,0.007434944237918215,0.018762713053237005,53078.34705577118,22012.167811558647,23859.308557090397,34044.36484475416,34487.55272502929,32592.419874706527
196814,20342,193717,23439,0.00585544373284538,0.02717291857273559,33597.455840313785,32603.31010964726,28382.732224606112,34415.669374178986,35535.38184634609,33630.79545769182
302061,26268,296111,32218,0.006013806846487795,0.017222973453846702,29651.970509485585,26726.544653028235,30368.943608174697,32401.23392275368,31818.7125807198,31547.23939555065
252287,25442,245592,32137,0.0060790273556231,0.01675266841026366,29123.73114707585,22070.412274218364,24980.01908158441,34240.48320090044,33789.201905089016,33483.901446187774
380241,35784,380618,35407,0.004797399096027278,0.016374593608754262,52648.425269857835,41960.29135066808,28388.32853942088,32836.599272987216,32810.670243081404,32167.67028899971
374612,37552,363005,49159,0.01118085523734798,0.03336275663658951,27836.719385465014,24470.728467492772,24829.602141029958,32476.524216118312,32649.54253436918,31699.50464135564
207023,26266,213452,19837,0.03243646305847263,0.030385882060523207,44660.694245241015,34162.78730008153,27901.281717589107,30926.46434714069,31162.910987086274,31055.43940756342
244669,22620,244504,22785,0.007221076019679416,0.020552293286779877,39911.892574062236,35729.071018359784,27459.07000858547,34121.6330903657,33849.48725474156,33294.37074312733
197057,26672,201665,22064,0.008386411889596603,0.010562632696390658,40203.56685887955,26517.084948963668,26198.539374905817,33046.21346157508,33586.57011672947,33356.02901411165
168643,18846,168563,18926,0.01727893131987803,0.019638449252214318,49286.68903697088,35640.89884403877,31928.321028567807,35225.929955364074,35758.082643330534,34187.558351986394
176129,23680,174244,25565,0.016583162797262015,0.034048408722037966,39450.61818572297,30158.990840507875,30046.131553403146,33378.46834428258,33702.87908263087,32699.58482218131
175272,16572,173694,18150,0.00695883920639621,0.021061593129997037,38505.83179672593,30973.561018773013,30038.37950178034,33026.65754295791,33139.117257404316,32785.39019775736
249254,27422,253749,22927,0.010204901566894336,0.01687424668541583,48127.73003487123,31258.886804096986,28100.658044202934,32901.450788669594,32845.42527732998,32247.84775458963
192809,23416,194152,22073,0.002793783830976078,0.019076305220883535,27160.056527694614,28200.622980164393,24718.983711963985,32474.308478447787,33399.925901617804,34392.80068846914
253105,30984,250278,33811,0.010992275698158051,0.028045157456922164,27523.85359195485,21110.329549317103,21314.27552665174,34149.15607142525,34304.35275748366,33493.21136515219
182573,17236,182826,16983,0.0013740237199884294,0.022888342493491465,37623.36976933222,36814.0235027735,29250.148071044678,35171.18380247838,36285.462436603695,33708.3139834803
226820,21184,226666,21338,0.0011364810414298998,0.01446430416365327,43561.7836299352,35450.34140559315,28237.525090423438,35523.799749710495,34634.847950240575,33097.49124761523
215886,22258,214229,23915,0.01700974456553076,0.029060716139076286,48505.75975000938,30598.27177368184,30244.687071644592,35309.27569598219,35966.22317351153,34825.24321947752
249743,23786,248857,24672,0.008965603921404332,0.016904771879844148,42964.20118729248,28563.87575010039,31644.265359443536,36581.318984179496,33805.138628645735,34605.09735598164
235775,33586,246351,23010,0.002560333791664691,0.011924517566734625,48340.12356917016,29727.86818815696,26570.34222585817,31519.481437734357,33826.0893861066,32139.74312749319
355584,41316,354793,42107,0.028772124771807288,0.03766171918406223,31173.999309079227,26041.721468148848,26382.404784625403,32246.282484801806,31846.34353971344,31145.94661264419
247365,30364,244523,33206,0.02255417134085139,0.0284584046761528,25754.22449594768,25687.61961523947,23776.468732682057,31522.03001403407,29878.954706039767,31581.63114481789
293976,21868,289635,26209,0.008146355087980634,0.021902057536542223,35252.45209476023,27169.40680816479,22188.8924718606,35126.58615846641,34274.326329519055,32476.45069731169
218510,23554,217107,24957,0.0031587697423108895,0.015378221113881962,32806.04188150771,28727.880317411342,24490.054800709015,35061.626418964224,35622.7921379515,35040.31658273396
230319,24706,215988,39037,0.0074192336589030804,0.02338467317806161,18628.14433283943,16337.368200915744,24398.476496742926,35147.51358715885,34026.69533805394,33805.2737137157
280267,21134,272092,29309,0.0028853935747211374,0.02602132376227172,32863.761964819736,37657.51655481591,30450.658434194585,33932.33899564205,35109.71946441783,33427.14488664739
306135,31426,306525,31036,0.012066296330024588,0.023586194335670704,23603.103562389133,22057.026592642327,23703.02331597459,32046.347029784472,31932.504401311,31059.68550802903
303804,23380,298771,28413,0.007767080600902284,0.01469699083763546,34057.24015950389,32649.080331545818,24919.12878496994,34685.44354977238,31992.911589239422,31272.114802574422
253472,31684,261532,23624,0.00162526120269329,0.011144648247039703,46384.95680089267,20475.27522165619,26521.198450828597,33835.90090041804,33220.777329563054,33615.2930922276
279329,22072,277377,24024,0.00917317466220404,0.02463741167720342,27512.78110291277,21803.648307140604,19824.318517436703,35454.25569169059,36062.89700385822,34228.52660381347
302420,36304,304963,33761,0.022428968499073502,0.02310453983940704,59583.04818474698,41516.844663019205,33440.14409733686,36430.57824055273,35491.202298252865,35103.7814614096
291281,34760,293819,31081,0.005561381765023675,0.026805860107414117,35782.87662443655,36218.47507352474,30096.408836234663,34553.76385405197,34152.23135584619,32907.41413312514
172276,24860,178840,18296,0.011096406393158913,0.02168380331874173,46827.502371034,40015.04900302741,28628.90836949995,33136.44516920794,32378.222980603336,32568.927495448424
169012,17612,168949,17675,0.002493019545273235,0.01740127642600718,35535.73119177185,34732.60361732499,30940.43024968042,31060.55338046098,32184.487939657396,32526.977892711002
206954,19622,203363,23213,0.002973628609437358,0.027388684560607245,63356.89837423413,30543.659909372298,29765.705578051842,34103.673178265126,33924.53145203869,34125.19401082668
169759,21210,169163,21806,0.022041654992061267,0.024750163444475577,28916.483991156925,23136.556385670123,24311.156875127213,32924.63268332393,32129.631991280796,32668.5344375993
385207,38594,393645,30156,0.016202640203375293,0.008361664982082146,40326.51583642656,28855.39484278603,26228.60097423707,35312.672575475925,36573.38354113029,34418.59669397503
143066,21770,144788,20048,0.01680280046674446,0.03220536756126021,29636.95111186865,22865.093966597542,21488.438829032635,30899.886037307308,32755.44709052096,30717.706878549376
132675,15550,129293,18932,0.01344055140723722,0.02366456059735784,43185.52651486105,32817.241336911036,30213.734668617657,33136.40945114279,33779.77399496889,32988.477555433245
294522,34954,299220,30256,0.005958112662493981,0.01486519017814155,31520.25981038762,16971.82341980257,21462.78711505687,33760.279057079264,33867.70436755049,33493.04915416469
260461,17268,252631,25098,0.009183064997018485,0.030858676207513418,37780.81737627636,21473.706993968844,21687.533862573535,34844.520313888446,34307.234533207054,33372.04432247882
298702,23922,293446,28043,0.008056394763343404,0.018218438158015198,38520.85344244276,27250.07272645962,22172.880314833856,33034.953705433225,36148.03163293375,33992.575655073546
253470,25314,253383,25401,0.01965193586233868,0.03336429409464216,30082.4338198983,29176.3511870549,27315.042544588156,36976.4586217866,36095.63986719064,34234.84823210614
312036,38428,314431,36033,0.0033683992330414054,0.01075296678240141,34920.98907307187,28504.976098928026,17581.1156660209,32282.628406263346,32783.92301338228,31523.59268416316
303823,31418,305263,29978,0.009780096022760951,0.021812577796218362,22993.852922845865,22987.817124960176,19572.969930267514,32713.78170878646,35078.7646688764,33452.2227942252
250794,34362,257723,27433,0.017001737403822288,0.018397865475304045,33504.714859404936,22230.554436619615,23438.15399910583,32878.35248826651,33776.41107520747,32553.58004623504
390431,28178,383207,35402,0.004023682244065068,0.010978904408806117,66303.63763773095,35225.844917561306,33325.25523897557,34489.65454848094,34140.78563296042,34479.4882717706
296096,31088,297126,30058,0.012304197624343382,0.009938005773508117,31319.296699906456,35479.731996183466,22694.56758478725,30260.813487155025,33426.673869898994,31440.087688976233
349236,37648,352429,34455,0.01079096673712315,0.02597619312493047,33177.4225303877,16378.841264378447,16179.05573819731,34537.283619744514,34533.348318483644,32460.83598739677
357950,46546,370968,33528,0.01877421627333568,0.022912997534343078,37337.58718260118,26462.746952349513,26796.914518289886,33259.6026237847,33523.01807576875,33194.42353015598
193454,21842,196377,18919,0.004102015337970394,0.014223292313179954,34256.1874520009,24902.39856286087,26571.04424664036,33217.234176762235,33635.90707976922,33386.32999450507
181809,12672,176697,17784,0.008063394967329348,0.026414569720561658,39951.241181838115,35338.934150596055,28937.646253192223,32383.07215790793,33836.12319677864,32695.963280676628
334622,44834,340883,38573,0.01563556457065585,0.01971348884381339,26250.697002080648,27909.721596915333,24413.35551323128,35362.501289701024,35776.39788088195,33892.36366890667
332100,32716,334354,30462,0.0026896726719106826,0.018776960162395332,33556.50205973331,25959.685935124464,27292.640573156892,33596.071602098134,34471.60873229441,33475.36132496729
196633,19592,196036,20189,0.004874980342821199,0.02244849819153955,40601.9376372361,26470.462629732032,26737.12827558992,34493.269995797506,34196.6063459654,34083.69510572488
273781,27620,275462,25939,0.013443118803562427,0.027285330196605614,40649.01068330774,32843.913086512934,28296.803119353834,32804.81001016072,34353.44391773789,32676.221467327217
379902,50434,379714,50622,0.0268185034196961,0.032663993800747956,29968.48965392381,20853.784682173307,25633.809499983618,33139.73173707266,34323.04970310207,32511.692372548703
191131,17718,187743,21106,0.011266511266511266,0.027195027195027196,40699.69712935836,32119.33603946198,30787.690447145833,34080.51922496716,34676.14385774534,33544.59075064661
201082,23594,205002,19674,0.007493379908727252,0.019071496985745676,38670.73881659666,32213.53037040934,28513.91947019905,32526.174063668885,32419.119412074713,31797.1131530301
254794,23990,253111,25673,0.010586552217453506,0.02022889842632332,28228.481054587864,21985.744425359488,21852.140008391783,32870.603200530975,34217.521439642376,32842.78427716134
186594,19522,187836,18280,0.01743849493487699,0.03632416787264833,42142.55700941312,38281.43088057086,30821.817863309017,32246.533175899705,31635.053056263278,31860.20493061541
268112,34388,266947,35553,0.011759458253923199,0.02554640931024695,39502.481869569085,34475.01022373838,30802.588155594065,34379.762544960024,35242.781149695045,33563.99361176949
73629,8740,69877,12492,0.0,0.013561320754716982,nan,34750.61818108223,32208.350793502792,33185.97759162058,35565.436805150115,34202.50610328581
371298,40866,370728,41436,0.004359349933737881,0.01510078817046802,34776.712406280865,30121.73497952609,27022.427311914686,33295.83849746066,33544.66677151384,33377.258441031176
236068,28128,238631,25565,0.0061034091899904086,0.012163222600052315,22247.605575881593,17321.566880291997,20737.52654493021,33695.572766628386,33478.63865545385,32912.63179413983
141836,19768,145583,16021,0.003211841921519341,0.01033375226923614,45465.166091683684,32749.652718742025,30381.76978255941,34815.49555833193,36428.22204306818,34371.061793587716
210081,21280,209576,21785,0.004145225843339051,0.021869639794168096,22630.09903435833,19629.40831027248,23697.9712269696,32861.317404248046,34215.62450666271,31736.932230281578
264514,27086,262888,28712,0.009509319132750094,0.011563332065424115,21931.962927683344,18022.17666069043,19853.94282357462,36633.02759642279,34713.31445281404,32929.62885592693
233492,26608,237085,23015,0.0094980462879471,0.017132551848512173,34049.083832626864,22054.101722273652,24100.443250159427,33891.05358139011,33325.303972711794,32429.53370090109
152426,14038,151333,15131,0.01238390092879257,0.02961544728694802,51154.10197304847,41215.453345851565,29349.00631056396,34238.27905019594,35133.52753624738,33645.661453595654
247384,20940,247172,21152,0.0027733333333333334,0.008853333333333333,41324.79685690197,21868.68018982147,27982.699255801363,33575.975543563174,33776.90306113056,33421.03603592644
288553,30672,291285,27940,0.020142582324318207,0.02899739730677832,33671.9552625929,26565.50749474581,23032.687954194775,32313.805088038596,33520.888629987705,31677.493005533386
382986,49978,395270,37694,0.005026178010471204,0.019036649214659685,25295.895678558365,17469.95865420653,20090.666953529148,31214.840075714485,29922.15704392815,29976.89087191879
211183,18258,211569,17872,0.000948316737790422,0.017401612138454245,13572.762126717304,26189.636131687294,26769.553021277326,33723.62147507696,35127.16354730004,32478.465617243062
353830,38046,354094,37782,0.0030692399729490712,0.0191437340685637,17288.113187949497,17396.541293273367,16374.356137118162,34038.10430217386,33395.64641524535,31577.97602449541
193375,22850,192975,23250,0.0031867431485022306,0.02903123008285532,30033.410396654905,29492.86670026856,27110.562453952058,35297.84025839563,34965.73276936064,34091.48652651326
200920,27564,206607,21877,0.009426941205656165,0.026420243115852147,40935.933157342595,32488.126180908144,31302.230977969564,34307.28340943785,33599.85438843233,34372.35538275401
172145,20576,172886,19835,0.0171135818617833,0.02970350991933726,45795.97136684892,31665.576298521184,26343.97648183545,34160.31027894493,34239.10718438621,33305.2009724539
208674,17902,203888,22688,0.0020701552616446232,0.017883841288096607,46235.85498894279,31542.099909638004,31112.15261825681,36699.14836569644,35751.227403475146,35371.07256705863
317016,35820,318999,33837,0.0024084410123098097,0.01808242220353238,24256.286636562538,35153.372344923366,25470.98192451563,34708.164331402026,34104.947586013324,34309.005840013604
202427,23198,203493,22132,0.0019005932154581582,0.01598226112998906,32305.812486612893,32598.25605345218,27841.68198994955,33560.65480017017,34967.25048990493,33267.983758013885
184767,24082,186042,22807,0.0097298236469464,0.012118842845973418,19906.243335589385,25381.085369460263,25742.56100346423,31219.281512446883,31537.926933266037,31866.72252053682
289972,32652,291525,28831,0.002696629213483146,0.01799625468164794,41427.2323289545,33244.157368266635,29854.64977896435,30962.282551861103,32026.08057804943,32034.366815640657
232968,15036,224559,23445,0.0031354860003300514,0.013697123054073381,32013.46441208438,23445.707598246605,23028.694285643833,34020.86040421466,35102.39154883657,33112.163260492125
166953,20536,166270,21219,0.01436500163238655,0.02742409402546523,30116.8587269322,32517.32119535219,27069.160739938572,32768.90867080828,33545.25462615115,31718.915479777253
208420,18156,207896,18680,0.005685895666574662,0.03593706872757384,32493.61700704806,31476.20182857462,26750.20652073789,34999.5813218317,34293.177453273944,33687.08368853216
209848,20552,211149,19251,0.004608294930875576,0.011142444459729004,44978.06400051258,31806.982471790165,30166.189320235615,34737.23434277443,35773.81161973345,34938.19023501995
151665,15616,151706,15575,0.002700457000415455,0.01937058579144163,30287.634836420482,32983.254191060056,26112.91507406757,34080.34643884728,34166.89308918036,33289.03906980423
244083,25278,245722,23639,0.004949205522271425,0.009833289919249805,32841.035218367004,25426.156463027444,32297.07984750036,35721.30530724039,34088.33770161031,34755.93268187737
298491,36750,300615,34626,0.008895090259004099,0.011598500043603384,48764.91258166688,28761.40864852482,29618.43314317813,35338.587929751004,34522.40086732879,32975.89742825588
221153,17968,218853,20268,0.0020242914979757085,0.011439600790885981,46762.22245135426,31296.930075258377,32939.718360869265,34690.64621106256,34019.970271350845,33282.221294289484
196402,24498,199252,21648,0.0055623780972332585,0.022430109080401647,27174.35115733989,20694.531867850317,22133.847612472324,34066.50652326745,33616.66605832066,32308.373965410905
128034,19422,126690,20766,0.016877637130801686,0.03222094361334868,31934.94441313555,28612.251613000768,24910.997070756493,32897.93688018314,32004.90343356013,32998.8689835318
287485,36276,291062,32699,0.022266966717991235,0.029116822614394567,47545.434815592955,33231.65834784885,31023.211711777185,34900.25783307174,34059.92225938925,34466.97798008248
251612,29288,246372,34528,0.018102372034956304,0.03542446941323346,35633.81478984831,28905.500574747315,24606.58187917397,33086.2318621432,34304.77937230376,32541.015243993883
284527,25722,281086,29163,0.009681528662420382,0.02140127388535032,22499.635080218854,20778.786479522107,20886.97355941182,35123.66863281745,33476.818593701115,33298.945971640955
383384,39116,382155,40345,0.011132391668661718,0.01935200702258399,56659.37306692313,23639.32132843782,26877.041021703022,34733.1281164838,34819.15250955084,33453.702955305554
275420,27080,278281,24219,0.0008881409806946197,0.02274108353199645,28481.24647399875,23679.57421102697,28048.199691559123,33076.586445933084,33772.45049450537,33184.42970540839
285034,30810,286641,29203,0.04043785735780921,0.032275052663256094,35084.785111375146,29328.27777567538,30521.336717194023,33853.632292612485,34741.507038255775,34205.55177114859
277275,39694,287109,29860,0.022398045261504452,0.021467217406480887,29610.257495228874,23820.389502905775,20034.994460831404,31980.3368093825,32565.98198631324,32666.566941690555
285821,33404,285971,33254,0.008949645948072384,0.012490165224232887,35073.99864264841,24083.288650636743,27048.532152331016,33246.064687577295,34122.47879492619,33075.8292930029
283767,33202,284016,32953,0.014726779485854541,0.019894070533522802,25376.29607785668,21132.089019237723,20730.19684206048,32920.215854622766,33045.55286835177,31989.966959744877
222366,15778,211619,26525,0.023791906198417666,0.0293699129147931,31654.886133980977,29202.97306530151,25862.963871842185,34067.629050987496,33746.885794322334,32854.45698278425
378912,40992,389211,30693,0.00795700716547242,0.011873021163139477,29520.09829609017,24522.415422921804,24901.480549744712,33261.78190196496,33853.95620912973,32970.867916413576
167084,12692,164712,15064,0.0012883040397533819,0.012146866660531885,29099.945667659977,26603.261116322752,26630.20677008357,36908.96752941894,35031.615873659466,33952.2713081908
253123,28838,253482,28479,0.009885810953689999,0.031560583632903365,35407.05352025848,29198.683450510118,26068.76274596269,34142.56554854461,35113.304077602166,33279.457824502075
178632,18504,174366,22770,0.015076598848990841,0.02492502229067034,24688.35753052116,22036.157428539595,24906.94756553676,32258.869947337338,32463.700809787166,31968.442728591188
266691,21678,263536,24833,0.0028657205240174674,0.024188045851528384,23990.75879387776,17804.73757947151,19967.326969217323,32865.429969066,32790.85793129854,31241.211217214015
284705,32264,283434,33535,0.014924299636782105,0.025533139137627215,34051.67988616482,26781.541225288303,24055.43639507577,28556.222681901752,29170.124347788354,31412.120598486075
189539,21142,190977,19704,0.008124404950809266,0.03541732783243415,51000.047670704735,34790.092746246206,32662.972313344428,34577.44648588928,35049.25632797328,34572.22682329127
290887,32874,295230,28531,0.0037521181312030983,0.020334059549745823,32324.82514867162,24020.25754330837,23057.916247021734,32812.38650439232,33177.053869390526,32887.23560560542
221775,21274,212687,30362,0.004353125544140693,0.01886354402460967,43972.44685823209,35092.74538158902,32371.978923461484,34675.40428614389,32420.731568449253,33805.63707695414
441493,41532,439605,43420,0.008896967377786282,0.022637041997512677,31991.41143551555,28594.22824752186,29553.88527042792,33992.20982931998,34980.7282181635,34101.48386487509
228815,26210,229103,25922,0.018141633667925223,0.021917303619117784,42107.22350967211,27387.775017227224,25578.85639174447,34720.327693535815,35224.19805881619,34845.132574595744
328239,37786,331010,35015,0.005370290168904288,0.02624512776093547,38130.412276587966,19014.0793678763,22603.219725673207,33502.72858233701,33570.779218560245,32099.55404807787
