48044,5780,47159,6665,0.01898101898101898,0.029970029970029972,11703.856246424184,10174.976453475452,8727.585521113544,16077.190749430167,15913.114881023288,15663.931465566668
80608,9392,78366,11634,0.016245487364620937,0.028655234657039712,11796.884133501266,16790.758929921067,9063.108157837753,16488.559480606877,16899.79367760051,16618.9075594101
53791,7218,53289,7720,0.022960429897410845,0.02711284807034685,28604.993656059945,10986.330637847006,9030.189746035463,16708.71449537287,16659.66048402624,16144.782631293714
86182,9918,85873,10227,0.023110785033015408,0.016874541452677916,17890.752727233892,11194.03531494492,9282.60807782468,17659.911208946483,17197.91099523808,16969.38949162152
75292,6504,73170,8626,0.009560229445506692,0.02127151051625239,13721.973947636503,8060.881322469922,8670.997237712952,18507.144047718542,17758.408408346473,16905.467527152996
58418,6098,57281,7235,0.02104499274310595,0.0408200290275762,15850.93372470061,9267.948487557042,8844.132529953968,16318.607846460916,16363.573430531636,16479.20432170274
70578,8946,71361,8163,0.02804878048780488,0.032520325203252036,13619.562756441639,8611.679456089074,8830.678462187785,17174.496976690436,17934.57254749578,16726.365725199845
54295,6714,54322,6687,0.00987045033929673,0.025909932140653916,15603.91695239942,9475.718920340543,8509.61596296492,17570.39086984874,17247.555806284876,16918.935836243843
55305,5704,53432,7577,0.007074279939363315,0.013895907023749368,7902.742094213421,11749.472492958459,10070.865554230451,17297.42206380919,17332.97312606833,16837.117373506397
44441,5288,43523,6206,0.018343524180100056,0.0528071150639244,10624.030379455604,14625.327542289542,11915.12064908764,17298.62010148875,17582.15110538877,16707.307197358194
56196,7308,56194,7310,0.043777360850531584,0.03470919324577861,20846.1013666177,12652.263392215564,10308.674476671842,16822.326108721354,16459.693467352183,16520.050590660947
48897,5392,48434,5855,0.024518388791593695,0.023058960887332166,18646.303445965463,17602.996086490937,9304.293954118806,17138.146046978705,17300.459189662426,17035.43604868159
45544,4632,43789,6387,0.00929432013769363,0.03648881239242685,14820.830165714882,18331.486910876436,13489.76567555666,17158.60716405913,17040.48208455536,16624.605285761976
36140,3860,35670,4330,0.011825572801182557,0.037324464153732445,9969.534301345739,9968.516135053376,9426.865612684516,17850.30987168027,16901.11611225319,16224.777543285441
54890,7610,55348,7152,0.033773087071240104,0.024010554089709764,19745.50788649551,17855.774503273446,11104.031174812317,17620.51730466535,17203.755437728963,16875.30838246698
39484,5460,40164,4780,0.031187790311877902,0.037491705374917056,11362.586305085077,9332.241768811446,8535.36068324382,17543.21536596415,18319.220450613157,17500.490292523453
59152,6384,58427,7109,0.01131928181108509,0.02302888368462139,17083.476432668514,13722.654216524035,14046.273884596383,16578.675620134956,17616.649973892614,16455.39581847003
78265,9944,78315,9894,0.009909647333139027,0.03949285922471583,15863.015137534825,13523.981804087909,10797.379998236796,17321.92451409345,16647.041608728592,16499.286645454344
40066,4878,39856,5088,0.016177351707609346,0.02396644697423607,19729.397570080986,14546.076320683645,10273.196729314563,17717.747621764294,17889.08454682402,16686.987059002255
59420,6116,57676,7860,0.023465703971119134,0.038206979542719614,12153.349668873658,13587.624470803517,8227.003707512811,17299.14889086293,17442.150435630574,17087.369298338323
51204,5440,50515,6129,0.02498611882287618,0.023320377568017768,16345.02904733461,13832.225952055342,11589.09594806818,16844.756072833334,17329.91604374533,16231.825670720324
50133,5092,49040,6185,0.014588235294117647,0.03788235294117647,19773.9004356782,12017.950973729508,9955.97008058983,17132.149606918796,16751.091127706753,16199.273133047749
62044,6600,61849,6795,0.012829650748396294,0.025302922309337134,16213.448746691018,10539.618010965118,9091.518238089293,15802.85032181175,16047.315510888606,15431.358077198964
58083,6942,58256,6769,0.007080785323463148,0.03202446089475378,18315.576656405527,12235.561374972778,11346.843572253238,16566.46014947456,16837.36233318693,16143.457501281398
54337,6672,54081,6928,0.022575679835813236,0.03617239610056439,23092.28077358,13866.165532000448,11271.85633451498,18370.73296226949,17780.227635546074,17005.753923518238
49325,4964,47748,6541,0.028281363306744016,0.05039883973894126,7347.826062904817,7416.079692302401,9067.103320753638,17221.647252019015,16801.21515993828,16915.351176060212
52795,5286,51769,6312,0.012805587892898719,0.021536670547147845,13003.448043004166,6343.988521349764,8903.60982788586,16367.436151873077,16411.194771052484,15846.502034018282
50681,5488,49030,7139,0.01818181818181818,0.03063973063973064,7190.742235212397,9246.492625211884,8800.99349462465,15694.381786289861,16492.23313649096,16162.777759993473
61659,6462,60707,7414,0.010752688172043012,0.03791737408036219,19379.23670850208,9373.30649594063,8553.666742583344,18348.478151956973,18381.99864973788,17342.45135240723
38307,4542,37020,5829,0.012337662337662338,0.044805194805194806,15223.73274018971,9422.988498922596,9961.838052536865,17658.3552681559,17400.806975703097,17091.590686714015
68475,6054,66924,7060,0.007992895204262877,0.016207815275310834,12095.475996921123,10239.374625357073,10049.305058595166,16462.40628205869,17044.41817992963,16435.248312032894
64303,5922,63152,7073,0.0046044370029300966,0.031603181247383844,8071.046348721394,15120.750773277226,10391.248729793515,17160.93389426528,16693.768735881953,16363.01166120576
79085,9124,78429,9780,0.0145953118089341,0.02100840336134454,11233.221248235335,8720.260998465043,8603.420555738854,15749.144661578397,15759.363469754631,15066.217459339652
51923,8102,52233,7792,0.027764923646459973,0.04187875983341046,24611.412106378804,15058.311286394974,12516.496335996964,16243.921876201111,16878.971274651434,16604.672055313575
77931,9094,76784,10241,0.015164279696714406,0.02906486941870261,13704.160717990038,7365.978981795825,8251.895725058212,17669.7090439755,17024.14320239386,16819.929062828505
44828,4456,43444,5840,0.00657354149548069,0.0390304026294166,9333.447462491375,11683.91390582624,8176.738559411195,17355.486620674594,17414.146642607368,16674.350116857953
56758,5742,55913,6587,0.014578833693304536,0.0367170626349892,14781.505219315035,10672.94496354749,8354.55748715977,17642.99183113832,18589.892170399406,17326.723349330703
47675,5686,46604,6757,0.015513897866839044,0.026179702650290886,18544.323787338824,13016.916733725577,10147.40530163381,17098.150816348367,16851.79213654316,16636.22974344681
67236,7840,66376,8700,0.009320905459387484,0.026187305814469597,6861.159038421058,12345.41205615243,11080.444822871583,16672.64434669698,17080.603764247968,16430.551247217223
65800,8184,65696,8288,0.004343105320304018,0.02008686210640608,7336.454067022321,7793.184501855057,7596.224507688533,18207.652398061346,17786.699077049394,17107.433073605775
47913,4528,45683,6758,0.015664160401002505,0.03132832080200501,14568.340895235415,11377.220131475642,10330.983505530601,15765.14335517329,16143.304123281127,15754.532314131044
56805,7204,56954,7055,0.017140631086871836,0.020646669263731984,13159.54165264556,10430.12691614773,8608.248751595662,16766.79439885129,16327.170987152882,15717.081901426505
39400,3864,38662,4602,0.020558002936857563,0.04882525697503671,16500.852636729902,10242.856072518793,8670.16391417114,17461.04920763671,17145.547846214642,16885.454525432
67659,7966,68199,7426,0.015021459227467811,0.02982832618025751,9919.637846789094,10051.4932809712,9513.225613485027,16010.99997696529,16149.212673939846,16111.368306504055
78751,8274,78247,8778,0.00986679822397632,0.02343364578194376,14745.322226479602,17142.74379803558,8299.317836507684,17377.37935858938,17014.47580560337,16432.989803536475
82821,8988,81988,9821,0.022829006266786033,0.0418531781557744,13204.697277703432,9198.551720880314,7685.009097805307,17181.97837890743,17979.756236143417,17180.03505145537
53445,5604,52070,6979,0.010982306284319707,0.026845637583892617,10191.427218620911,4915.767735586012,7536.88049794281,16266.649268628176,16667.663689340672,16087.071113245302
68962,8322,67866,9418,0.010686528497409326,0.02299222797927461,11839.134885965905,10640.419938662611,10114.617236093418,17558.061755341903,17398.89471995257,16624.360018913016
56935,7074,56365,7644,0.01042138649750793,0.03035795197100136,9265.010835412519,8684.074430633798,10243.34489317117,16012.1775004565,15924.75917899342,15625.599590960948
49488,6208,49941,5755,0.011979166666666667,0.017708333333333333,15629.55640260526,10722.703642479071,8311.964970164043,17252.4312404549,17341.126658808687,16609.61507355167
56989,6012,55272,6729,0.025396825396825397,0.043764172335600905,13611.02586479857,11836.52067330609,9805.046762267937,17191.845551944312,16439.86686992669,16327.896717717049
86982,9118,85722,10378,0.016243654822335026,0.024873096446700507,8884.431512716948,6362.001131278717,7400.551188571194,15018.525697176057,15046.307269055436,15050.399654994204
91075,13254,91511,12818,0.02201430930104568,0.042239955971381395,9585.178137253522,8007.963779937033,7419.761540319423,17776.476107736937,18236.327949570255,17465.79732464368
59620,6944,58968,7596,0.01691948658109685,0.029754959159859977,12981.692035491073,12067.89800299201,8538.060448213857,17056.24533906496,16769.66706862731,16965.065565578225
67674,7402,67061,8015,0.031875766244380876,0.030445443400081734,12088.255745005688,10234.704925439255,9531.713457888645,16926.64255340519,17478.02821313072,16789.595182333163
63541,6684,62919,7306,0.014967259120673527,0.0313376987839102,14001.519633513017,10733.843364774773,9512.816239669584,16547.62257266212,17626.008427273264,16736.747443303117
72234,7290,71275,8249,0.0101931330472103,0.02588519313304721,18326.914767823087,13912.362635435942,11375.705395004952,17203.20895251931,16781.189716016288,16746.00533120142
99300,9600,96930,11970,0.012761432116270826,0.032435306628855014,10736.245590615083,8847.588676141848,8971.860910110337,16834.883585662155,17019.956648244664,16453.426330101163
56370,7134,57002,6502,0.01273148148148148,0.01871141975308642,10732.018909063794,9944.35971642172,10500.111605150283,16767.9640354015,17447.879131446738,16740.64446253286
50818,5826,50840,5804,0.03231707317073171,0.031097560975609756,6655.015805959658,5643.406526585844,8258.738186822367,16489.261919239478,16526.32511128385,16290.418684805663
57944,6572,56827,7689,0.024005053695514846,0.047378395451674035,7151.384827718786,10706.185951287049,7054.224602145645,17430.699294234204,17025.46629788984,17076.71162214972
61954,7742,60989,8707,0.01762114537444934,0.04454233969652472,11293.671312815517,10041.01666403421,9468.632553323667,15436.118736447976,16034.691596174289,15781.172008242842
79660,10340,79759,10241,0.019163081736409855,0.028353539303871723,9992.981957338365,6583.779792935955,6868.690804170695,17185.878846224896,17209.671408119837,16523.782623699044
65519,6842,64098,8263,0.017146776406035666,0.02194787379972565,15628.689734350299,10905.234381142262,13547.848562777554,16811.991305129603,17028.455217982842,16632.85924082113
58017,7008,57969,7056,0.017205781142463867,0.01686166551961459,15812.367089942229,5181.182337099732,6958.743065389154,15956.371353502194,16642.512549427556,16436.491062420962
78612,10192,78414,10390,0.02611218568665377,0.03433268858800774,14137.557097288256,6945.271033860302,7856.50084079502,16364.961016427234,15962.986057147942,15804.24287791027
69103,6522,67697,7928,0.006808896958692692,0.03449841125737631,18035.05998154146,13624.7618676841,8729.723435766793,17921.63696012639,18150.49270359176,16948.701725458755
71135,7826,69140,9821,0.024189397838394237,0.03731343283582089,7650.604869116869,8839.736361487707,7766.394746417375,16717.59284300172,16428.129799889222,16226.730004799729
61543,6578,60453,7668,0.008353221957040573,0.032219570405727926,13543.51464769832,10233.422639158847,7739.747039240068,17602.235168568113,17577.505786336947,16889.636101733842
63758,5938,61536,8160,0.021184778344448804,0.03158101216163201,16224.690795696548,10421.981347227233,8906.710415787566,16572.88860829203,16259.112272545231,16184.15285743864
52547,5534,50039,8042,0.007700770077007701,0.035753575357535754,15713.755709779756,9631.624059050984,7268.8528873975,14607.967537889195,15421.63201026566,14884.604173929096
55974,4542,53635,6881,0.010473397570171765,0.01864264767490574,17326.851781462712,11115.076172079198,8738.621303215077,17006.90118408757,16371.913307465906,15840.298044957892
32693,3788,31922,4559,0.03450920245398773,0.046012269938650305,13180.500091649692,11880.638813473697,9846.073554309547,17218.3811642948,16419.933235572276,16530.712173684253
58078,6438,57139,7377,0.014625228519195612,0.02254722730042657,11649.249177020742,11166.368635205768,9144.274273499488,15603.608912123269,15930.101945546669,15552.847379983861
36053,3548,34678,4923,0.025423728813559324,0.028601694915254237,12119.970308124039,9943.02766803566,12226.43807770579,17827.279994687666,17672.817837128838,17451.99402316172
66986,5914,64935,7965,0.014001806684733513,0.031616982836495035,16776.8256265164,9643.272479684798,8068.281749749218,15940.738108571879,16814.63584250536,15342.105846301361
54327,6682,53354,7655,0.014317180616740088,0.03441629955947136,16197.657283996781,10965.110578213511,10446.230873069822,18070.982781275026,17350.154440315237,17637.045686652567
65417,5872,62240,9049,0.014737991266375546,0.048307860262008735,10412.583533421299,8710.193610215349,7701.073578438183,16173.800298133294,16828.97164355812,16180.473221152866
58991,7058,59012,7037,0.019568151147098516,0.03137651821862348,10462.739794448846,7888.084077452945,7906.223021465728,16177.857491721312,17206.943689242664,16835.85453867691
64798,5958,63097,7659,0.007739938080495356,0.03560371517027864,10474.421065707202,8717.395275281258,7581.607285831558,15848.892699757162,16355.913830543568,16302.527328765838
81521,10288,81350,10459,0.020875150541951024,0.016057808109193095,10891.924264301546,6895.84817961388,9400.301794288986,15835.754255879496,16726.599729354002,16661.568511981677
44734,5442,43708,6468,0.02088167053364269,0.02923433874709977,12908.583232265106,7943.806687174201,10159.299262497265,17122.39679219486,16965.32472405685,16721.47727170064
61546,6054,60431,7169,0.007194244604316547,0.03261390887290168,14881.74658768732,10005.188000096683,8858.161055461138,16007.088276277498,16036.046549162042,15643.933704172196
73464,8332,74108,7688,0.015523932729624839,0.024363949978438982,10280.992280074728,8802.879974783846,7586.368877940731,17326.879057170347,17802.81113084704,17383.603322413568
57077,5924,56858,6143,0.009034443817052512,0.017786561264822136,7361.244835336252,11628.689285059125,10774.66742488634,17987.49893359128,17576.88291663393,17176.98111330002
49757,4532,48008,6281,0.008910212474297465,0.019876627827278958,6443.656800055106,11764.307607251141,11077.767889952462,18441.973552025516,18629.03114352635,17748.647889457894
56908,8628,57742,7794,0.027286508337544216,0.03739262253663466,12328.859057274101,7911.992985316601,9441.916027375924,16912.515289322953,16967.478296917052,16367.90551059234
57356,6148,56750,6754,0.02107164358819988,0.03281155930162553,20606.199238256868,12121.466861401022,8633.733722478428,17685.272909588664,16582.88614379483,16281.679591876826
72299,6662,71069,7892,0.01646090534979424,0.020118884316415182,10646.923822733086,12840.800995977457,9701.08825204423,16892.95559036384,17504.8191140205,16491.899732037946
55728,6772,55574,6926,0.004403131115459882,0.01981409001956947,10026.240252482197,13614.97100130034,10403.437066074519,16889.655918112017,17487.805642770767,16278.887297322104
63540,7216,63224,7532,0.01981132075471698,0.024528301886792454,8443.817848475901,7202.495436466507,8475.366901329779,16344.316023894296,16499.87386795664,15832.143844678
60981,6100,59001,8080,0.011283497884344146,0.03361542078044194,4280.321954379943,6950.078176908706,8621.022720256482,18324.570410531007,17339.38713446886,16754.053564897316
65569,7872,65358,8083,0.021080368906455864,0.022727272727272728,22016.003311575838,11787.678115060664,9790.64450394125,16374.182519896432,16107.651918636171,15577.487090035083
54772,6732,55212,6292,0.007411630558722919,0.01539338654503991,8659.669137824998,11066.192198287636,9417.42165195127,17316.366908779746,17467.19319933962,17080.662142074998
49361,4928,48772,5517,0.023011176857330704,0.026298487836949377,16956.17777601783,13333.555736476355,11624.15714615799,17048.34726701442,16524.67997637748,16637.247783598792
39872,5072,40083,4861,0.007912355447352405,0.023128423615337797,9314.850094390005,10865.549972450452,9527.505491007245,16677.701455577975,16681.82222178338,15954.804898563538
60428,7172,59609,7991,0.02443133951137321,0.04654591406908172,11764.275701687791,11454.356102521986,10428.20265085465,16828.160758599148,17885.17886292818,17143.47120530044
60381,6700,60654,6427,0.022593764121102575,0.03840939900587438,12938.462206791912,13111.589497204051,9350.239437930075,17687.0110726214,17067.470742296857,16795.391995628288
66088,6812,65105,7795,0.02418207681365576,0.0301090564248459,15263.869348982644,9809.312787200084,9500.303398041784,16760.519850970857,17462.370414381046,16462.246584724937
61960,7736,61581,8115,0.019514310494362534,0.045099739809193407,7584.268413582134,9447.265226812171,7375.782821496099,18464.242322603957,18177.681819470923,16968.986435565956
60821,6260,59525,7556,0.017013232514177693,0.026780088216761186,13815.244021804256,10599.930237521205,9229.961407965278,17962.89831008677,16646.816270183146,17122.237228230366
61831,7338,62010,7159,0.017167381974248927,0.02074391988555079,8970.491412730878,6908.473830980204,6655.708418061507,17628.70209581451,18414.559848707435,17109.94881366754
73180,7476,72690,7966,0.004895416110369382,0.0258121940364931,12358.670692506357,6208.6660083052,7814.541715748332,16523.68880936571,16316.419871493521,15687.08318540984
58015,5994,56745,7264,0.010579771476936098,0.042107490478205674,16969.867272785035,11865.234193776814,9208.695387795857,16506.469662816075,17371.37368689456,16603.377962155977
36837,3564,36372,4029,0.003947368421052632,0.037171052631578945,14698.03189781047,12764.988359933563,9994.59382003435,15812.547614608951,17006.717717468015,16366.311899918022
64362,7462,63463,8361,0.015295717199184228,0.03416043507817811,15081.98704761157,11597.431904674942,10349.537889681926,16853.4564440133,16674.230986717736,15964.934853790448
43745,5096,42936,5905,0.02544378698224852,0.03017751479289941,9747.855524158742,11012.375381681059,11686.131204385947,16836.256026210627,17527.42994117547,16548.27051476575
57756,6760,57673,6843,0.007562277580071174,0.016903914590747332,14880.819215988595,6440.613033496219,9621.621289706278,18230.180157390136,17755.688103787037,17376.859355732333
67846,6138,66668,7316,0.011136890951276101,0.02111368909512761,13305.897675519329,11459.003448329653,9926.733584580108,16495.786212516898,17037.844651814747,16232.131892545545
59732,6832,56925,9639,0.01168348380244291,0.03478491768454594,8937.241788118898,9492.791155127403,11143.971031734041,16976.250637224643,16271.865426913388,16422.23339618787
53022,6514,52669,6867,0.016153457849570924,0.02675416456335184,14394.958267753334,9173.140044817355,8543.37127797761,16446.24946188348,16530.554904566463,16083.233943259505
76973,5396,73588,8781,0.001228878648233487,0.009984639016897081,8658.476225044613,8929.561152045979,10871.072054611275,16442.799084254533,16952.161631572864,16306.140256133333
73847,8522,72819,9550,0.011697860962566845,0.02606951871657754,14800.818988160889,8736.481799364132,10625.325126551032,15834.506917769693,16460.538755245158,15522.689664634941
68156,5828,66157,7827,0.008908685968819599,0.031180400890868598,8349.467482417065,6976.7624850781,8929.69750467285,17149.564649418768,16794.711364769144,16152.934427804656
64688,6068,63557,7199,0.02148106274731487,0.022894290559638215,9739.028239963165,11188.034251743376,8580.509613365344,17368.92720153975,17019.84639575589,16424.204400364004
90245,7724,87952,10017,0.006625097427903352,0.025136399064692127,13501.075523776906,15176.191358928887,8519.713432805522,16280.29389334834,17111.578603745023,15767.117607575097
66716,7268,66268,7716,0.040214477211796246,0.04664879356568365,8275.920397710282,6169.352124431475,6991.767745694235,16189.86581470813,16375.012999228833,15859.419530024974
60541,7580,60810,7311,0.0281767955801105,0.041712707182320445,21918.850446084627,13963.006992630422,10839.441356573592,17911.784891187297,18111.536380616464,17551.480298415267
49361,5864,48981,6244,0.01485148514851485,0.027227722772277228,9589.825500722098,9444.79742900227,9085.194190126736,16518.908742259766,16578.49090631637,16642.47674438959
64159,7130,62876,8413,0.010935601458080195,0.02875658161198866,16319.914177038883,13820.444809637593,9654.96087367549,17580.136768329136,17167.447902495034,16831.392006254464
59625,5400,58141,6884,0.01615798922800718,0.02549371633752244,17068.4911940729,15404.913591114007,11072.544849164013,18304.278284652646,18058.722839351623,17306.93849689108
45718,5358,45537,5539,0.00933237616654702,0.033022254127781765,6919.047653027233,8315.27068515871,8575.149347170625,17352.42353770423,17141.98306457419,16363.676626222883
67397,8228,66492,9133,0.027446918694976695,0.033661315380631794,19573.16659973768,9578.83598666222,10298.939706214622,17313.194099113523,17255.818367307533,16445.245179449958
63940,5756,63389,6307,0.01088646967340591,0.03602903058579575,10306.43555506179,5491.792270402888,7599.261799251186,16739.1846522917,15372.10462888084,15360.543480694892
51497,5624,50296,6825,0.011921793037672867,0.015259895088221268,15625.919369282794,21290.47710931066,12070.112628749039,15911.402471503932,16529.067362807964,16153.696273074089
63979,7310,62713,8576,0.0157251019219569,0.030867792661619105,12938.991887385328,8488.294089553316,7153.299980604187,17850.760884639363,16655.871320811682,16279.790788927372
55766,4750,54062,6454,0.003146303093864709,0.0356581017304667,14817.579860851676,13430.093511180654,8514.703848416191,16964.481884881134,17185.926173869164,16818.06313285398
85935,12034,85968,12001,0.03400174367916303,0.045335658238884045,8035.884241815554,8707.371427666772,6955.957741054875,17112.250267445594,17608.79274614746,17031.876197192123
73095,6994,71675,8414,0.0099524015577672,0.02617914322803981,10295.918496730403,8071.2070055386375,8129.545754970476,16415.93186608912,16427.865932213495,16022.865470789728
49667,5558,48643,6582,0.010241704219582138,0.03277345350266284,14474.830011769864,13203.946244681409,12319.145343185452,15998.17716553405,16397.93434122777,15888.488104372687
53745,6280,53282,6743,0.010039040713887339,0.025655326268823202,14131.36976865604,11150.866259692562,9458.743248117691,17069.948565010545,16635.105451882766,16187.967451376107
58908,5608,57388,7128,0.012682010333489901,0.03593236261155472,25501.45093273986,14319.072216211383,8268.149307741945,17301.21844963335,16761.27338431257,16550.527617992437
94507,9822,93923,10406,0.014004542013626041,0.019114307342922028,17179.823579566168,13454.687797360159,9081.584674704281,16788.943849353553,17231.363453918053,16631.277746692147
62909,9452,64971,7390,0.012023000522739153,0.03319393622582331,18061.631488010255,9389.86619027402,10332.447593693267,17422.030976855986,17593.06591315876,16854.64433859799
50030,6614,50251,6393,0.01566951566951567,0.013532763532763533,11664.714673209486,9759.36426295043,8373.11026784939,17404.007909154232,16864.615101266514,16506.183515510573
78550,9066,78089,9527,0.01740294511378849,0.023427041499330656,15092.885363320378,8615.606928538507,11622.11978200125,17961.029488069336,17679.467276537696,17129.00554849344
65441,6920,64279,8082,0.022203602848764138,0.04294093003770423,10247.486588190866,6437.381178475959,9522.663945059145,17010.734041468724,16943.37374356204,16068.12196956485
39166,4934,38058,6042,0.0056657223796034,0.023371104815864022,14347.853660702078,12368.341345094517,9680.167746222327,15790.991978914542,16113.40609977443,15757.882419550424
93127,8634,91427,10334,0.014580369843527738,0.0346728307254623,16128.3503894163,10474.10955930637,9559.464693089545,16701.03258813468,17375.386659071522,16762.32908120782
68745,7984,68142,8587,0.027212681638044914,0.020607661822985467,18989.65475780576,13252.859891754511,12833.456800112719,17550.72369077985,17144.10601070544,16640.03127995376
54751,6258,54431,6578,0.008017103153393906,0.027258150721539285,9683.895932733092,7932.219001145421,7669.898749600429,16220.820932958788,16744.091750009724,15835.31101830823
55397,7604,55410,7591,0.01857429718875502,0.020080321285140562,8165.786453146789,7135.15820014446,8412.03189705591,15002.788341159065,16015.551550669588,15332.803192339012
53303,5746,53345,5704,0.018412698412698412,0.029206349206349208,10612.918570883317,7966.196353844606,7987.209140775319,15648.52900791992,16288.058289804503,15502.678261383147
68686,7490,66290,9886,0.027360308285163778,0.055876685934489405,9532.890365632156,7471.737906464764,7930.229089771755,15575.94211327835,16704.239066783724,16483.267935642958
65204,6620,64353,7471,0.020933977455716585,0.026570048309178744,8480.576923302388,11208.363389357597,9348.296018970246,18439.407082843703,18478.371172040483,17383.503741240267
49083,5206,47494,6795,0.005226480836236934,0.040940766550522645,12422.069501343394,8056.60937458912,9180.794497620796,16521.90647700996,15995.094159382681,16163.786159566882
62190,6454,60918,7726,0.01575262543757293,0.03150525087514586,6818.073834909891,9545.7392962382,7874.892450748467,17399.874421141027,16555.577159993045,16157.270146594314
60049,6000,59329,6720,0.01566820276497696,0.03087557603686636,13288.585634061472,9844.186650026622,10794.936706742774,16316.817032679412,16154.815313517018,16153.653622020185
77507,8342,76189,9660,0.009345794392523364,0.029524214103653357,9957.47696123618,7552.281484803173,9015.744623519366,16676.604602697596,17736.764171940657,16787.486969634858
69163,8678,67804,10037,0.015234613040828763,0.031992687385740404,12324.526450513662,10146.808705535437,8964.208838783652,15974.557485351517,15946.940312602952,15761.19911949328
45731,4894,44306,6319,0.007992477668077104,0.024447578749412318,16949.4380006158,16051.170137700316,12783.873110916402,17875.365916791696,17473.287101045247,17790.624806481515
63872,4772,61933,6711,0.008486562942008486,0.032767562470532766,9914.008365015732,9468.67915635681,9900.8222917834,16754.10555468441,16246.346734243167,16485.805576533086
70189,8772,70671,8290,0.011646373742721016,0.03838009528851244,16589.791164252525,12958.714955031332,9943.78410443275,17462.702632545475,17927.3811852468,17025.86478112197
40833,5392,39743,6482,0.013636363636363636,0.02878787878787879,14377.179455930424,15441.946962292366,11742.58626848514,17331.9747211382,17529.673258949788,17024.938080442036
55016,5500,53431,7085,0.005213764337851929,0.034932221063607924,13829.948881807184,9328.917711382366,10049.778919507913,17130.639541004475,16925.07089073254,16611.486146034895
56448,7056,55949,7555,0.02428909952606635,0.03376777251184834,10585.204118032847,10436.44727979368,8428.467769907435,16691.369093265235,16818.837113005735,16347.968029570691
48535,4826,48056,5305,0.015456989247311828,0.022513440860215055,10925.392966786776,8934.804849724744,9391.867638267002,17617.57065898778,17640.148633594068,16836.955726170116
56762,6742,56238,7266,0.013918629550321198,0.03640256959314775,7947.2385804548385,5803.147317729878,7068.64071753286,15709.30260775216,14969.52145028645,14944.775504254663
57869,7156,57583,7442,0.011461318051575931,0.027459407831900668,11940.017426499297,7935.533662976006,8773.967641979598,15522.483722692985,16415.34865870586,16120.850609560799
80799,8602,79157,10244,0.018482864844050827,0.025221409318444358,9430.821071879205,10472.576370483652,10339.754803872635,18041.7642412974,16880.686277873006,16286.871551476459
44960,6116,45934,5142,0.018355359765051395,0.035609397944199705,21170.428483946333,12979.357050420102,9225.118923854228,17661.346599498254,17589.558425624753,17240.180992516354
73630,9314,73465,9479,0.00913937547600914,0.027418126428027417,5355.80828680035,9044.909354396625,7688.394925369016,16447.513946805,16397.742615259995,16761.589099434786
56750,6754,56340,7164,0.015070491006319884,0.02552260573650948,9958.851261161288,10434.53743464215,9804.569806945732,17264.97040258166,17824.112593600872,16482.142098241184
75085,8436,73519,10002,0.02515517804639007,0.03626265926167919,16468.32827622292,13287.575710484196,10847.806514566864,17268.995815043254,17467.1092987309,16710.559356575883
63158,6538,61992,7704,0.017637626937466594,0.03768038482095136,10509.122205276606,7327.590207105776,8757.481888130187,17006.833552566673,17579.21283243274,16842.440680482177
63190,6506,61754,7942,0.01607142857142857,0.025669642857142856,14663.198117595968,8469.634657469613,10334.019249216131,16033.064423904592,16026.444258030831,15913.721619981969
59952,6612,59770,6794,0.008819538670284939,0.01662143826322931,16207.914385361193,13829.820082497225,12133.69468692395,16114.465934777023,16450.87741924659,15830.404898684923
73017,8208,72483,8742,0.023896103896103898,0.03532467532467533,15879.668498732584,10725.999642620756,8071.460766223585,17603.98465653613,16993.38938688575,16447.548950075867
59521,7560,59319,7762,0.01820187534473249,0.030060672917815775,8876.608336884396,9616.014237604491,8045.086376821608,16039.41114381372,16120.437202927978,15944.017765607723
31136,4964,32031,4069,0.005543237250554324,0.018292682926829267,7544.3806900428945,9991.560532921625,9860.364137175156,17202.195291329466,16733.36640750245,17176.64983664158
56363,4646,54705,6304,0.007055805003207184,0.01763951250801796,9530.990089453673,10747.061363096134,10075.947078798501,16373.863402678722,16411.708566940597,16344.862020257578
89119,8850,89148,8821,0.022528735632183907,0.023448275862068966,15742.982555804798,11886.323459879002,9783.295053808122,17986.165856288873,17787.441031400773,17613.689500503013
57777,7248,57618,7407,0.025321888412017168,0.03819742489270386,11326.098166206477,10953.366292983257,8574.77530393947,15349.676744010403,15837.710011444338,15535.250637521991
63543,5626,63046,6123,0.004627249357326478,0.01696658097686375,21980.447037259986,12853.411881436694,9861.10424358667,17209.093515743272,16956.276098030867,16891.138585049204
46810,5174,46129,5855,0.01186178442496132,0.04357916451779267,14506.305427857444,13021.439178258192,11635.417191811068,16689.775130740996,16344.70529629952,16538.646423733913
39199,4482,38504,5177,0.029142381348875937,0.028726061615320566,7454.855610934712,10382.13438692939,7982.022938529711,16077.087257422503,17033.327968528232,16379.526322610207
61820,7876,61627,8069,0.011183048852266038,0.015597410241318423,11949.897430167883,7714.648565535237,7927.98134795024,16554.02990351014,16045.86857344542,15673.089656658782
67438,6546,65690,8294,0.006442021803766105,0.02651139742319128,12981.460381102866,9987.180023122157,8159.986384196226,17407.100689108993,16952.327828231668,16524.300604153912
49362,5394,48658,6098,0.03445664521014767,0.04051495645588792,13438.150988500585,16406.42787399649,12919.61055248771,16020.439308515419,16575.168406588855,15870.65656244381
40752,4192,37919,7025,0.017228464419475654,0.031835205992509365,20653.695611928146,11155.503615691747,9773.774858544706,16581.050397282987,17165.889722347467,16427.07091738308
53601,5448,52711,6338,0.012306289881494986,0.03919781221513218,16594.679688704815,11538.81744648551,10714.675708373874,19021.24042035989,17582.180793025917,17054.125556361178
41566,5958,41736,5788,0.03914590747330961,0.04875444839857651,11582.491248187282,10135.53364778888,8185.433537628569,15396.218258110654,15942.592740626858,15629.284013611075
53824,6692,53937,6579,0.06280487804878049,0.03201219512195122,11858.867006496417,10326.312805173431,7732.625420304261,16245.075946746389,16340.144498177337,15729.955895092202
64255,5970,63002,7223,0.007818052594171997,0.0353589196872779,11624.326208106802,8042.3771665472495,8179.490195098044,17633.01400023176,18498.367297761124,16909.88147034527
59614,5922,58785,6751,0.010666666666666666,0.030666666666666665,12265.664611340939,7676.816660591732,7502.818758655298,17868.50405612199,17510.605313974404,17148.29059390957
50960,5684,49818,6826,0.019584569732937686,0.03887240356083086,9589.264116538096,8953.21803617439,7701.949933342719,16642.328172776157,16665.38843833208,16351.21301941298
56992,6512,56445,7059,0.029339853300733496,0.0421760391198044,22907.817399212618,15800.366561310177,11549.595070567193,16391.534751146737,16432.033920065864,15683.04429706681
64896,8004,65105,7795,0.012751348700343305,0.03089749877390878,13301.227426549147,10127.862433231272,9541.598998813135,16128.073884576015,16768.309315400715,16065.173672214669
55499,6502,55889,6112,0.016959798994974875,0.01978643216080402,18556.312223043882,12655.303545331753,9645.2427131547,16626.68619451799,17031.33529474317,16452.868308304085
46374,5610,44762,7222,0.014311270125223614,0.043530113297555156,14427.102321809076,11939.707014670312,10160.762940854716,16538.356552430778,16609.755386326906,16113.82753699323
63472,7284,62870,7886,0.010076775431861805,0.022552783109404992,6154.210107625854,9063.067836015161,9765.854342855899,17723.96760746468,17880.63331600943,16965.24024988405
63843,6382,62594,7631,0.012507817385866166,0.021888680425265792,8794.296674462003,10313.478206761842,6902.395966155533,16793.55492453824,16694.302287987284,17047.236518793936
61258,7386,60324,8320,0.008645533141210375,0.02521613832853026,10389.487950734192,8852.586377796348,7282.332207917406,16681.71345046317,16953.320822344704,16452.445658951194
58655,6370,57893,7132,0.021475256769374416,0.035480859010270774,8722.445863983643,9739.558184987609,9158.162510434302,15330.23125490308,15616.794013655552,15492.993268752623
69361,8480,67798,10043,0.016923076923076923,0.026346153846153846,12363.390759278187,12267.548021570392,10733.049128693863,15853.950582659147,17096.18415120475,16317.604204830068
44791,4938,44037,5692,0.009876543209876543,0.02962962962962963,7786.24297238436,8071.069245697041,6837.94756167929,16375.991647878873,15908.453772779601,16205.613274678484
53284,6252,52914,6622,0.013797240551889621,0.026994601079784044,17810.458935186944,13001.76459242397,9539.866266381941,16619.731437346843,17007.6926568115,16301.507106073523
39898,4202,38322,5778,0.02391118701964133,0.04099060631938514,11128.818678896312,9085.441972883213,8386.756278331512,15599.553491194356,16058.697804759702,15431.167132123925
50275,4950,49403,5822,0.014072119613016711,0.016270888302550572,8864.674482080598,9149.34410816656,9946.884301677397,15506.80682288881,16347.25804084237,15830.980116274239
76382,8882,74991,10273,0.02554097197587797,0.02092940759134445,16576.39175896968,8362.025341810879,9517.8004197392,17526.63493523798,16560.28155667052,16484.861141822737
55026,6478,54318,7186,0.01996476805637111,0.028772753963593658,9010.713367513192,9778.4519528188,8270.629670916634,16419.99763551327,16884.578262297484,16437.563589177094
47962,5862,47467,6357,0.005734767025089606,0.025448028673835124,12260.111327441457,11465.053199928785,10499.611271481657,16637.08496720544,16930.255820511786,17238.98665326707
57572,6944,56984,7532,0.009582863585118376,0.02564825253664036,10270.326046544467,12435.08322709147,9731.72075821676,15319.760142128716,15457.762004987866,15416.764332467386
61944,6700,60421,8223,0.010460251046025104,0.027196652719665274,12874.524361294038,5879.061870524258,8637.771788492724,16795.55893214147,16682.605564941518,16386.65935042878
74346,7450,72553,9243,0.018602540834845735,0.0426497277676951,21380.72340618253,13390.762860135053,7817.626559182956,18585.15962789466,18161.874427273244,17319.533609949336
88374,8970,86351,10993,0.01314596554850408,0.03785131459655485,6737.20657115679,10216.170544259247,8912.357092389433,16140.94527733719,16127.946622300797,15956.860138088847
57140,6364,56223,7281,0.008306709265175719,0.024920127795527155,4075.3273058328487,7598.278259985044,6693.741659549205,16790.825973256957,16227.060779475516,16682.72075251798
59172,5344,58028,6488,0.006097560975609756,0.024085365853658537,4425.511077826796,7567.590163032688,6940.280739700466,15838.692422746815,15117.664067491094,15202.658753482146
77375,10834,79372,8837,0.020009095043201454,0.021828103683492497,12321.57082493453,9438.047671205059,7202.795749130229,16605.856417754196,16259.73746529135,15786.850184744852
42168,5356,42034,5490,0.016776075857038657,0.01787016776075857,10885.599318663222,8399.140677489726,10202.44560316314,15938.399722018641,16447.727552539967,16621.720969995124
53563,6462,53267,6758,0.020506634499396863,0.03618817852834741,8012.480969317756,8769.528704371916,7926.178574677835,15993.040901094097,16016.461714971008,15700.04634075956
77976,10828,78977,9827,0.023472099202834367,0.02723649247121346,15306.539071137859,12700.216639436067,8078.183074699674,16524.811991880244,16447.60448766972,15949.993817860874
69456,7828,69191,8093,0.010956175298804782,0.01693227091633466,11243.70471246131,10087.814640186296,7930.469181224579,16589.933549374666,16792.34581397837,15971.200643007436
58212,7324,58918,6618,0.01362281822051937,0.017879948914431672,11423.261939249409,11064.030480848256,13190.889941024432,15605.377102990184,15515.771054744146,16149.320619171507
62088,6556,61856,6788,0.01167728237791932,0.021231422505307854,13480.181428326696,9122.959724447148,7398.4750368526,16802.424566744026,17450.655107226063,16260.488257433257
55275,6726,54992,7009,0.011117287381878822,0.01556420233463035,12632.245863781105,8325.133145127353,7156.616990616233,16266.036260868503,16029.915958398708,15621.456255956507
72763,10758,75224,8297,0.020954079358002677,0.01649576460098083,13428.028488869932,10064.533991591823,9213.305474792434,16934.57229390295,17397.890769282214,16436.48662390777
48666,5158,48269,5555,0.02278481012658228,0.018670886075949366,15073.388566347629,12540.780087476605,11434.35238379811,16599.621485617896,16811.74676369921,17141.263313878153
55575,7426,55780,7221,0.010638297872340425,0.01904598490048044,16203.18338062132,11630.310373037353,12059.952054995589,17153.883777345593,17420.86975495002,16765.402714960634
56326,5178,55440,6064,0.013123359580052493,0.03333333333333333,9471.08482016025,7641.370435766305,7438.394012773107,17540.350556418187,17612.544428470806,16997.10619915355
70867,6974,69089,8752,0.011799410029498525,0.02296670880741677,11331.050875402148,10449.57178081979,10111.362445734185,16755.939855901983,16581.87835590823,15957.538979056833
63374,8450,62566,9258,0.022674687644608976,0.04257288292457196,14998.471199970008,13412.413188734978,9689.21564221593,17555.492269070583,16984.86330334942,16894.203531032883
58868,4636,56722,6782,0.005532503457814661,0.019017980636237896,6863.318372661514,13738.662643909867,8604.34844269699,16613.09128130397,16279.111606720282,15884.134898537895
77199,8650,77053,8796,0.020215194000652102,0.022171503097489404,17293.51977537697,9903.853192391964,11080.573372726083,15683.330334690954,15293.867897296044,15562.343926169231
44574,5602,44153,6023,0.013333333333333334,0.03968253968253968,11710.855984288126,8290.993832420327,9483.16539722729,16927.96153144564,17333.530363232967,17142.540083430602
50472,7128,49599,8001,0.013610888710968775,0.016813450760608487,12731.112925834139,5252.608186540477,8753.775053391475,16119.737993367495,16169.084901384687,15760.357626861654
64972,6852,63749,8075,0.011505273250239693,0.028523489932885907,16246.933392116609,11348.56175331943,10618.739000024,17039.51790922805,17251.173495060695,16586.047291779167
51600,5044,50525,6119,0.011791128579449747,0.020494104435710276,9277.536520675048,12041.903279270426,8196.546544052864,18402.442791132577,17097.73535130115,16757.772982084818
71570,6830,69663,8737,0.030183727034120734,0.04243219597550306,9538.39155206548,9908.547000683882,9403.884077678822,16613.369390484364,17235.338198830334,16365.590074018306
44913,5712,44919,5706,0.025166543301258327,0.030347890451517395,7328.469157005705,5593.400320573281,8505.85670106631,16228.022478716706,15501.609639270288,15872.738735323115
70754,8770,69987,9537,0.01071602532878714,0.03190452995616171,6379.397167835531,9870.241615750305,6750.632204175244,16334.991206501816,17010.122181867715,16104.568455120901
48818,5938,48432,6324,0.015780245470485097,0.024547048509643482,12985.798913317874,10903.484556522557,9533.938847790241,16027.75334157086,15988.761887592489,15932.671288312804
62616,7080,62167,7529,0.01327433628318584,0.028761061946902654,8271.469286319432,8599.104154898228,8227.882974733102,16496.079368145598,16579.716393139937,16592.32993412873
43004,5396,43082,5318,0.013932868904369854,0.021849271690943636,12486.924667971325,13321.393354403452,8734.946200925811,17184.189845330573,16284.198984911445,16210.373115660504
48464,4436,47096,5804,0.02611775121735281,0.029659141212926073,7397.744191234925,10556.332248427692,10287.745161216684,17774.388790739198,17171.385108644597,17249.89447266529
53770,4794,51955,6609,0.01427644386761843,0.019143413367942893,6194.265532113758,12448.87130601722,8011.829375982754,18024.961294057088,18395.193103318754,17453.884097061473
68506,7670,67787,8389,0.012352032938754504,0.03885743695316521,13753.877338970837,9785.609465211664,9799.829646552223,16470.373817139112,16720.41758959661,16232.683190775653
56502,5998,56063,6437,0.015352407536636426,0.028611304954640614,17245.530482927283,10631.991379066045,8775.14566992844,16859.245416003658,16896.202744946404,16751.10421342885
59114,8486,60331,7269,0.050936768149882905,0.04859484777517564,14420.330035430085,10355.083733962962,7610.046199005619,16525.677040008813,17259.181616161335,16363.028370223525
55123,6878,55310,6691,0.013107591480065538,0.01829601310759148,19672.42048502548,9669.02597892679,11282.641323740387,16654.599101028376,16956.3797348065,16426.97224715815
65786,6038,64012,7812,0.01568415359653867,0.022174148188209845,14452.626733708037,11789.629142974985,7735.95016829826,16109.35902521984,17419.807723460057,16124.457063492882
43022,4502,42382,5142,0.018477457501847747,0.03325942350332594,9312.145715814288,8665.921894939207,8845.508065060487,16154.835455035538,16265.478797560563,16107.120810200751
52609,6440,52276,6773,0.016885553470919325,0.03306754221388368,22915.646379707756,12395.681906091086,11937.258258321097,16210.669888607543,15871.386971260228,15675.202339942602
85099,9150,83952,10297,0.014382845188284518,0.02549686192468619,13327.581598345185,8874.812138610376,8730.33893901387,16172.194211060096,15756.597705320717,15385.618647885394
86090,8774,85725,9139,0.01056125528062764,0.024290887145443574,11219.315690410285,9171.445879493513,10082.33405843483,16770.937191040222,16864.130474314505,16390.583752589904
75206,7738,74184,8760,0.033367556468172486,0.035677618069815197,24461.91568476366,14829.652687976894,11556.376602226077,17217.231171648593,17039.810886193103,17241.953806969213
56013,6988,55839,7162,0.013193812556869881,0.028207461328480437,18132.824684045347,12051.80174691599,9581.523235550181,17811.35264104214,18460.722853348027,17213.979135236703
52460,6104,51902,6662,0.0063976377952755905,0.021161417322834646,17700.64901636434,16782.411441737855,9856.103431041209,16704.996601280378,17355.82243828586,16318.942535317914
57500,6004,56894,6610,0.009625668449197862,0.031283422459893045,8264.312358287867,7022.3605658816905,6882.323389855849,16992.741369915922,17253.122892721774,17210.047323827184
63699,6526,62752,7473,0.015285599356395816,0.03479485116653258,7971.116409649799,8550.615429648791,7287.145173492499,16364.071542355567,16795.37504139334,16017.603323109523
50339,6782,50078,7043,0.02076603599446239,0.049146285186894324,11172.04334864887,10025.693504661363,9410.920590892752,15458.186371051428,15563.695691319004,15425.740063009516
69910,5166,67842,7234,0.01786511835640911,0.03282715497990174,12056.829719703986,11886.932778035713,9625.19898500587,16351.881611747944,16274.39808390857,15694.695640133448
55775,6226,54952,7049,0.01013684744044602,0.03598580841358338,8985.135675997426,11558.502215462178,9740.956458832417,17297.243797768475,18059.9516366004,17492.14571401997
56185,4824,54613,6396,0.008412197686645636,0.015509989484752892,12450.23380916574,22820.906986010643,8922.668650520982,16031.194278990031,16984.422266548918,15987.304980518727
53340,4260,52651,4949,0.001525165226232842,0.012201321809862735,14559.01127443873,9327.21516853998,8883.197842688149,15627.590470899284,17140.610150085675,15579.43138731536
41255,4114,39037,6332,0.010997067448680353,0.017961876832844576,5462.8317641320255,7343.415611143692,9231.419921430172,17200.79767088918,18087.14118284703,17069.88220494994
54130,6386,54311,6205,0.018767849857201143,0.02182782537739698,20808.6291024731,11629.469123123428,10939.246739859824,14889.440682964667,15656.40440621144,15191.61575230773
44024,4376,42966,5434,0.012459016393442624,0.05901639344262295,19753.38293504269,14200.676623733762,11097.861305396014,18358.551294081415,17841.770688039465,17486.656372453235
67693,9036,67438,9291,0.007307270734380708,0.04859335038363171,15120.18887353947,10807.336936226866,11800.752319775089,15877.550824211967,16204.13039662071,16223.585776769345
48772,5052,47901,5923,0.005148005148005148,0.02574002574002574,10789.254844402958,12629.459776508178,8902.15702334702,16936.41350100238,17342.343854113893,16629.303764262113
65918,8066,65015,8969,0.019762845849802372,0.029079616036137776,8614.20509527234,6556.4094863889795,7728.249563764012,16869.278149418853,16964.08110984167,16222.647689831552
62291,5830,61300,6821,0.027647058823529413,0.02323529411764706,12377.803720190184,10603.49481386892,8858.137334129719,16648.30795104846,16456.817511889447,16325.729159514229
46698,5286,45383,6601,0.016959798994974875,0.038316582914572864,13399.995830800288,13038.536819980312,11508.680479777486,16589.40128680342,16793.529699401006,16461.99545278858
36083,3518,35447,4154,0.005490196078431373,0.018823529411764704,7166.0110413606335,11186.81419770878,8843.311061722861,17425.180170010994,17526.350048794793,16879.059628064395
50915,4310,49367,5858,0.008904719501335707,0.013357079252003561,21150.555444203936,12333.648766555747,11112.640611764778,17232.883659752348,17023.77076042449,16701.306631648225
45286,3998,44133,5151,0.008036739380022962,0.020091848450057407,7190.783589997942,8995.05299669068,7406.362172165721,15524.157255104239,16368.040460888971,16649.986772374745
49630,5126,48960,5796,0.012024048096192385,0.028724114896459586,4511.740920977767,3916.846964115618,7379.4356753277625,15684.383245824387,16443.649960428185,15675.550192601273
56536,5964,55892,6608,0.008352315869400152,0.021070615034168565,4257.782686510155,6126.492908772455,8458.709905986043,15719.431887892728,16245.383635042392,15399.791972552384
53574,4990,52637,5927,0.013164823591363875,0.018694049499736704,13892.3137501838,8603.317262977349,8669.226677773326,16148.348672382632,16565.023111461684,16016.359079058131
72616,6908,71539,7985,0.009057005860415556,0.02983484283431007,11358.892588384519,6504.810340205317,7667.967849688079,16531.00262137693,17035.01992377992,16139.386436758648
54252,7252,53811,7693,0.04921968787515006,0.05312124849939976,13390.856113784475,9440.691111322712,9005.976569253291,17361.57118651024,17347.9335229057,16586.77809700177
64779,7582,64128,8233,0.01683211048769961,0.04208027621924903,13413.628760921716,10390.153322151033,9173.272822647688,16034.344662552701,15880.947897839524,15667.414404062656
84270,8146,82980,9436,0.014516129032258065,0.021975806451612904,8389.35381910863,11379.293695464921,8863.85061024345,16527.148340752647,17220.82225082776,16640.20563012268
92016,7840,90692,9164,0.010682363200348812,0.02790494876825812,10255.112587455154,8519.842395135429,8140.473345369039,16155.508343989974,15902.10285216787,15545.891390390538
48347,5014,48054,5307,0.006872852233676976,0.017468499427262314,17541.488007773343,9977.303706548553,10586.071916612662,17776.92110384212,17732.837106176783,16709.307887951927
55680,7824,55865,7639,0.012495889510029596,0.036501150937191716,12345.724696066674,9908.411242451117,8520.819268056628,15930.7480737894,15658.870040580141,15079.878537020242
61319,5762,59889,7192,0.011712214166201896,0.03402119353039598,13339.950003563377,11974.920848215412,6323.684676950651,16069.051739415034,16929.10611561519,16070.067217304566
59925,7156,58974,8107,0.011397720455908818,0.046790641871625675,12023.927191782896,10840.212794219418,9678.271047057431,16250.991343820175,16143.522407859473,16032.345945822479
60962,8734,61305,8391,0.030413223140495868,0.039834710743801655,13497.760883681056,10458.002948907664,9536.084805542916,16088.963170286164,15658.840969519373,16178.425931202071
43606,5678,43713,5571,0.00684931506849315,0.03268991282689913,8303.138611683678,7304.421290678832,8383.979088792148,16040.774059493428,16537.127802186904,15658.470543397887
41868,5656,41058,6466,0.01873327386262266,0.03389830508474576,15548.523339746976,12577.125032050815,10091.320394479873,17821.06670910953,18375.557054892386,17876.70618486728
58137,5872,57349,6660,0.018258426966292134,0.022705992509363296,16765.3054141667,11593.061747736268,8576.210045275542,16301.477157629768,16575.36039682239,16145.982736399443
71444,8080,70882,8642,0.010659297275957363,0.03987366758784051,9048.43280976127,9914.269171873257,8078.399493110645,17922.27380603919,18299.47138195968,17641.669707102377
53616,5920,53311,6225,0.007575757575757576,0.015495867768595042,5088.565803659867,10293.097416691937,7948.084245142689,16778.272123993665,16351.342608311506,15890.540842760442
66770,7214,66055,7929,0.007647058823529412,0.02911764705882353,19567.30398231098,11610.776495741959,7788.731645943718,16288.226359117081,16409.5289846439,16298.217896102402
60994,6606,60106,7494,0.009702850212249849,0.027895694360218316,13555.759302774013,15238.582545331821,7746.956194661621,16921.218633009026,17144.635237068793,16723.642708916002
41465,3904,40039,5330,0.010425020048115477,0.019647153167602245,15379.429479073999,18274.57093365948,9968.059739171213,16087.634155224227,17057.6089450092,16703.993213857215
56643,6358,54659,8342,0.022711631108052306,0.047143840330350996,18255.816122573982,8930.496291787269,8139.420381710627,17390.06311128811,16943.277838681737,16407.500204357017
53252,5312,53146,5418,0.004087193460490463,0.025885558583106268,13871.132222811217,8744.424587694493,8591.359449778307,15331.68732162597,15718.188884368657,15072.433913471928
64389,6900,63257,8032,0.0196078431372549,0.0389093137254902,9188.009686050766,7998.483413451704,7395.6969832057275,17219.266410546286,17154.754058773025,16905.89249413123
53489,6536,53219,6806,0.014605647517039922,0.033836416747809156,11535.501316795615,14478.7649867269,9638.581649573147,19081.493629463228,18460.2941649742,17378.01622237706
100756,8144,96832,12068,0.008212749315604223,0.02072741493938209,6021.189935645221,8370.05671441885,7906.4883295676755,16025.089042456697,16446.797622495273,15650.816641086189
63424,9476,64341,8559,0.022113022113022112,0.0472972972972973,16038.842095958766,11423.083817371973,11233.140102071246,16271.928576623011,16276.036905908557,16502.822516875087
75532,9732,75212,10052,0.0310463779225757,0.04101188194710617,10730.726132874193,9722.886188595246,8746.561834780146,18434.39400919555,17659.697468750604,17097.840888038696
47031,5410,45932,6509,0.007596685082872928,0.029696132596685083,26230.310992885345,12944.355899880627,9127.802270754313,16590.000427844567,17110.021290422304,16540.009436281307
62411,6758,60879,8290,0.017713365539452495,0.037037037037037035,11883.059402703382,11264.480172670163,10554.561117370584,17077.83012606008,17168.687706650475,16929.27907982953
65270,7630,64069,8831,0.015241882041086813,0.02485089463220676,11813.738319009803,9242.673421139696,8196.16632203153,15859.46058151104,16523.04952657817,16683.711518017106
52614,4986,52010,5590,0.015730337078651686,0.01348314606741573,10184.523212105783,7903.963052522408,7144.2041148559265,16418.522692383056,16673.711477357276,16011.768406468547
56085,5916,54577,7424,0.038751887267237044,0.029944640161046806,13138.320342559784,12680.710093087442,11254.62481228571,16247.772168084168,16031.191002038335,15925.501682642695
39329,4352,38585,5096,0.01693480101608806,0.03471634208298052,7344.4794259374785,14925.44527626066,10110.568332863753,17786.404279774735,17278.082502706864,16777.934891288936
41228,5428,41092,5564,0.023514851485148515,0.04579207920792079,14320.693880523037,11276.123208609915,9360.38527520119,16865.688687971346,16371.379851238713,16326.28378837791
65313,7048,63974,8387,0.01549053356282272,0.03442340791738382,16414.58284800215,8862.268738419158,9572.048765917301,16117.006724367187,16918.103672514393,16500.562312125126
55897,6104,55383,6618,0.007778317938745746,0.026494895478852698,7433.643072580788,9194.923394513144,8647.658966227225,17231.941923852533,17087.942604441396,16475.18333941758
58777,6248,57982,7043,0.043936731107205626,0.02870533099004101,14510.655913693867,10441.617963065006,9412.773245803093,17407.02051729537,16647.819806326403,16683.081866872606
53597,6428,53917,6108,0.021778584392014518,0.039927404718693285,13830.158478131525,10864.954074751724,9348.148756355331,17430.672880991817,17670.507326637504,17019.41569914802
71973,8116,70456,9633,0.01580660158066016,0.03417015341701534,12212.944616351058,11541.04297553745,8487.570561038445,17783.487107838413,17603.248228843804,16688.89030381719
71237,8852,71124,8965,0.01347978032950574,0.02496255616575137,12115.532939755438,7624.39392324712,7349.029207756128,15908.72839195515,16380.82299095148,15588.164212816702
51910,4734,50373,6271,0.010697911360163017,0.02750891492613347,14200.19477257623,8918.95253259707,8184.9691544044035,16362.686637019659,16118.266994582602,15603.318075561978
60981,6100,59581,7500,0.021040974529346623,0.02823920265780731,14625.93032614242,13354.883469567403,8512.886788001782,15754.398461079294,16962.96405489545,16446.098709654878
75170,7774,73556,9388,0.014181678804139517,0.019547719432732848,10046.315990901972,9274.66776827136,9071.900072591347,15851.210124508489,15812.204547526497,15723.011360913832
51848,5752,51506,6094,0.024913093858632676,0.033893395133256086,16815.582441383154,11433.297481642008,8662.318557059461,17156.741124003704,17588.268778994545,16941.878201618296
62778,6918,61645,8051,0.00966183574879227,0.02747584541062802,10159.468047381359,6465.158781890741,8265.039773819233,18030.01642260411,17613.51954598234,17046.904568300924
73706,8090,72908,8888,0.014162348877374784,0.027979274611398965,18477.75765322658,13583.60352750874,11014.73866908665,16882.58409551015,17178.436847479294,16154.529599114681
41533,4692,39918,6307,0.013530135301353014,0.03413284132841329,18285.5310044931,10953.854487625993,9559.442165837954,17045.10576463827,16250.48993651711,16501.07530055767
58289,7760,58448,7601,0.030063291139240507,0.03982067510548523,16333.531350287745,9818.251306859842,11181.264120966705,17220.3327994741,16967.071348336936,17093.345168063723
49791,7330,50266,6855,0.014303482587064677,0.03949004975124378,19749.981014571666,12171.305361352814,12151.660255137032,17600.792877617787,17826.867578610792,17092.899706828026
65581,6780,64374,7987,0.020515058926233086,0.04255783500654736,15855.676345095402,13712.044807446357,10824.81023864933,17104.92531335882,17209.78749678108,16770.417756141156
56801,10280,60123,6958,0.011976047904191617,0.023407729994556342,13478.743439828082,13195.131716358088,11409.970716608152,18174.68420754202,17707.412620697472,17281.769410845034
59461,6588,58014,8035,0.0159547092125579,0.022645393721049924,13290.901682169428,10716.806886847224,9266.440912593445,17200.80644519003,17252.88240773089,16559.38691501909
54643,6366,53760,7249,0.004298764105319721,0.02122514777001612,12368.940844960018,9968.414805660013,9496.432179943518,15276.312439860969,15488.064461275913,15022.28097656109
52890,7626,53707,6809,0.018859245630174794,0.04346826126954922,15282.289981088928,11266.10287969221,9951.743590169272,16505.54536490043,15908.166158816512,16047.833771960297
48024,6732,48596,6160,0.014667365112624411,0.0178103719224725,14655.964810888196,12743.415538752233,12531.42208355076,16074.080452353837,16853.555790663944,16161.458688857341
62124,6520,61028,7616,0.01827956989247312,0.025,11126.052371565916,11804.55423569888,10176.528567991341,16203.528789573766,16472.15223885954,16746.205049273172
65063,8378,65010,7890,0.02050580997949419,0.0355434039644566,7207.899435027253,5712.920501247751,6936.158497361307,15901.070025004588,17202.044942031935,16237.180233502499
105765,11884,104193,13456,0.007659313725490196,0.020833333333333332,13549.93599194833,8320.797722309533,8024.111097185175,17329.612665481676,16253.438895285299,16435.817516509727
49252,6444,49026,6670,0.00981675392670157,0.013416230366492147,10784.263278019078,13377.257860271888,8458.591246378315,16970.218020861612,18086.191368779317,17346.60949370571
45032,3368,42784,5616,0.009861932938856016,0.029388560157790927,10938.685893902522,13618.550759101583,12255.993752986733,15874.326272864691,16742.437294435436,16038.768933159416
82467,9342,81000,10809,0.016129032258064516,0.04162330905306972,20768.978788053868,11917.613510456806,6928.027759701459,16700.012976737922,17005.338909777893,16489.741503659447
80567,10034,80644,9957,0.029296875,0.0373046875,22981.439233826124,11438.932284119164,9468.236588041218,16717.926805039595,17046.234520676924,16669.080809268566
52542,6022,51598,6966,0.014492753623188406,0.03780718336483932,12540.358240513331,12252.28154222935,9084.71684965249,16182.636460673863,16558.101076368093,16114.527491770332
76411,10614,76714,10311,0.015671325709445152,0.04807285048708174,8117.265172442977,12689.35166176034,10267.490493788153,15559.9524615997,16419.648677984565,16266.365678417607
56706,6798,55830,7674,0.012408347433728144,0.031302876480541454,18917.706378952826,10665.979721954141,9798.313217148398,15890.41842786464,16569.746775569198,16387.845858012563
58598,5918,57032,7484,0.014059753954305799,0.025190392501464556,17466.24809409065,11978.557267083665,8932.343757982982,18188.847449828565,18475.485434797556,17411.43839632614
68561,8168,68047,8682,0.015562472209871054,0.024899955535793685,10263.692961230392,7943.489879276448,7955.829071582434,15805.529242923503,15691.530680950096,15706.90384565397
56881,5120,55790,6211,0.012470023980815348,0.018225419664268584,17618.019816803033,12076.615018590019,10530.344389162174,17436.881544255702,17042.10599176949,17221.6690982205
67374,6610,66011,7973,0.01949106659447753,0.023551705468327015,9866.435020783028,9162.736340619616,9926.702409218717,16473.542851683713,16907.017380019304,16780.5751150598
