0.01639344262295082,0.08196721311475409,8715.614863262403,4994.88619641485,3467.702231968461
0.020618556701030927,0.030927835051546393,5808.394945497011,1721.8274895276252,5885.200797290147
0.017857142857142856,0.05803571428571429,8009.651617422063,5497.632501426525,4183.274785023398
0.1282051282051282,0.1282051282051282,5947.841164444837,7393.638151861813,4695.7660478965145
0.04918032786885246,0.01639344262295082,9866.380789356266,14388.947095790933,5359.637088542724
0.019230769230769232,0.019230769230769232,8669.32541159459,9732.687455149451,5160.434610767102
0.043478260869565216,0.0,8314.358796970973,nan,4615.912036064664
0.057692307692307696,0.08653846153846154,14796.772553753797,6019.067040332248,5876.2563206029145
0.2,0.1,14525.490489607366,9794.325909541334,5613.604558070451
0.1513157894736842,0.05921052631578947,6393.065949291631,5706.029989239561,5446.4383412930465
0.018867924528301886,0.08490566037735849,19856.459565783953,5569.114323840356,5448.7652549978275
0.03278688524590164,0.08196721311475409,7358.3274065065125,7438.072620527372,4609.40032478059
0.011428571428571429,0.04,6393.726186609827,7334.0598779879965,5312.87436994648
0.011111111111111112,0.011111111111111112,13526.454441391244,1713.1203378507307,4762.769998712989
0.043478260869565216,0.06521739130434782,4105.108859512258,3413.9254294434286,4370.114462597628
0.05263157894736842,0.05263157894736842,4166.254301951141,1612.6846853378506,4662.261782744691
0.025,0.0,16324.388054193307,nan,6572.179032150384
0.0,0.0,nan,nan,6114.3914350769255
0.024096385542168676,0.04819277108433735,8137.153196307617,8044.0054152883,6904.045659914669
0.02459016393442623,0.01639344262295082,2830.6719592641534,5094.378203988445,3958.226888484062
0.0,0.04639175257731959,nan,2404.749299474009,6512.660088580206
0.0,0.06707317073170732,nan,6913.318785973228,6146.032658487133
0.03125,0.015625,10920.01490133767,10613.733521337805,4233.631652495045
0.0,0.024390243902439025,nan,3330.1960063140514,5327.0339009679965
0.014184397163120567,0.0425531914893617,2864.651672319721,3404.6865372630077,3412.2382457129825
0.0,0.0,nan,nan,6661.978271842385
0.0,0.03571428571428571,nan,1784.3259399223366,4431.1946138071935
0.05333333333333334,0.06666666666666667,6137.718956287099,3924.266359165038,4466.434901625862
0.025,0.05,15930.227808447027,11451.120935711348,6637.989026641301
0.06862745098039216,0.06862745098039216,11155.2674152252,6710.029956495125,4941.228915046313
0.0,0.022727272727272728,nan,4040.0267002013516,3942.953254339469
0.015873015873015872,0.047619047619047616,6081.15343205093,3303.9436718325123,4833.108656159477
0.0,0.026785714285714284,nan,2176.3195765419946,5047.403651290346
0.034482758620689655,0.034482758620689655,4777.045865181077,1952.7756261550721,2584.381966844336
0.03208556149732621,0.0962566844919786,1456.6214069002017,3260.4695791237004,4126.465191660919
0.04285714285714286,0.014285714285714285,4713.117122328083,5717.179679362445,3337.547445685411
0.012987012987012988,0.012987012987012988,13961.881826556093,4602.539917938546,4660.0011258537625
0.025974025974025976,0.05844155844155844,7629.690329791065,8441.672213045025,6368.243057331864
0.04411764705882353,0.0661764705882353,4683.930063568366,5557.3875214640075,5329.035592905192
0.010416666666666666,0.057291666666666664,16377.510798440228,17229.043342174034,7969.879186294175
0.0,0.0,nan,nan,4197.139837412817
0.005376344086021506,0.01881720430107527,4486.696219348458,4004.0146754013304,3917.8583533033966
0.0,0.05307262569832402,nan,1722.575642884444,5088.6304126123105
0.05405405405405406,0.12837837837837837,10135.390076542266,7139.60422450111,5642.09506494948
0.07407407407407407,0.037037037037037035,4196.633583006632,915.4353366172759,2830.966741123751
0.015384615384615385,0.023076923076923078,8368.833487765422,11972.444337289451,5613.549594282836
0.0,0.038461538461538464,nan,901.5793302564523,7322.346541926569
0.04838709677419355,0.016129032258064516,4606.942425240085,2964.6662537173543,3410.1555579243977
0.05357142857142857,0.07589285714285714,10538.049926418598,6821.519783405481,6585.985928942624
0.02247191011235955,0.06179775280898876,6849.520738309762,7222.4612774727975,5531.902273290864
0.0,0.0,nan,nan,4667.369926369345
0.015625,0.03125,1294.9577551163839,2002.1244297327758,2803.0004689722714
0.0136986301369863,0.0273972602739726,10059.610401940023,9595.130603845848,5728.644059278488
0.0,0.02608695652173913,nan,5908.015812306662,4999.813112745364
0.041666666666666664,0.020833333333333332,5067.179310109541,16745.62896361724,5274.154724460516
0.0,0.10344827586206896,nan,5976.5419074186,3853.6546374649424
0.015384615384615385,0.038461538461538464,9595.306400675448,3008.970941101953,4378.927079747282
0.03333333333333333,0.06666666666666667,7161.644111897207,6346.672788110533,7790.051312750257
0.013333333333333334,0.12,19915.25517965964,4493.720369829395,3920.041914860137
0.06153846153846154,0.046153846153846156,3102.8349012470526,3159.7505148598684,2476.8712797289627
0.04201680672268908,0.02100840336134454,7531.076871624422,7331.933732883141,3758.758888886637
0.04597701149425287,0.07471264367816093,4090.4590403463317,4493.122500429684,3824.8187020122477
0.06896551724137931,0.034482758620689655,10868.9409584789,6766.538227655585,4518.454019443643
0.0,0.0,nan,nan,3955.5904615754416
0.061224489795918366,0.08163265306122448,7566.648694816373,10384.371445879686,4394.373863392387
0.0,0.0,nan,nan,4556.294447700046
0.013888888888888888,0.05555555555555555,895.9664267644257,3182.154415084732,4023.729062114303
0.0,0.14285714285714285,nan,1766.906933908597,3839.527708586234
0.08035714285714286,0.09375,2540.8734520232506,2032.5250498953824,2312.94339701257
0.0,0.08888888888888889,nan,829.4551427674592,3932.5962759433946
0.0,0.06756756756756757,nan,5347.17841061581,5854.83846991116
0.0625,0.03993055555555555,10262.91110862868,8223.228570464036,8011.661214919321
0.0,0.04597701149425287,nan,3874.5681154507547,5812.919931990248
0.0136986301369863,0.0547945205479452,7313.743429068373,4105.862757196962,3460.25784250489
0.0,0.023255813953488372,nan,8068.610596139892,4812.823981817813
0.02702702702702703,0.04054054054054054,8120.267603297638,5715.043203101122,6180.4181575959465
0.075,0.05,11039.171926831577,8611.735073158277,4894.610318404208
0.0,0.019230769230769232,nan,14273.808196774973,5152.94641102081
0.0,0.041666666666666664,nan,3728.7038958321145,4483.844073851207
0.0,0.07692307692307693,nan,4815.518001032822,4174.302952319101
0.018633540372670808,0.043478260869565216,6063.546975875557,6663.988812637364,3627.885899571974
0.0,0.0,nan,nan,5003.7991732884075
0.0,0.016129032258064516,nan,10672.754188008277,8047.84946767049
0.0,0.039473684210526314,nan,1936.4319802891341,4401.946371345167
0.0,0.0,nan,nan,3920.3228634343077
0.07272727272727272,0.045454545454545456,2402.9086461855804,1074.7266076320477,3073.961352920163
0.013513513513513514,0.05405405405405406,989.508322607111,3816.7523603205605,5156.020864986091
0.02040816326530612,0.02040816326530612,4009.902654112768,4009.902654112768,5151.899630632767
0.0,0.07407407407407407,nan,653.6565960099106,4342.279825198635
0.0,0.043689320388349516,nan,1622.8559465988515,6164.165378488986
0.0,0.061224489795918366,nan,2832.4957929586812,7253.744528463095
0.034482758620689655,0.04597701149425287,7330.151407135932,6117.3212930464,4090.647144705282
0.0091324200913242,0.03881278538812785,9006.966448170879,7329.083408658778,4688.994017914187
0.05434782608695652,0.05434782608695652,6165.1738933692895,5432.62559572594,4385.616124943929
0.013157894736842105,0.039473684210526314,3489.3899184749425,1635.353541409638,4564.424140299838
0.0,0.10465116279069768,nan,6694.687228176484,5281.130587201352
0.03225806451612903,0.03225806451612903,1765.2657602230393,310.31763401589524,3491.429041075102
0.019417475728155338,0.04854368932038835,5812.890538225415,3074.449915905142,3746.53838105092
0.0,0.025735294117647058,nan,4719.12345599149,5347.62236395827
0.0,0.0,nan,nan,4945.461296937213
