0.00641025641025641,0.023237179487179488,4968.992595650565,5494.066965357446,4933.244090803671
0.008733624454148471,0.034934497816593885,3546.8475442801273,5972.789410329609,5616.506693270398
0.016605166051660517,0.023062730627306273,3225.1615788753234,3218.2876936307603,4973.626379538415
0.01639344262295082,0.023224043715846996,7319.23677576163,7498.859339672052,5952.654096211803
0.0056925996204933585,0.017077798861480076,3180.031049670913,3348.266965665245,4920.771409458925
0.015151515151515152,0.023484848484848483,4981.757768286441,3138.3134836827016,4859.514518743997
0.004524886877828055,0.021116138763197588,6984.968897269163,7939.819322497294,5316.9151620989005
0.018411967779056387,0.03682393555811277,8470.48009434189,7689.592163562253,5040.045420330485
0.019230769230769232,0.019230769230769232,8804.487572822962,10301.128797396712,6960.996930872094
0.003992015968063872,0.017964071856287425,3610.4108551309437,5845.075484506427,5960.711835854085
0.02268760907504363,0.034031413612565446,4653.505663644315,5278.86129933852,4047.522638967385
0.029357798165137616,0.046788990825688076,8011.627063636245,9792.057366965693,5805.58163267782
0.02654867256637168,0.01706700379266751,6188.5269975293795,7649.060520079037,4896.391029988005
0.012282497441146366,0.03224155578300921,8871.993527404904,6019.133925932118,4136.353345429235
0.016786570743405275,0.02877697841726619,7498.981335547428,3052.529583850028,5613.310532547509
0.012453300124533,0.024906600249066,8084.026153568537,8332.563125836337,5458.366451794017
0.004629629629629629,0.023148148148148147,2858.705786759616,4813.231671624704,4302.4692536718285
0.008733624454148471,0.018922852983988356,3694.2664049296545,3799.433952322356,4527.602100647189
0.005,0.015,4437.944938921027,5823.915952744701,6397.397648024474
0.0029985007496251873,0.011244377811094454,4598.493348206356,6156.823242771056,5383.899118714596
0.014736842105263158,0.04421052631578947,5198.387805650682,4451.295225405174,4828.785701863286
0.015817223198594025,0.04305799648506151,4407.272518695474,5311.350727309565,5071.535002587269
0.010512483574244415,0.03810775295663601,5692.959483202854,6365.778943544644,6366.278949033313
0.026515151515151516,0.041666666666666664,5734.152329642404,6290.899675598114,4949.34524004253
0.002403846153846154,0.021634615384615384,5442.234714900615,9833.92517291617,6260.264988097056
0.025073746312684365,0.01991150442477876,7026.2026703970605,4003.80881459787,4677.494378338536
0.03900709219858156,0.007978723404255319,4635.498570604361,4482.371999518055,4539.379351173517
0.021156558533145273,0.03314527503526093,7651.2428279880805,7426.653852689781,5119.099621622127
0.014450867052023121,0.041184971098265896,7421.045519793348,5181.866018358658,5747.441312856795
0.008915304606240713,0.022288261515601784,2476.3383495538383,2209.2921204962745,4333.76336626423
0.034990791896869246,0.02302025782688766,6471.746259291556,5697.798237593267,5089.57212636535
0.004158004158004158,0.012474012474012475,7923.714665875177,5704.029460371824,5477.195856283891
0.015151515151515152,0.051515151515151514,12692.925784987343,4147.148290554231,5207.387368360567
0.052795031055900624,0.06444099378881987,3825.9622239081327,4091.2646272153584,5250.814225783341
0.012263099219620958,0.043478260869565216,6200.694207152217,6864.5508714299785,4744.601510315583
0.022508038585209004,0.03536977491961415,6540.995503744957,5659.973792977305,5608.482603035587
0.04229934924078091,0.03091106290672451,10826.265080886249,9542.45402160677,8206.912985499517
0.009077155824508321,0.0208018154311649,15739.810213740622,8488.960425892854,6639.144721283988
0.015037593984962405,0.08176691729323309,9204.504930799969,7638.376055965918,6339.387551799649
0.006385696040868455,0.030012771392081736,2699.7741392970174,7062.740368879661,5087.662286149599
0.012024048096192385,0.01503006012024048,11783.221228209019,8459.918243083523,5705.182941155164
0.00949367088607595,0.04113924050632911,5072.83296815851,4576.451811896777,4498.735011808811
0.00945179584120983,0.022684310018903593,9639.615537658288,6778.0452935904295,4642.794308411191
0.016666666666666666,0.030208333333333334,9135.785894071836,6218.385001848081,5109.215402812379
0.024154589371980676,0.027777777777777776,2407.1801499140593,6193.730839549091,4800.0590535859155
0.016706443914081145,0.021479713603818614,10394.60571614988,7680.492106180646,4656.5813181760805
0.0057405281285878304,0.020091848450057407,3638.5812062330288,3687.0866743729835,5774.956102297502
0.011764705882352941,0.06470588235294118,6474.825949732717,6096.99488180159,4891.928756972994
0.01948051948051948,0.04004329004329004,3186.192396440431,3279.06095470117,4258.3384094776275
0.007017543859649123,0.06140350877192982,12300.77119960417,3798.5466447929484,4981.038942474513
0.010101010101010102,0.01616161616161616,12816.837238806762,8174.210010558558,5830.271667660274
0.0024509803921568627,0.03799019607843137,18340.21264827053,7197.640975474433,5383.437188213929
0.013477088948787063,0.03840970350404313,5157.632354988683,5037.480969812637,5296.27882586972
0.015734265734265736,0.03496503496503497,3959.077697064474,6443.6481327007305,4217.84724252405
0.0,0.02053388090349076,nan,3326.406389779152,4731.535336930126
0.018108651911468814,0.03722334004024145,13521.669021404687,11311.294775351793,7446.04359654161
0.012244897959183673,0.06054421768707483,2541.171104517729,3238.4764467093682,4594.966183091261
0.013861386138613862,0.041584158415841586,8490.382916468294,8974.986383751919,6509.8003268412795
0.006342494714587738,0.03382663847780127,7518.489923139755,5007.0596439076835,5258.816602026201
0.01567398119122257,0.02821316614420063,4607.606350190718,2722.1380254369537,4255.444690449996
0.02389705882352941,0.050551470588235295,9812.148020734534,8609.460200372485,6126.752878504004
0.0136986301369863,0.0228310502283105,8116.54820341305,4890.654648018783,4646.498328272409
0.02771362586605081,0.03926096997690531,10039.79563372511,7275.44975831113,6143.615426307856
0.0035460992907801418,0.0425531914893617,7615.288082988605,7186.352093411141,6561.979533408506
0.0611587982832618,0.046137339055793994,8444.978963267959,6334.459939211067,5604.880555883258
0.006622516556291391,0.01903973509933775,10909.175544508757,4438.6015621895,4572.260506003971
0.0035087719298245615,0.011403508771929825,5228.532773377261,9983.813121634694,6997.317404904012
0.004395604395604396,0.015384615384615385,3520.7793588834975,4716.642587575753,5340.401804065523
0.0,0.020202020202020204,nan,6267.000118630748,5420.234636930137
0.0,0.015503875968992248,nan,5869.600201049398,5513.788022258626
0.02127659574468085,0.030732860520094562,10559.593273785074,2618.516962789067,5715.951334516287
0.0,0.025454545454545455,nan,6608.235644573869,4783.400253559974
0.01444043321299639,0.02256317689530686,5634.118454677715,4756.2000097371965,4305.018706174735
0.00846262341325811,0.015514809590973202,7090.721251312007,5468.222458389351,4356.288479624972
0.02100840336134454,0.012605042016806723,8879.157356885607,7744.491591887684,6739.498660012532
0.020247469066366704,0.047806524184476944,11468.262678573497,8141.427824644494,6757.671658230793
0.01284796573875803,0.02569593147751606,8596.476727589206,5527.926193524688,4738.211015060273
0.005376344086021506,0.038978494623655914,16250.471546888923,6722.619250996125,5628.104442430545
0.006278026905829596,0.01031390134529148,4491.2232334903865,6758.852308026283,6406.3942052682705
0.0010416666666666667,0.005729166666666666,6696.17848515916,5584.720217734767,7272.498100646781
0.0070921985815602835,0.025329280648429583,4469.248771418394,6961.486735819407,4911.3884245108575
0.009732360097323601,0.030413625304136254,10932.32507539964,8166.14220382425,6829.980013665836
0.047276464542651594,0.03854059609455293,6534.291034643518,3766.7327690487587,5015.045501966576
0.006144393241167435,0.03379416282642089,8158.900945184725,6592.641445115546,5860.545195924026
0.024830699774266364,0.06659142212189616,7008.052036405774,5785.719822641177,4406.022904503704
0.06049149338374291,0.031190926275992438,5789.124206252332,5178.456128982984,5086.448334207111
0.0039447731755424065,0.029585798816568046,10136.840672560978,7313.88367181547,6582.169768952435
0.010771992818671455,0.03500897666068223,10764.29156860705,8936.705521928625,6211.592374542327
0.021164021164021163,0.03350970017636684,6954.204072507239,2364.1174700383344,4332.621325260637
0.012096774193548387,0.05796370967741935,7673.8456768421975,4496.736208910287,4625.310425242958
0.025,0.031578947368421054,8675.470626706892,4369.180371533762,3986.9353439976217
0.003875968992248062,0.022286821705426358,9997.486155717834,8452.42762529023,5568.778384346035
0.017735334242837655,0.01432469304229195,9798.837645954858,9910.789353275168,5668.0828569042405
0.008350730688935281,0.03966597077244259,3239.841952084379,3734.534118550871,4377.797926409559
0.0013568521031207597,0.018995929443690638,5495.502115922216,6085.773263602334,6741.7822981904355
0.025210084033613446,0.03721488595438175,8370.450770176756,5598.858064123307,4591.22337700212
0.006793478260869565,0.026494565217391304,11492.388332749435,8238.333744315309,4918.348080831028
0.03125,0.06521739130434782,11440.08787930138,4200.111114461085,6021.227991412462
0.015240328253223915,0.041617819460726846,6769.693859796272,3938.9634726825097,3895.4114480824237
0.0075528700906344415,0.021148036253776436,8843.331108050057,8910.698745304951,6690.0859231115855
