0.03370465581262497,0.04063124821479577,14157.55074992857,16551.616361960427,14647.395800559314
0.053696995525250375,0.04538674621777115,19885.20543887089,16589.022017011393,14178.537026977428
0.02391867649990034,0.0259118995415587,18041.761893529663,15157.411502843868,15358.295400635938
0.024679170779861797,0.03751233958538993,11921.33260171097,10427.900395208822,11815.041784691937
0.021128294489218036,0.036811152254410805,32113.51213154629,17307.999091091962,18412.47490970688
0.02790604296326039,0.029712909054406746,18861.761533938447,15651.703950379097,13517.353370945926
0.02133649429545118,0.03304193213809453,19857.387547498467,15768.529672401519,14770.402519232835
0.02622714148219442,0.034167468719923,23313.26828458805,16866.052335628094,12590.740720028514
0.01418573860412332,0.0388689237752979,12618.408255527627,14222.211145910835,12650.740271912953
0.022736030828516378,0.043641618497109826,14016.336862805487,13255.577479909436,11780.307077959524
0.033246977547495685,0.045408750719631547,21595.24231612902,11375.684598714912,9937.779259007737
0.00899085413114246,0.023484731049449696,10426.977583321199,11128.395463374505,15937.725552878861
0.02451217545557168,0.04112239961296565,21211.594273369577,15210.55821398879,15025.241328974202
0.021595900439238654,0.033125915080527084,19773.74903952662,15645.132649110872,14331.480036825149
0.032760957975598734,0.04270221418888387,21565.052394191986,14690.274600123757,12238.358927167308
0.03825265643447462,0.04061393152302243,10947.545733704033,9603.492990206212,9749.915842055465
0.026552128074970715,0.030749707145646232,15133.531198125394,12716.702389128755,13958.910683119439
0.022772672792648822,0.04254894127047543,17189.479528399843,12577.741578983043,12792.273515766192
0.05454220314735336,0.06142703862660944,26158.966692727656,19185.754862310478,13120.671375853331
0.03325272067714631,0.035671100362756954,17667.27876245538,12330.30302632042,14344.175293375682
0.050748938072881736,0.04012966689023027,20925.400893840782,15885.202528847185,10990.44384540648
0.014435695538057743,0.046719160104986876,32085.48470548844,17236.77610820371,18413.79877426469
0.04340993910823021,0.02769593400117855,26275.97329783041,14984.588108702246,12978.80401473211
0.020623281393217233,0.02910174152153987,26343.001631434676,19394.773599572494,11786.626646986842
0.026689947617859814,0.043901222249937644,11756.572204872622,8235.130533928097,11405.50454818384
0.03149171270718232,0.044475138121546964,12709.047929885064,7972.929837764125,10427.34575363881
0.01723625557206538,0.03179791976225854,21910.158560458498,16767.406512829133,12933.354551362416
0.02555635319454415,0.03488872936109117,24755.63700719038,14793.386378309337,12269.62899885767
0.023871096081161728,0.03809429082952059,11723.054547552874,10240.95370049648,9222.22840367218
0.027520435967302453,0.03896457765667575,36338.18801031951,17889.87287113298,16188.431967525577
0.041108132260947276,0.044012511170688114,11950.157035504308,11917.282327625177,13484.783697506597
0.017791086841641712,0.033996829311255944,14427.386064187789,8407.769204419914,10567.232264358863
0.025680534155110426,0.03680876562232494,14497.67429698086,11403.10013950232,9841.876692873831
0.023276049597563627,0.027953012834457256,19334.84649745936,12478.9850004089,14903.501231646012
0.03671668137687555,0.043954104148278904,10660.67529959217,12551.907118558413,12107.96560777887
0.035594713656387666,0.05303964757709251,22878.371801893085,24969.40638204514,19272.679527738437
0.04670781893004115,0.03991769547325103,18314.695021066946,12760.018634035525,13667.622939788731
0.01890077095249938,0.023128574981347922,23842.142515122494,13879.317510741192,13046.930185256846
0.034504293520686964,0.048555815768930526,14642.977747608953,11532.028129477469,12065.586862118513
0.042314872433105166,0.04459655673096868,25830.131325948238,17585.654721981497,13739.784734199731
0.017609814008705975,0.046893549663632766,18997.682720670844,12756.597738103976,10255.141550300163
0.03771402128644146,0.040953262378528456,18148.00991197879,16847.85934259072,11606.736437272166
0.042735042735042736,0.049614342297269125,15768.972551490198,10656.665503474338,10815.614268165446
0.025347145690985232,0.025016530747189774,28419.360072882475,15976.040281784835,14828.992962281965
0.017605633802816902,0.02579225352112676,15504.825036207025,14331.514092679234,10201.416320673836
0.015852769679300292,0.03580539358600583,18614.254343518416,11624.856565035874,10814.642446177175
0.02684124386252046,0.02962356792144026,20182.188037009644,15032.586194473803,13681.724914296208
0.025803722504230117,0.034158206429780034,38101.891622239295,22258.395366583707,17695.122657842254
0.02175755863238203,0.04549307714043515,31074.494858323946,17180.513231509474,13825.420057573045
0.029918864097363083,0.041835699797160245,17156.722808252107,14654.190241760523,11744.383257823012
0.03249856623972472,0.03441024660676735,21654.576358329712,13001.063287588462,11974.065162626563
0.03940252382178728,0.03283543651815606,15202.677507855029,19404.696352526535,12446.450669811618
0.06661211129296235,0.04075286415711948,17566.713378655655,17324.326937225258,15351.256278893405
0.014788169464428458,0.03810285105249134,16081.16438034571,20734.300605804947,18173.68380504823
0.058394160583941604,0.06370272063702721,22041.297418506376,17864.87916137236,13571.58190331055
0.013795901805640089,0.034895516331913165,21643.55070449047,12460.643661313115,12188.176336024253
0.039113827349121465,0.040641711229946524,16958.570760015384,12260.630886177014,11915.570792317614
0.027865502507895226,0.022849712056474084,10613.45204599259,9810.260792949994,11136.112540545595
0.027752502274795268,0.04083257506824386,25753.65089223596,21207.691253331486,16940.754220513943
0.033880544882989874,0.033531260915124,13860.456793270012,8292.062716507653,8316.39062717101
0.01713018943974204,0.02992744860943168,12793.168195796796,8674.932349723898,12714.865260718863
0.027894347074796346,0.03961984695137003,16496.715233853065,13404.670059127455,11263.439187200112
0.02264509990485252,0.03910561370123692,10853.297746001805,10724.044964645665,10882.197269898375
0.034755512943432404,0.04038830297219559,27812.22787615804,15645.413762929888,14333.294174167304
0.027073170731707317,0.045609756097560974,23886.548332450602,15192.450051623382,10796.853265172813
0.031044214487300093,0.03962841015992474,22786.27568352043,11313.343272807808,11005.153326232381
0.032249742002063986,0.02863777089783282,28892.51606070077,18899.044188542735,16207.984298934456
0.05339184494423112,0.049917718047174986,19684.50033160819,14265.482249132245,12672.019612285121
0.021544487968662564,0.029518746502518185,22974.396137808293,12731.565173516192,10927.490301812019
0.02025121763650346,0.03896436811074083,21696.88529948191,11729.44369975887,10804.029914923369
0.04574132492113565,0.04100946372239748,18808.21258965689,12225.526712197567,12225.767286959453
0.05107881990312638,0.0301629238221048,34218.483669118374,22723.540664989618,14107.069895621611
0.028370307167235494,0.047248293515358364,11754.938555887458,12567.030314458403,12291.798775378256
0.030381719034017138,0.04479356011425604,13939.533433642226,14926.331172234144,10669.353536025565
0.03494623655913978,0.04973118279569892,26443.3030630951,24942.902563050637,14519.120644399789
0.018041721480924637,0.03429806427363277,18955.701065625006,13762.896010742377,14877.357837611591
0.033050700813289494,0.028032531579858105,25822.90128835132,15432.348970744204,10767.405369373058
0.02807077237155495,0.0424464103436543,14241.057659796423,9051.460549980036,8657.136219329155
0.0252831715210356,0.03772249190938511,23133.947073149913,18447.827992413582,13558.961571922808
0.03951890034364261,0.046637211585665195,17218.755078878214,13571.833894809124,10952.576536682127
0.025687769307258867,0.021958899569108386,18433.76250237131,12187.673017349663,15242.5789134778
0.03378528561902645,0.03578573016225828,17311.45846410587,11813.149389352102,14440.877159249974
0.020708446866485014,0.02356948228882834,21708.930702827933,20188.06330649651,16621.444331329974
0.025429649294397092,0.04003073913650971,22795.342156141105,18090.460657758176,16853.280638821376
0.07868217054263565,0.04832041343669251,25076.417384166252,20733.171588213147,16088.10594030157
0.02288375860672337,0.03675577156743621,14116.605434754332,15766.592168202686,17147.044764242317
0.014796547472256474,0.04531442663378545,22386.607467058948,16422.5408532911,16514.43967235697
0.012801814940852373,0.02544158159131421,16789.521411233203,14989.410811191638,19255.476303734107
0.017144256674014206,0.03208425177565515,16028.180261477382,11313.808329213596,9978.560809131926
0.03424922600619195,0.046052631578947366,17005.554951988444,14208.147678424046,11058.535944570323
0.02791216970599181,0.037960550800148866,16273.285409218452,10366.665178754314,9935.278180938778
0.03182775567516967,0.03557219751930728,22172.903020113754,19413.247406414837,14750.523733688013
0.034687222057515565,0.04224725763415357,11520.353940439087,8405.743615874133,9631.474211924959
0.023915900131406046,0.029434954007884363,23661.43913159858,17423.84764610446,16961.50049340862
0.028503126149319602,0.03613460831187937,19307.44820160165,13960.215302558097,11894.036326432177
0.017861699413115592,0.025261546312834907,21584.76618234558,22235.92576942179,14233.033784542824
0.022802280228022803,0.07260726072607261,17791.328747333726,14208.37383047959,12283.43793533311
0.027428810720268006,0.04187604690117253,16563.023345019617,19284.408631144543,13825.73994976928
0.04119760479041916,0.05485029940119761,12921.11819154069,12061.17303542313,11157.782744594386
0.04388370817334065,0.05220332784786981,16390.86036332611,14140.56332184825,12358.071477612588
0.04384724186704385,0.03650990099009901,19096.500927646524,10717.615205145159,10394.815493207638
0.03624192059095106,0.03901200369344414,11381.1854643617,14785.986195847803,9739.524747817808
0.034741268970561345,0.047174986286341196,12322.644450952674,11792.8315608968,11545.470203380188
0.03066935303335572,0.03190060443250504,10355.286633587979,8548.742997740219,8547.781437176864
0.042717294571343815,0.02640166122812222,26441.879035060643,18433.09591655215,14196.985332108576
0.02388535031847134,0.03556263269639066,27337.341052952543,16371.021408607343,15107.818351998807
0.03806380638063806,0.039163916391639166,16218.226641007504,13157.21152471572,15572.511648683816
0.03495110467222021,0.03449837015574067,27640.00320218356,18157.89081389339,15571.10196828024
0.03837907375643225,0.03280445969125215,14339.476984325003,13074.250351521203,18746.21434457383
0.04067704067704068,0.05132405132405132,16016.915333472161,11115.734873966807,10831.744309948235
0.03988816402609506,0.0287977632805219,29426.25655616806,19329.22717214213,14280.142274591646
0.01905074724913779,0.03317457710625719,24387.24683452795,12774.195627516508,10918.678314027235
0.031008997429305914,0.03920308483290488,18875.30066484131,13274.997061538394,13314.733928423997
0.0407557354925776,0.0437246963562753,33106.4135460842,24788.72474890773,17283.299629563797
0.041688289223317763,0.04203425012973534,22003.70672661304,19577.63954674934,14064.445065154816
0.03568021369967563,0.03558481205876741,21349.016933590432,15879.773897576964,12398.84961710272
0.03572353093450686,0.033005436189490034,15877.604368795377,10252.211335909242,10573.342212357946
0.02174456385903524,0.029242689327668082,17945.282243126687,13968.574734165102,13477.137349575933
0.021462488129154796,0.0402659069325736,23458.892684223898,10073.326444110755,13754.027833141217
0.025073746312684365,0.03705752212389381,20067.611478411287,16450.337314428587,19216.52643190463
0.031844929041190725,0.040498442367601244,10141.807540312253,8062.946537302035,9922.236851114521
0.04174045029091829,0.04161396407791551,16794.72658833212,14716.904747628298,12845.291656493051
0.029256399837464444,0.04164973587972369,31077.36165848597,21560.74315207816,15374.27600883087
0.0213648620618129,0.03204729309271935,19254.629833337247,11533.360568454722,12743.316030565335
0.024412502851927902,0.037531371206935886,13869.130356661284,11153.380754678883,10852.122637273958
0.0342,0.0528,21202.74996445766,15174.462106864436,13519.37075877912
0.021661456007146047,0.01574363555158553,20538.4311626033,16063.85078616931,14151.492132726597
0.05047967108268616,0.0438556418455916,22650.646546694792,13417.393527672859,10377.6135459688
0.026242838661984846,0.04028830160783589,25178.937118239857,14485.795691146594,13896.283478386045
0.02218550861458579,0.03304224687278735,16253.53326591609,10936.478071381098,9580.130594416
0.03116552711082843,0.04030847511528065,19872.035511904647,11444.984119489403,11438.384068426465
0.04760015866719556,0.04522015073383578,22183.97312780085,12826.850724526957,10910.30913200774
0.05060918462980318,0.04088566073102155,13854.146502813192,12129.50623830821,10166.588979417753
0.031119465329991644,0.034252297410192145,17418.76501271458,12473.787630297847,12541.261729528254
0.026239067055393587,0.037796751353602664,21266.085605986726,13280.555308130932,11004.03028092332
0.030982905982905984,0.033547008547008546,22642.492026616586,15581.079812219314,15852.874420904935
0.021551724137931036,0.04019865067466267,20534.203366099176,12814.918855371905,12428.729599555001
0.033351361096087974,0.04119343789435731,24100.909292074073,19959.64937303865,14197.338554816719
0.013127853881278538,0.025827625570776256,25355.642452771863,22362.79266104563,15865.743341214056
0.0360413013832067,0.04324956165984804,24962.63544427808,20950.347292367314,16371.968530034494
0.05844907407407408,0.047453703703703706,20824.33723806861,16756.552317256042,13309.667745455203
0.03981436248168051,0.036394723986321445,12284.388081520741,14311.298798224727,12306.167359231076
0.019398369412426203,0.02937868990722519,20839.30819786871,10938.442606856064,11832.983980253233
0.023940058479532164,0.04596125730994152,14614.054455118818,14974.734496199604,13916.795624518181
0.03604877186782117,0.03728573952995229,26395.73381278042,20838.24202252883,16612.9821696351
0.0663657435647188,0.050201293156032695,29597.211654663468,24388.608557849304,22407.406074218048
0.02543651649062298,0.03481353740030179,11179.352119470028,9253.556594642716,8462.36344735911
0.01088012434427822,0.023508840101029726,16298.300351327058,11406.394425916962,11874.902606342252
0.02170767004341534,0.023717639491879723,17770.6984785807,19437.051231327692,14189.153347873711
0.024435652781010005,0.06469629974400745,21668.71135281275,18128.3267684334,17817.233582574885
0.023548650858544563,0.03973834832379395,14007.751585378786,19343.43574327398,15456.97680061703
0.01730681645665705,0.03172916350387126,22135.098675062953,17658.544213185498,13785.83392005923
0.05344764684421744,0.05080262677854797,15010.74606233423,13085.969227017225,12620.043980787563
0.03380222548813773,0.043040100776821334,23315.05143782571,15164.11748047083,11626.009949639329
0.02446043165467626,0.02920863309352518,15676.848123370626,11289.53764450249,11303.175550518881
0.03377712031558185,0.028353057199211044,17669.330885258656,8273.0012781033,10385.883321725581
0.013009049773755657,0.031862745098039214,25184.767602602602,16956.860175521404,13652.783557639588
0.038181818181818185,0.055353535353535356,12408.546565480101,10833.847588140246,9466.318246063962
0.03508150248051028,0.03986534372785259,19238.520178453342,13273.071984509776,14606.570354867292
0.028268551236749116,0.03394085921517575,15192.083063833164,15305.478733678638,11442.648572892153
0.024636765634870498,0.01779321962518425,28809.94650759521,14215.726202856069,10967.6038793583
0.036382270048680505,0.03279528567768383,24853.508055729468,16757.307649864924,13145.9611361861
0.025920657499604868,0.039987355776829464,13770.259339282227,9672.683670376333,10029.612122620068
0.02571595558153127,0.0396697837521917,21615.631600422374,13488.13054837945,16585.134347475956
0.024708304735758406,0.030427819720887667,14620.698649165015,11511.201584968403,10814.482295096672
0.048015542603386065,0.049125728559533725,28349.29084298982,22132.85467188822,14478.53535891933
0.026725082146768893,0.0411829134720701,27070.87116304437,24331.156768563324,16716.17176390686
0.033840117704757235,0.03433055419323198,36099.84351952844,22021.22725453786,20166.75400185917
0.024954351795496044,0.04473524041387705,18684.279184369538,14938.822084236992,15694.549458877742
0.05592018902599107,0.04935678655815175,17517.299890557846,17176.087079848254,14753.440888196072
0.01987962794090826,0.035655662958234545,27263.133639230444,19629.24872037926,15076.495268940205
0.026422764227642278,0.041260162601626016,30977.125670179455,20293.556533105933,12534.937193786518
0.028471528471528472,0.028846153846153848,18638.749598539012,11760.943359912631,16213.461035988435
0.025249722530521643,0.024972253052164262,12718.339035545596,13002.424538292373,10214.151980357488
0.009263071222725402,0.019761218608480857,24843.328891350222,9645.044177228772,16063.388620433127
0.024698340874811462,0.025169683257918553,26794.10493581262,22333.971965339264,16019.167445878846
0.033444816053511704,0.03985507246376811,22740.969138001168,15032.573874408787,15689.878909074361
0.02513030528667163,0.030063291139240507,23004.28367149222,16399.796220237266,14899.399949026969
0.024339720352149145,0.03702744691869498,15504.836888207621,11685.0028433773,11569.59977563056
0.02984734563681932,0.04078377762588289,17784.72611627645,19966.934016517203,16434.400144550098
0.04770477047704771,0.049054905490549056,26471.746423568216,14785.158633694507,14003.809248981592
0.023937188816545385,0.0388739946380697,13416.041820791637,9955.05342052137,11437.761994994054
0.06950795683190049,0.04225352112676056,9760.97081960579,10478.761628318876,10887.25075871275
0.03411405295315682,0.04366089613034623,23059.4047741684,12336.220967558627,11297.822114523808
0.012119967132292523,0.02074774034511093,20829.98792074903,11591.217041856658,12393.108170491889
0.03775825219662788,0.03597720256471147,18258.341983900493,12211.072511312499,14295.440448721005
0.05777895573813941,0.047442353564802545,25142.532801889538,20991.886064637874,13272.543526643693
0.03401049988587081,0.05683633873544853,16168.258744095214,13460.140630122607,11943.458545375534
0.02416125914676239,0.032376087256661606,17378.85156221384,13549.342102308874,14049.774559157137
0.03189671539775964,0.0489842415037023,17176.139755927907,13835.443176844112,13109.230570131684
0.026363486571099028,0.0265282583621684,19465.75469070845,11914.661545484541,12401.771791793197
0.035283993115318414,0.02710843373493976,24254.800933510327,22287.556241086357,17712.546599620175
0.02048780487804878,0.0224390243902439,23455.275864091112,11375.667308561133,11424.025383688533
0.035487959442332066,0.0467680608365019,14676.840561323546,8679.664370910677,10050.336821072939
0.038083538083538086,0.05675675675675676,18063.616958138748,16602.721093391316,15459.201596295075
0.02346041055718475,0.031791522260730475,14561.398100555001,12689.405895941743,13530.706148248428
0.036357986326911125,0.030764449968924797,19020.22827066092,11422.435160027755,12512.46817698107
0.036390101892285295,0.04847161572052402,24642.186212649285,20142.275145528867,16552.903055369996
0.03879802206162039,0.0400342335488779,24889.434530204755,15344.589662262993,13881.069346762793
0.02613209235725792,0.04080902094147127,15622.448458179688,12468.299206021891,10274.833348972033
0.03567005201882586,0.033564528114936834,21134.410629572874,16510.172909370493,12841.168316767364
0.02936476228525769,0.03875349580503396,11479.803952363027,10432.544270680699,10211.04797056122
0.02899396769799572,0.03249659466822339,38856.13758326129,24891.058512166153,17866.817505135932
0.04348701429434266,0.02687739077914234,10810.539878574735,14699.536865213107,12946.558496235204
0.02231121281464531,0.028604118993135013,14661.13334185008,11243.1540237761,12011.246907190622
0.03668927143105547,0.03225525995479047,14247.95902166915,12662.310292814653,11713.27029651185
0.017530291312193864,0.03660737303428719,31304.202438802426,15059.435455770656,12917.679636375022
0.012351223894004042,0.03851336177857624,21002.19801260293,16703.573512510557,16507.663728838448
0.04247787610619469,0.037856440511307765,20070.549407991795,15043.05584649074,10941.383813917757
0.028353658536585367,0.024695121951219513,21635.950671805123,14154.030169412086,14854.32987622009
0.02405911668671593,0.03445609211204674,18908.30507224596,18229.87648221877,11321.97077187576
0.03364332603938731,0.03309628008752735,15641.904752413438,9175.153361270615,11270.435276168653
0.04290185969434727,0.03562879764315964,19220.258871255242,10610.697295319553,13583.470179285343
0.03279631760644419,0.025795934023782125,13902.54910785688,9525.388224629083,7910.097544018124
0.030249558860599948,0.05054197126291908,20584.59410154343,11741.677457194988,12808.994587960316
0.04498493327593629,0.04525398191993112,40562.91545718515,24755.8090786183,23054.268057371282
0.029751712328767124,0.03638698630136986,23140.722983157928,18538.547271263207,17462.63397534044
0.04362472629274044,0.03250800067374095,19467.897895915703,11572.179756200867,10917.382133394618
0.02274436090225564,0.03364661654135338,22778.046376916227,21924.490445545296,15050.82523865097
0.027246115739698266,0.023755910830893942,25258.62739347873,14513.716938077761,10683.479191118464
0.024604966139954852,0.024943566591422123,28445.905394448157,20947.782454873348,10875.645109589195
0.03838931775505946,0.04277070728145212,23564.17478666077,15663.123041458968,11797.976689080502
0.02910360884749709,0.06257275902211874,20354.08051897937,12602.700387039406,12435.756840527678
0.015453639082751745,0.027666999002991025,24295.959497841824,18420.45654074603,15861.999254244129
0.02962064784340897,0.029880478087649404,18492.955255782454,13893.34074536813,12978.084473463277
0.02399818881593842,0.027167760923703873,20838.436545494525,19095.347527595288,17066.221442797916
0.020048602673147023,0.027845281490481977,26525.004517094443,15202.775458223503,14595.369024068033
0.02237222757955641,0.02777242044358727,34577.157711304884,24428.87519846279,16471.6833635974
0.03155940594059406,0.03217821782178218,17384.156687401264,13853.403437113999,13100.32342773676
0.02652558341788665,0.02652558341788665,23467.52516498359,19958.03813729919,19361.87599685546
0.026293103448275863,0.03157327586206896,20802.229992190907,9653.200759655965,12356.351045073345
0.013294276701216764,0.027377196935556555,26060.763531076384,12397.435849256706,10960.119813112848
0.0284375,0.0465625,30689.52204402551,15086.627605726946,13140.36474416542
0.027257240204429302,0.027427597955706984,19994.574299047646,18508.87246515696,16728.883721753657
0.029057406094968107,0.0391566265060241,19194.31011319099,10056.49615000373,10327.538775862147
0.033720287451630734,0.03634604754007739,24281.04292022656,9574.234034058207,12524.690468211846
0.03285997357992074,0.040042932628797885,17875.09790819039,18830.149376035344,14407.486545388563
0.04114143233134783,0.036985732095858155,25789.02452879066,16551.248509366975,13432.1797774695
0.02130770837685398,0.035512847294756636,11003.967099064665,11034.2739126552,11265.900552021572
0.02619013167414267,0.024887859933439446,12031.064745353431,12381.933372652864,11941.579098498045
0.04098539350337912,0.046762589928057555,26927.7547251946,16152.928536754098,13652.952997988757
0.028545536927956503,0.035266576045914516,26077.17044585639,14148.429061040028,14933.427662081975
0.03893575600259572,0.036015574302401036,12999.361155312767,12123.03710367926,10004.904642827138
0.0379030273197145,0.040979571745016,18021.925174743596,12886.900519466039,11301.732478448075
0.028068788298082625,0.037556829412927456,17532.382997019664,11150.752208633241,10305.741862758781
0.029335634167385678,0.04702329594477998,13863.19345749201,13029.586841298802,9936.436418241025
0.041110632802410674,0.031102023245802843,21594.86430060523,15367.999076739397,13985.883061204277
0.018413597733711047,0.024551463644948063,15488.853439224931,13236.390773953357,13361.778639983333
0.022761114656456072,0.039034248032333546,11339.116653380506,10067.431119645415,9892.96947087119
0.023038022101517137,0.03493163513766623,19571.511415805217,13450.888305239381,11675.938189231896
0.02053056516724337,0.03137254901960784,21063.918836972047,11691.580861532098,12396.212267496498
0.023025397711415017,0.030212112754674853,26541.07213842087,19252.130454639064,15574.201386757517
0.03161734900689096,0.042359140656668015,15094.841209184282,10384.839685099725,9938.023289349638
0.03034510115033717,0.03242760809202697,16928.407687518684,13082.220245094542,9380.309595812994
0.009211873080859774,0.028829750938246333,18404.00610353964,16126.82820442892,12677.182387770992
0.04696419304618578,0.045018162947586926,18846.771298826865,16009.011869405394,12468.368510725302
0.021964461994077,0.03183613030602172,23991.96867979632,10822.317259169273,14433.878873568277
0.04005781540367541,0.033347098905637,21520.300481712668,20676.194227177504,16891.509796529022
0.04329089128305583,0.03770812928501469,21595.603898955298,19932.391228365817,13033.232696967323
0.02570298769771529,0.03833479789103691,24234.089899515646,18409.6262805013,13509.553241121177
0.06529126213592233,0.04963592233009709,16982.257795613183,16573.023229703093,14320.954641058303
0.028431028431028432,0.03264303264303264,18903.157078596687,12515.952796761401,13986.782218232194
0.015861674764218348,0.02522149185481566,25112.683356286732,14178.859095598284,15492.609092341978
0.023762017050607653,0.04054054054054054,17467.82795927506,11941.7213177407,8966.590526353226
0.032719836400818,0.04820333041191937,28296.533345887477,20911.020121593665,16580.74117254221
0.03754899938106045,0.0370332164225294,24971.42113355509,16547.067948157317,12729.373331445115
0.02410392862732822,0.02895601815620598,21683.218943268435,13709.273619109686,12237.387806607425
0.01964839710444674,0.026628748707342297,16592.418094737215,15235.250701247352,11788.15901506824
0.021131561008861623,0.0407861849579641,24436.36502242467,13565.412109260964,12236.005356883355
0.030289630776033607,0.027415432235242097,10394.565074523834,7937.508913613195,12573.651173238646
0.039873528895134375,0.026611628315475144,13260.268214651023,14491.720604707794,14669.944662712647
0.03555287737270262,0.03118409159385357,19631.537569567885,19509.639672874488,17931.99047821725
0.030130756111426946,0.028993746446844798,26132.93227957346,13838.25695886052,12671.822320090774
0.02905287623474724,0.03907611853573504,17522.997922572446,12559.01528600334,10059.673981455044
0.03403675970047652,0.058089403222146584,25057.33530054735,17237.14272768778,12386.968543784975
0.030223655047350393,0.04996977634495265,17955.739646713453,12050.090377059356,11055.96334838038
0.01607552947180403,0.02130645572850217,18237.50718832967,12002.665905201937,13084.096906800656
0.03257745129351645,0.03337591823698499,12594.503446475917,12250.563178876226,10584.761760660016
0.032642812303829254,0.039652646997279765,24389.610724101734,19383.39100902225,16166.876376074655
0.02264600715137068,0.039673080197514046,19373.256424906336,14388.164243063808,13929.73541717831
0.03687002652519894,0.043899204244031834,14262.25456879701,8080.38224114163,8688.741686120311
0.023764853033145718,0.03095684803001876,17255.91387246644,14225.579024168926,11969.577557839937
0.03760345448002879,0.04372076286433969,22765.295337093914,13363.106773140484,15383.023070663594
0.033841420780310445,0.033701580198573625,19687.938414540604,13932.463152152744,16984.264430945674
0.03450821184720428,0.04308913083594759,24243.94609678188,15325.100716273737,15998.459152456595
0.04356379988757729,0.051152332771219784,17604.443589136066,11785.618877063349,8802.177913009675
0.0498004181714503,0.04200722296141418,18523.702626381666,15365.70922025476,14783.33882689722
0.040530759951749096,0.032810615199034984,29230.18216389666,14740.520581036839,11785.024471525772
0.03349436392914654,0.03140096618357488,18142.350004320768,13862.753796146739,11523.625391222116
0.02354463130659767,0.042690815006468305,22299.443732951353,16149.31091534006,15585.775219265273
0.023078173248821714,0.04908174874045181,28241.162142315647,20174.82716386742,15644.768067305942
0.04660748256182625,0.05960684844641725,27006.358852733796,23942.63554435379,16388.262598635993
0.03777271247150765,0.03557473135786389,21083.932619776224,13635.618073839672,13326.66938486931
0.027888446215139442,0.0350597609561753,13700.251811217368,10717.457407048161,12330.000224539584
0.028795811518324606,0.030720665229442563,26789.60532726744,17037.92570135422,16679.77721699002
0.03526818515797208,0.03820720058780309,14721.546743335053,9220.46214850171,10784.547334359575
0.04639238188255402,0.03973873763887193,21127.793264206484,11743.489384448063,13157.171676860453
0.01371101401235498,0.025915323188187435,22370.61219381594,17678.521898020845,17095.00363554096
0.01987577639751553,0.04057971014492753,20583.98618461307,10229.793053984882,13167.456015907192
0.03625576796308504,0.0496044825313118,28802.69161107048,13851.075786724721,14011.419709873388
0.023922633186291144,0.02867322701051917,13720.184075551322,8363.02421810751,9300.070905323368
0.02706052468498244,0.032844453625284036,9591.250743799308,13374.396109192872,14209.234548254246
0.026182432432432432,0.03493001930501931,23856.59220800136,20238.427843461715,17389.504688745237
0.011643192488262911,0.03446009389671362,17483.696999193588,13651.140798441162,11337.528717588119
0.0231077576043386,0.035486913463805704,22602.1673489972,11556.140353357097,13064.933776324508
0.02631578947368421,0.021494576134993972,16204.310216869295,16125.313466514055,15607.041783290899
0.04295210499403443,0.05454235554798023,23394.72219750577,16482.450969720492,12470.035205528742
0.031408980314089806,0.044348595443485954,21386.525892870064,16627.50308642516,12555.584637337839
0.03381402287419195,0.0313276976628543,14548.161877111792,12343.976888763435,12598.654880235723
0.03488644345586514,0.031608522594240226,11545.827732612639,16143.031263062592,10713.980515393892
0.022877913192217235,0.03346162069702801,16901.159968063464,16267.815400627633,16055.839836330548
0.04178351093662367,0.03687605159842961,15473.615779577305,12977.19440411091,11739.151750107336
0.0421875,0.0248046875,21000.86691932659,16257.881643014925,13843.960342970904
0.03798113688503696,0.029951567677797605,16013.287178956478,16619.79587035195,13384.18177465889
0.02009873060648801,0.04416431593794076,13755.040113003204,11599.244818106074,13199.897375096434
0.03360935216755967,0.03592303945445689,17652.23843761655,13577.208635363806,11623.552902276753
0.013375486381322957,0.026507782101167315,29565.295483662587,10741.939285230996,11298.528192858816
0.02354830077602355,0.03853358308803853,17310.487010718967,9984.352339974243,10224.647442758202
0.03281171125694094,0.02675416456335184,22309.91615796979,18604.390208608405,10665.677577274593
0.02303030303030303,0.03367965367965368,22258.324724795435,13679.35357930002,12395.324505002096
0.042955665024630545,0.036157635467980294,15047.446888541683,9209.912755425641,10474.55746527933
0.027116952254200632,0.03443686574613209,17035.170474915896,12881.037900459562,11838.300714764093
0.03787195671776375,0.04733994589720469,19411.311854597443,16465.13712093344,12571.511418367692
0.034752049980476374,0.03416634127294026,25677.990892086345,17537.812583077408,16582.847101268442
0.03005008347245409,0.04521424596549805,27203.78932812121,22414.16519099986,12784.332965171534
0.02616882080740386,0.03263124301898835,21279.405540070533,16222.155322376024,11951.128590915727
0.032586135325861354,0.03289746782897468,31304.786999955697,22169.51274359001,19632.168334557668
0.022676246070947464,0.040862146385271664,10035.322228492827,12767.954820165398,10345.4225927727
0.03214200047973135,0.04701367234348765,13206.96322463944,17256.086734126744,14909.89282326632
0.04883227176220807,0.0381104033970276,16079.101692097913,10546.159504131943,9540.735245974347
0.014311926605504587,0.02495412844036697,17132.621966235303,13285.228383656766,13283.27371634465
0.026848497762625188,0.032601747283187724,16211.119152088491,10148.312225691468,11503.521280052293
0.024901185770750987,0.032015810276679844,17586.933791700892,15535.378685747832,13509.153542253987
0.04059994828032066,0.03542798034652185,11697.674915048057,9326.49817691662,10497.721934004501
0.03982469512195122,0.043159298780487805,18576.691042457584,14261.92856999349,10734.001862704506
0.03479188900747065,0.03255069370330843,14364.34523061352,12788.691535611573,17265.38210308931
0.01946141661009278,0.027947499434261145,16374.45233585888,10902.700862585038,16085.949005406417
0.035260352603526036,0.0476629766297663,21232.95171362578,13853.933296825247,10725.603992168255
0.036661169605480146,0.032094380312063936,17953.995432232357,15574.159735852927,16218.649869196392
0.02428157718868345,0.027511695255067945,14461.08296483527,13164.581487151116,10869.166876410098
0.037775082308092185,0.028331311731069137,21904.994928919903,20252.502550204328,16700.79279074032
0.027692934229281204,0.04530645489716962,26840.101805255166,18853.6748192429,13352.577096833222
0.0196078431372549,0.041261722080136405,15939.045753216053,18072.419625134753,15947.128138324204
0.039790575916230364,0.02544502617801047,23925.382058205418,21292.099693384636,16143.782534365504
0.05327736519212141,0.05892799483371004,17414.101128330836,10518.625665984011,10051.639925246736
0.022939866369710467,0.029175946547884187,13425.25807427152,10599.560906784933,12457.98406142947
0.030626986420109796,0.04218433978618896,16895.764949665823,12174.488885158782,9231.274761964763
0.040131246845027765,0.04278142352347299,17412.148871192177,17870.34813651872,14953.556808276515
0.016995073891625617,0.02438423645320197,16340.697844643624,18185.436512579075,12130.759371918528
0.024845916795069336,0.030624036979969183,18875.384658870727,10963.084773054847,12897.667022243008
0.03819784524975514,0.05582761998041136,15820.397514040298,11011.279172499464,10414.711535061193
0.024047669716961057,0.047988933815705466,30388.814299921432,20383.560835372333,17590.40098198798
0.04299029864941982,0.036047175194978125,14809.570559040343,13766.946328952423,13653.269839312861
0.029579472558802566,0.033232359230220956,13913.107941238899,10679.455802467399,9543.676772576853
0.033532253481102586,0.04305200341005968,15702.019622013584,13137.58826998234,11729.444142405053
0.02863202545068929,0.04745493107104984,14353.679858982037,12717.925152351434,12886.286195383893
0.0209015361369932,0.028959959707882146,10313.761314775707,6925.445142631899,10829.07611094275
0.021559805024371954,0.04190101237345332,24464.81202826003,15207.694013010112,15046.110136401845
0.01971153846153846,0.029086538461538462,18139.885036710668,16741.7166207236,13367.721143380242
0.013060513713539399,0.025576839355681325,19523.06989983557,14285.207232689709,15194.8562494823
0.0326619488296135,0.03774269642533116,15367.553316967318,11995.591077180059,13122.85689808686
0.014887892376681615,0.02744394618834081,18199.804816279324,17643.44596759082,14750.81285594883
0.040535714285714286,0.040535714285714286,23717.706621739475,15757.66559069287,14366.727404089817
0.029797745870001544,0.029797745870001544,23228.600453612027,12382.063311670025,11736.153388390778
0.04852941176470588,0.05674019607843137,14876.070095516849,12265.391387851618,9985.589793932597
0.04347165222678218,0.046207630338957285,32178.828614515864,32205.778023192106,16989.51793684427
0.02385685884691849,0.01833443781753921,17002.39994821308,10804.111887081799,12088.531307221563
0.03091684434968017,0.035181236673773986,22708.376255212315,17148.812099621035,12245.173824179277
0.028940568475452195,0.04246339362618432,28901.153615187788,23299.755386572215,15174.534591679861
0.039600873090115375,0.053009042719052074,23251.07488866125,18025.042358433537,15092.031018192829
0.013352073085031623,0.03373155305692199,15147.606254975555,20928.224751905065,20781.549189828693
0.03293336737298953,0.040464641307122795,25433.02772930037,23484.278936810384,14418.28186600718
0.03283940728874649,0.03604325190228274,10180.541645475787,12489.067689122487,11064.866305594205
0.029918621349928197,0.03434657730971757,12430.296203350701,12924.846328989086,10526.2082146511
0.018337699452250535,0.026077637532745893,22305.253328501647,9825.61342601596,11082.549514541292
0.027158595951831923,0.054317191903663846,14704.422218919319,16023.605981541683,11661.84323137654
0.016777552791437663,0.029939253688168934,18664.815452722316,13879.589189988203,11442.844680730515
0.030974451729595297,0.04612254126158716,14122.116241780095,12615.058683450377,11833.26855409259
0.0460205739036275,0.026123443421765025,18032.017993058038,19564.500488884965,15570.141019491482
0.032469105888054274,0.03961715531863339,15430.17997638464,12264.72012160524,11192.06362460623
0.03650162631008312,0.03876039031441995,18914.624407209747,10195.348838929422,11077.195361250406
0.027331525140830377,0.04454412685165867,16816.137904655163,12886.758311108544,9422.31130264189
0.043676662320730114,0.03552803129074315,22038.942531806995,18810.970134191728,16550.00107334277
0.044621749408983453,0.044178486997635935,20552.847994163792,17428.660055149023,14362.983119263534
0.02518891687657431,0.01815701091519731,26300.98162017764,19549.107334516295,13527.666130177256
0.02888716556804963,0.034412563008918186,15460.742768103717,7273.651130343271,10793.536372350289
0.028954423592493297,0.05697050938337802,20935.8065811689,15862.53281097464,11204.878344582889
0.012512613521695257,0.03955600403632694,23835.150556362372,14289.8078368886,13717.95676148384
0.049775601795185635,0.04039167686658507,16019.366235394695,11519.697520149926,13121.900596432817
0.03125734430082256,0.04148061104582844,24859.41698556546,16108.857572614463,13791.997952274109
0.03215434083601286,0.037942122186495175,17688.582782070618,12127.765948918855,11892.05260703236
0.019561194818926778,0.03224953740417658,26304.70348571874,14898.313042111833,15871.72164743412
0.01557632398753894,0.038495772140631955,28777.54257367572,15935.214718096566,12434.64554925912
0.030318471337579617,0.05592356687898089,23193.41858157953,22729.71520017753,15967.976558856042
0.05289006422364941,0.022289384208537967,26690.428196896064,12199.338947575794,13696.330483398406
0.0329923273657289,0.0350383631713555,18581.225744805997,7029.86373744312,10769.451475510896
0.029832646131457675,0.0357749211739025,20893.924075245573,15845.819536804484,11956.259500650964
0.030235162374020158,0.04162000746547219,29337.25380409501,16634.929189143488,16873.059969579408
0.01651722510618216,0.036455875412930626,21483.19534234014,16612.300083746795,15012.598072487415
0.021482122260668972,0.030709342560553632,25171.45154302147,13699.267380211091,12636.073650028731
0.018300653594771243,0.03148148148148148,19606.354575824742,7768.320701687244,9927.774501158912
0.022701038861100423,0.037514428626394765,16570.78327365847,15498.814364264075,15486.989024644301
0.03470715835140998,0.04468546637744035,32587.21218211235,16264.247328288435,11247.569206572918
0.0493434985175773,0.046590427784836935,21765.155499611097,14007.228046189866,16286.08253126446
0.0255928621742193,0.02958440948579479,19514.936330526703,12481.859348624961,11672.30604282084
0.03560975609756097,0.03768292682926829,27646.509981011415,15630.647606456212,12528.11196827053
