0.020636792452830188,0.02535377358490566,20735.39819504743,20769.082950351338,16842.87811995595
0.03040427664550618,0.02639492148346141,19401.028632847043,16020.233408991327,15117.630043744344
0.018681706027493833,0.021854071201973916,22246.793936272956,12951.110889672667,14512.255705370872
0.02503713133884999,0.02938680246127732,25704.43843717076,18858.90498004428,18764.96517072021
0.013421292083712465,0.0316196542311192,11864.361066094221,11600.997679476914,11855.250621656694
0.009656652360515022,0.023068669527896997,20581.844803661465,14140.570262099454,12749.50656543177
0.031112737920937043,0.03275988286969253,27082.38612838073,18585.31689335746,12208.926518521275
0.014128352490421455,0.02849616858237548,16466.698803891933,10394.951905443926,9623.555854071186
0.019262981574539362,0.04201563372417644,27995.607895762667,19042.519729895695,14673.72131165865
0.02674591381872214,0.03150074294205052,19195.779141631447,10978.702689359892,14041.001113139011
0.02101956994443102,0.038656680357574295,27871.73075722888,15946.023796171314,12770.769710127786
0.009406846093545859,0.028612490201201986,24296.34676477703,21603.292785285434,17774.728572565327
0.011992855320234754,0.03329931104873692,17935.642171518437,19045.407137053473,14738.886332705815
0.017419545320342487,0.030410392677886033,21188.509155532163,13635.006100679559,12580.729916372995
0.013885966757837155,0.01883021249737008,19357.19057293741,17842.31457453215,12059.820496328462
0.024630541871921183,0.03469693724566288,23844.899735280233,22609.127018938532,18281.79146594563
0.02818289318092235,0.033996846669294443,21234.634514215795,17017.985380925777,16383.909208736151
0.03246222948142099,0.027766435279706004,22646.588291860866,16944.47581596792,14461.287144065283
0.008173076923076924,0.021274038461538462,14191.197597943119,15955.524177068668,14565.647555643895
0.01555352241537054,0.028972247636474536,28873.79222008575,22163.91713893691,14071.496822787785
0.041666666666666664,0.030637254901960783,28723.3665759808,20870.1491164442,15632.716200208168
0.02675508804024697,0.02961353761719643,20019.28671468143,18746.118958130275,14740.361435207637
0.021064552661381655,0.025141562853907135,21198.01484827067,17268.290630713185,15145.176478839066
0.01648925067835525,0.021603005635566688,23324.91924682718,14187.699411803002,16159.095012992004
0.04426070038910506,0.03818093385214008,25403.043870586655,22184.759063015495,15983.708124435798
0.01801278326554329,0.02295177222545032,16475.79736604542,21216.52184464751,14219.259405114102
0.01873327386262266,0.04921201308355635,16673.224003630035,10615.137712131002,11997.271859747649
0.019507186858316223,0.024640657084188913,24901.592538589986,23163.899053054192,17115.77065965413
0.022916142029715435,0.02719717955175019,37530.579662508615,12861.861177626803,10737.353995077225
0.01909051909051909,0.026061776061776062,30818.68633894271,20973.28103807378,16138.521056157157
0.018065268065268064,0.028554778554778556,20335.45125778705,14280.172592625231,13944.530520885743
0.02284325637910085,0.02563791008505468,23486.892193177566,15295.994243502122,14378.615267553241
0.022843822843822845,0.023076923076923078,18779.948975002422,17042.314914513,12510.91592392356
0.013833528722157092,0.02966002344665885,37087.60914327702,18905.802399886637,17527.495614460833
0.013371882905674015,0.03505601734730755,20973.040075902172,20694.966829175173,15661.200783179393
0.03150723814930457,0.023133692875390292,25342.900284326915,14317.375303896879,12018.22817945987
0.013291445142580956,0.03359110681488642,18902.42062511209,21072.79639926875,19868.06971122548
0.023202911737943584,0.03230209281164695,25087.601672456993,16974.611971837992,16370.513563890108
0.025830258302583026,0.031570315703157034,24928.171468390272,17255.262672814715,16454.008566121487
0.01657608695652174,0.04076086956521739,15602.657606885576,15199.828425387417,13928.256392966163
0.026463104325699746,0.032697201017811706,26014.20484921548,15343.649829177202,13012.082122200853
0.014823599169878446,0.021345982804624963,14631.70670500548,18062.988406287765,11708.914372043646
0.009415741187831965,0.020038628681796233,16541.20741118108,11865.334509028498,11074.918097339705
0.01567398119122257,0.03619264747791394,15708.879213138685,12392.079505543325,11085.780639263123
0.02382875605815832,0.0385702746365105,20313.008944133057,15773.376391442032,13312.965831203383
0.021639817263765328,0.02789132002885309,27392.528802140667,12886.867104735324,15117.250963136583
0.03587356990498352,0.04363001745200698,27670.591685609605,18810.553670384852,16202.147571582716
0.02754151478331308,0.02814904819765087,18140.054505736218,18559.022640700932,17146.3325259363
0.017615602390688895,0.028703994966970747,20549.40579032721,19592.555641147606,19250.62932961523
0.02174469173701714,0.029930928626247123,22401.882541360617,15714.277995868439,14443.701224693954
0.03213242453748783,0.03870496592015579,18172.031386013437,13083.541820372735,12206.53818328669
0.019902697921273773,0.0310703228659885,20610.142323316544,15641.491806366359,12475.539659555934
0.020618556701030927,0.030113944655453067,15756.579321410703,17208.822763140895,13995.710111890321
0.016484648670925202,0.026169379765093755,18569.708918493787,16396.82399098842,14391.02934997368
0.01717855283706403,0.03735033836543467,15157.156608822668,13052.549315083977,10786.219987204055
0.02362609142270159,0.02285567539804828,13162.956924477561,13711.09052923969,13230.092569009517
0.021507810731265564,0.0210550147158705,28413.24934536594,13277.53857919198,16592.268365174074
0.028183023872679045,0.02420424403183024,21061.4502062861,20341.01333006885,13953.904948301542
0.017035775127768313,0.02032124604526649,28323.867707137044,23354.628575044942,16636.585308043177
0.017446471054718478,0.028548770816812053,31390.632526842226,16634.0144991983,15600.36145936166
0.02242345838723588,0.0342101480523214,24085.597907584634,24244.15370874086,20249.811464563267
0.023023023023023025,0.013638638638638638,20857.162287483676,13612.731578864137,12752.412447891262
0.03289321287931434,0.024090803798934444,14883.630979447662,12285.523269461477,12117.870257269271
0.037197024238060955,0.035637149028077755,22393.620053670482,19365.946773487336,15132.174551592077
0.03171521035598705,0.029449838187702266,26688.65073977368,20201.796858892587,14742.748010854644
0.007976955461998671,0.019277642366496785,11922.049180561131,16424.31662970203,17024.173430369927
0.02709546720688782,0.024436566219296026,21252.385421554904,11763.66771229095,12838.234857076757
0.01741440377804014,0.03615702479338843,12254.377550491941,18215.54561913828,12787.219519145701
0.03767660910518053,0.032574568288854,20857.391764222863,16057.544084287929,13501.383317339543
0.015947712418300654,0.021699346405228758,15816.991209081074,12675.988932080882,17374.092464554007
0.012002824193927984,0.019534008001882795,18469.359193198914,16796.861350981024,16027.20665296869
0.012325656827765165,0.030003243593902044,35911.117468937606,16125.921355482744,16570.621266415063
0.016559648529908752,0.018080432578573842,30726.096861988353,11132.053821046056,13287.545283609003
0.026901294498381877,0.02872168284789644,30448.0674099518,27844.46652628162,17592.11390532303
0.014767344664251881,0.025076623014767346,22848.271112537455,28848.9873480407,16591.48882568386
0.02528977871443625,0.02226027397260274,18444.964625334676,18903.756390516708,16429.94051589745
0.028460997891777935,0.033555867884750526,23048.482535074625,13739.133294076844,11709.84823391856
0.013915732508697333,0.027831465017394665,15903.040118257913,14336.46721560653,15436.035727256725
0.023629272768983713,0.03131452167928424,26141.21259630002,14335.404648103093,15071.95650932199
0.016452939753205904,0.02552625211710622,15447.35245148704,13013.644098109455,10837.84622834248
0.024851844771554197,0.03326323838654177,13888.588808361112,16343.331306078233,14270.486135096948
0.029974811083123425,0.03677581863979849,15389.79804989068,13751.035153207336,13026.663331941376
0.0125,0.03176020408163265,21999.21059131236,14794.925117901968,13700.281459918826
0.014645703209132027,0.02423002369157872,19326.007554801483,13166.957033790246,14518.327644036757
0.017314864144912095,0.02424080980287693,29014.198064014206,17442.410159190655,14948.756953320584
0.024327485380116958,0.03871345029239766,20108.937115916768,18853.208764401996,14211.615830803028
0.014109799897383273,0.021549512570549,16164.81013611298,15540.50403397098,14726.276364286567
0.009759581052130446,0.02701737681504404,22299.25054372909,17231.744616567696,16944.349904939427
0.02783203125,0.0279541015625,20178.805849709614,21876.123650115907,12012.976334358516
0.017506791427709025,0.026109266525807424,21771.204983992524,19869.958231757104,13387.53805038608
0.026337968815844923,0.038348082595870206,22616.650581413458,14374.236626611588,15695.935433994713
0.029890401859847225,0.042178678180006646,21676.897654303415,18113.240218321902,16789.174306163473
0.022722003246000464,0.030721075817296547,20356.502302570334,13395.259410761892,13873.8837969163
0.02766531713900135,0.02277327935222672,19949.118732970965,16828.6134072178,13535.550973279409
0.015644298065047343,0.020275833676410046,15211.409378776707,14198.425697056324,12130.201732577869
0.015360684425432626,0.031013027415905114,17890.479444930028,19006.785029199662,13322.698496095096
0.041720990873533245,0.04997827031725337,17403.0542407583,15803.094464795295,13472.738105864133
0.042647466075879256,0.04444752146219884,24714.57459354747,17172.47660656287,15935.219140527743
0.0056568196103079825,0.026555625392834695,13540.684107276882,16704.824120307007,12235.495792912498
0.017350157728706624,0.019453207150368034,20341.729279990508,18885.795883587176,14531.214634696444
0.014215686274509804,0.02389705882352941,14441.113834471584,16052.510889262214,14184.511329357561
0.014801806322127445,0.015679879578524836,21021.1284387867,12645.567943817648,15516.053145034968
0.023293357933579336,0.012453874538745387,27098.24215966999,17008.292372008247,17206.560608740612
0.03739198743126473,0.03307148468185389,37301.049571880896,28566.600782684833,23570.36884877421
0.012203626220362623,0.04053347280334728,21290.431774803612,22503.298330572623,19804.594052075136
0.016862544711292796,0.026656446942599218,22551.639867069556,21982.98987403203,13949.060589917664
0.027876330461226558,0.024328433857070453,22063.30888010637,18839.659998151434,12685.4656760958
0.017205422314911366,0.017075078206465068,29726.364003944993,26520.967234172644,16307.460637849064
0.0286098956580276,0.04055873443285089,18180.234654262305,16112.137190477364,14107.80598934219
0.017202859696157282,0.035299374441465595,26495.091170285676,20288.163479744806,17821.227388941108
0.018215417106652587,0.030755015839493135,16239.728378309726,18609.35566692257,12230.161711856164
0.025899610359844144,0.029108411643364657,19724.030799907705,13328.080789048425,11310.281889573112
0.01503369621565578,0.02825298081907724,21638.882908145122,19014.03481224073,19323.134929832246
0.032223270864230824,0.03390858837805043,22432.931318831954,20763.801462274227,20032.47355511458
0.019758507135016465,0.02689352360043908,29821.716044977707,22684.678830274275,16165.060793547807
0.015066394279877425,0.027706843718079674,34198.504508569415,21908.92840247149,12672.803758063415
0.029631538263334194,0.04779695954650863,27822.958367062496,23145.942249256488,18663.288428310625
0.03602345713487853,0.02666852834403798,35658.33624871622,17501.586896450277,18389.710812453603
0.021394611727416798,0.023474643423137875,27732.617573413274,25536.71604641386,14842.08530622323
0.025047709923664122,0.02838740458015267,23728.657247069557,17893.97417556622,15265.046418411262
0.009411330503782987,0.018176785384757334,18674.35613171129,20496.255689229183,14066.555991940333
0.014212982605006363,0.0243954179041154,24230.205015113654,18218.18875107125,13867.49332145367
0.028368794326241134,0.029741477922672156,22549.706221919747,15406.097376992413,14196.808903788522
0.018620397799407534,0.02496826068556919,12564.779132343927,9007.503172129313,11135.901225759118
0.011768255884127943,0.03108026554013277,20976.205057451643,22597.8673468719,18456.487960975915
0.01989359241267638,0.02347906546379829,20560.172192113023,18527.14119724886,16162.111179481322
0.024049217002237135,0.0296420581655481,33323.488503464054,17825.421693916305,12764.389172972418
0.02367797947908445,0.029597474348855565,23810.194593304324,18965.30952813739,16655.401523990884
0.013602251407129456,0.02474202626641651,21088.192011830568,18334.677110203247,18961.325410568224
0.02648440837249039,0.03919265271251602,18702.486346225563,13369.067968237456,12898.621669411908
0.012450119712689545,0.024341580207501996,15335.473418485812,16864.385833821332,17987.408680494336
0.009554140127388535,0.02257399775196703,21095.158837995867,13805.18232256739,13283.477760230457
0.027014652014652016,0.027586996336996336,31376.758810426938,23497.52091378644,16801.818231893714
0.018498367791077257,0.0309031556039173,24048.28350328159,17792.298609293524,14197.35699008413
0.03104026845637584,0.047399328859060404,28146.87247362485,23459.40239584957,16069.342862416077
0.01871544023819651,0.028392173543173117,21397.182790174244,16787.628706643838,13873.845261738863
0.02109938922820655,0.032620766240977234,27355.940539180934,22837.40376661927,16971.457516708084
0.026090064331665476,0.03609721229449607,20766.53537571722,16304.475070836774,12580.135161306393
0.010160680529300567,0.021620982986767484,14450.412652976353,19111.921654704744,17012.369207438704
0.016280844568812007,0.03790384126176546,27802.623680827513,14785.25141698989,15791.02471914446
0.02632128681846668,0.036766241905159806,37739.63589905027,16800.300016172285,15453.456889354855
0.011925538103548575,0.02617801047120419,16430.049026677123,12254.076621234091,13735.681625926603
0.044007248252653376,0.03184053844162568,12932.691333805378,14279.69952682792,11416.716926790365
0.009421841541755889,0.020021413276231262,20940.216754215824,22634.715553519203,16724.06288334617
0.0147378593863252,0.025126842232423292,21451.84613394318,19522.06929086036,14103.405872048073
0.03702830188679245,0.04044811320754717,39816.19873703119,23907.686701667273,20610.832204783095
0.017697081130774533,0.024132383360147093,25345.599093423305,16516.283631236794,13772.680175490364
0.02222753346080306,0.027963671128107076,33800.089738622875,25871.68741221566,16160.077723695988
0.01694915254237288,0.04070026761819804,26718.225984402055,19946.543985625693,16146.70356510105
0.023560706821204636,0.03686110583317499,18667.470024607497,16497.637292146534,18574.496886931724
0.029635671560630777,0.027596519847743337,15241.808191198108,13679.147907147102,12652.993361505243
0.0244320617231033,0.028825546506643807,21819.582752219623,17418.33197955985,13175.061868592451
0.02167434299647792,0.032376049850988894,29351.076332095214,19221.591764686935,15517.432914483985
0.028870558375634518,0.033312182741116754,11851.256212977012,10817.237837246477,11550.865667982367
0.04150943396226415,0.023751387347391788,12019.524546096729,14268.098211430688,10844.699994811643
0.023492286115007012,0.03138148667601683,23568.77088440398,18610.29148701081,15038.469006844936
0.018308227114716108,0.019351100811123987,23470.72017715801,14824.110598072497,14036.58043385112
0.030347349177330896,0.03546617915904936,20946.866640281256,16892.058254921914,15381.368706531637
0.018554900676708144,0.02608600742196027,15044.504253521287,14737.281871139905,15885.820804463294
0.019762845849802372,0.030093424362199066,21255.45102529539,15729.232588814044,12875.630168118554
0.035962301587301584,0.033854166666666664,31236.704199887223,23503.095950086707,17747.93998366891
0.027393391697260662,0.030923467946907653,20445.149432530296,23784.2851584849,13697.122381790938
0.023156474820143883,0.023943345323741008,28221.77966655873,16012.44342432861,13837.439265443207
0.008565310492505354,0.028729478943611705,25420.06949938572,13641.903548290928,15126.602063030818
0.011008256192144109,0.02626970227670753,18117.96622644841,11742.721081640891,9922.28649379369
0.013866039952996475,0.032432432432432434,13920.945282358698,16451.7796724581,14238.866892464555
0.019633754955635265,0.030677742118180102,25238.920588235113,20740.951119355075,17304.459941178717
0.013947990543735224,0.028250591016548462,19462.80428038837,19644.559209074137,16712.040139042925
0.016898008449004225,0.032739891369945685,17114.94608354092,12828.340300438891,11931.967177164968
0.015169471438729557,0.02334676463616971,20395.28249107621,13999.694842168037,13153.511340091765
0.01757770632368703,0.023258306538049302,26345.561571808474,29187.975929599,18727.56414335412
0.026940517471325687,0.03494265137369965,23605.544816140897,12881.378924591083,12143.620349386247
0.025210084033613446,0.025960384153661465,16897.98534027192,12911.086985244001,12662.033461789166
0.027001862197392923,0.037243947858473,20798.920594422365,17026.70996350103,14749.286837990163
0.01544607190412783,0.022902796271637816,18480.87840437424,16362.846055784112,17940.202991911297
0.015819964349376114,0.02606951871657754,25987.97793470867,15622.868874740592,13719.596252105459
0.02396294804671768,0.026681433749496577,28381.500413499034,17499.993142093324,19189.38090195731
0.020542481053051457,0.03230953330674113,17190.340229414986,16303.71319118215,13495.200402769302
0.02186017735615591,0.03392452051969478,16916.64902653386,12255.630746966583,12435.92270599289
0.009551967250397999,0.03479645212644985,17908.4588559277,11681.206532087452,11888.383149339139
0.01705179282868526,0.037370517928286856,19265.09126061379,16586.425182231585,13096.402931253264
0.011010362694300517,0.017810880829015545,17479.420382823686,12272.92271854692,15106.177195314807
0.012600229095074456,0.028064146620847653,19205.92848105631,15399.277131382685,16778.38324625873
0.03694641546366528,0.03878150232444336,24714.918465034065,17450.044347913485,14737.84914247419
0.021077844311377245,0.026347305389221556,26060.858069278547,17279.915547908575,13101.244990317848
0.01756332039193936,0.026252542059530412,26836.31547036447,16770.50491617393,16572.52099406979
0.018821966341895483,0.03675819309123118,22470.01072167053,20930.927347871846,14914.056490763645
0.021597633136094675,0.0378698224852071,26059.962414812337,13874.605290614676,13496.46231490021
0.016079965232507605,0.03737505432420687,23841.62725893009,19371.94207602573,15885.564116690595
0.02398560863481911,0.0300819508295023,27678.498533341295,18969.428252340644,13883.893353470756
0.027970411465557097,0.03814147018030513,19604.986067088314,17971.96312920778,14385.287974636005
0.030795344325897187,0.02352085354025218,24150.649702003484,16491.848100323972,12300.444106007908
0.018453188602442334,0.0344640434192673,18433.331032605416,17326.902096020458,13795.663780893736
0.01769032001590141,0.015503875968992248,29379.050571597203,19519.227914460327,15758.792972710931
0.03431930223739098,0.037732271520667424,20630.50345789655,14815.720218648756,11833.605429446596
0.013269274765499885,0.03202928391672386,21170.527547888676,22236.731033174096,18523.1413085757
0.022662213740458015,0.030534351145038167,22707.789545401123,18823.48219736455,15075.294531242365
0.02062446290461186,0.028501861930678888,16625.252027314586,18091.21047311285,14798.801600744371
0.01042248278429183,0.038619021031081335,21648.958414547928,16906.80659056537,15009.94393367327
0.03011650912288415,0.03572213673334799,21737.554608365288,16145.971458903434,14568.441135291323
0.029037610619469027,0.04120575221238938,22156.18302469679,17526.682911842225,12321.196156599748
0.035939139559286466,0.019018887722980063,17427.416074359804,11538.145005059005,12693.375679293325
0.015815959741193385,0.02683920440929787,20702.16961163983,16768.033127716968,14782.534143066665
0.016571256402530883,0.03028020488098825,37806.919909314995,22298.652428023146,17071.76372576257
0.018290406868234417,0.045166106756252336,18708.319305283636,15370.675681412882,16799.835670988432
0.019128253370962685,0.026810912511759172,15414.919893160106,14378.606796227445,11685.554524500183
0.01780821917808219,0.04422700587084149,16983.588449434203,15699.543757187612,13580.295002637527
0.02256972432693858,0.03474125423182331,27837.087336324512,20447.320623695097,23163.523259076268
0.02104400109319486,0.030199508062312107,25074.23092028306,25318.144474292538,16473.9865166531
0.017816449140252745,0.034286306194323594,20174.35721144881,14725.609312755323,11749.62873349023
0.017195767195767195,0.02447089947089947,39897.141151444834,22121.69796567276,16493.37529944604
0.014138438880706922,0.013843888070692194,10465.214548473434,12737.11836711096,14202.147336742397
0.012932106441183784,0.029345933847301667,17780.98921954538,10721.320520555431,15153.935964851893
0.03769559032716927,0.03627311522048364,19965.366687647092,15575.293563016334,13518.28141154595
0.02648347272003186,0.020111509358821188,20279.772987049266,19319.30249084889,17004.809968990066
0.016694033935413247,0.027640941434044882,30724.875353697265,23611.107038086553,15493.290184743906
0.027531355154481494,0.03884980116243499,29759.521457400537,21938.52510848445,15872.893365762702
0.03034188034188034,0.04294871794871795,26936.27922892912,23329.04885043985,17293.36677397436
0.02653631284916201,0.04229848363926576,28188.810135370582,23582.71466348032,18586.99345777763
0.02177650429799427,0.027363896848137535,15504.883770082244,12640.413902041711,10745.326532832594
0.0185139471735374,0.04850654159466798,22530.44708250425,22140.336422173386,15513.080186297977
0.018730976352142357,0.02915008194802154,25125.179057960708,18200.245182465642,17187.632176257783
0.009270704573547589,0.021837659662134322,21612.52896033256,18245.743992414264,14314.524384577222
0.03110787702383118,0.032472257595051846,26391.656790894984,23010.780836013644,16032.062447000373
0.029876977152899824,0.05171980918905348,20989.709441578525,14403.006219869536,13813.536661397182
0.03260384100044663,0.036065207682000895,13705.986408914345,14234.978739888078,13413.26811558127
0.026186979931473325,0.022515907978463045,32768.25852936559,22128.130555107935,16393.202831996095
0.014973694860380412,0.02509105625252934,17778.836776868568,15549.130605036822,12722.515038233098
0.016066212268743916,0.0247078870496592,24682.395567239404,22529.05820237067,17839.33195374657
0.023799126637554586,0.034716157205240177,22557.496482582115,18621.108654958032,14702.327294202849
0.018753447324875896,0.03130170987313845,22704.15390464119,15056.239416436423,12719.090445354172
0.009711779448621553,0.020363408521303257,17015.7232922803,13635.128824091807,14578.387620251167
0.008726003490401396,0.026614310645724257,26844.13592112474,15887.221143020914,14018.838534124885
0.018007878446820485,0.030294503845432377,31992.371625032232,15185.328046489467,16542.411817529497
0.023381294964028777,0.025179856115107913,15906.905234123891,19014.978907045697,13399.249409900392
0.026711996114618747,0.029140359397765905,14726.693628342258,11638.41929488727,11117.847598551813
0.011075042963528738,0.03790337979759404,20337.15274966761,20547.216111864203,16188.685416570945
0.03419791838757641,0.02957211300181728,31828.025662463922,24854.12958899508,17270.59240091201
0.019447287615148412,0.03207096554077107,18181.75747233924,10606.422986333568,12636.462278999472
0.029964291259121253,0.038192827200745225,17066.734499749036,13943.300375518218,13658.396831225476
0.029419851525982952,0.0380808358537256,17123.41832770957,11343.243744357713,10372.503568431433
0.018656716417910446,0.020149253731343283,23093.084513680005,21342.736293923546,14104.96742565255
0.024440619621342512,0.03115318416523236,13369.451429124738,14795.512381640212,12908.542893742526
0.021377672209026127,0.028859857482185274,20783.42000010707,13431.717543301527,10803.138409314914
0.023317949963565704,0.036312849162011177,21069.416780253716,21064.914335363395,15390.21532165107
0.03003308729956732,0.032069228811402395,20410.379174709058,16224.654200569026,15081.655488158804
0.020197585071350166,0.03534577387486279,27862.40730073952,21638.196735768528,14086.781632500139
0.016844469399213923,0.02737226277372263,10132.887016581615,15083.985842947552,10843.304184323997
0.024446301713330548,0.02768491433347263,18340.84450579912,15485.335227697908,11846.456166510721
0.024645057594428074,0.0336190731315296,20938.566094034497,21009.007253324653,17487.342575563274
0.021859296482412062,0.04271356783919598,18275.317660367,21545.96691283069,17842.78377059842
0.014140153878145144,0.026824703680598878,29539.622529037162,16969.142811625014,13945.28426703511
0.012951744307499478,0.03060371840401086,20235.720315702652,18720.10685354767,13812.78851442601
0.026003649635036496,0.028170620437956203,21262.815552407035,15789.685818058832,12646.204144108862
0.012111517367458866,0.024794332723948813,27731.595902726654,14883.630423763852,14313.955980323068
0.014078006000461574,0.028617585968151397,24694.878547242228,13788.937675122137,15402.558475351636
0.01815147089505529,0.04350093886918423,21504.899084479388,13586.509417838488,13309.362525734728
0.019423558897243107,0.02600250626566416,24991.12857625231,16585.488317608924,13511.891870485979
0.013632119514472456,0.030252100840336135,21796.34657431149,12222.91730447446,15292.206807152019
0.01674418604651163,0.02930232558139535,17869.5651428276,13056.333263756198,13040.511202314958
0.01652006007294572,0.02531645569620253,17070.613568381723,13080.766795565989,12046.263617409717
0.023473282442748093,0.026145038167938933,24987.49957811254,17947.633209550822,15485.13086081585
0.01342925659472422,0.023501199040767386,18409.574886721733,15739.59700258836,13551.945451371535
0.0292855339560717,0.032693764200959353,27162.718403631075,16050.508101055075,14958.99426432347
0.029700272479564034,0.04100817438692098,33564.16150864717,24916.283680895733,17960.556218525544
0.01907238838318162,0.0193974859124404,30151.166248107944,21949.26308454462,17523.243136549758
0.029086809470124014,0.029988726042841037,19749.438153902753,18210.07993677083,14617.090068586529
0.05054229934924078,0.0413232104121475,24392.529332480713,17340.981634438132,16782.369497009582
0.015365551425030979,0.03618339529120198,13578.949515892422,8480.603617157922,12380.722219718993
0.024843222383019777,0.03147612156295224,16753.13624166134,16458.950917723894,14834.450205727258
0.017435897435897435,0.019316239316239315,21230.564043018883,13165.926563499102,12573.137226007464
0.018637157833430402,0.03654630168899243,21958.103886795416,16581.916644413828,13410.71733166219
0.021091484313208543,0.016609543896651726,21529.74742487887,15514.49281015229,12655.097859902988
0.03414755732801595,0.02318045862412762,27351.603703831574,16393.554165489997,17209.445678452794
0.02123730378578024,0.04155124653739612,20220.476289556875,14595.984254560864,13849.539618436884
0.02244039270687237,0.0335604087357243,17989.135866515073,13140.182734037358,15441.236616118877
0.01042654028436019,0.024960505529225907,17281.12164217124,15712.873264381347,13746.075281930502
0.019158053945046636,0.03264431560373078,25165.101197213644,19967.261948191317,14598.926182237039
0.02004499897729597,0.024851707915729188,28121.336270272674,11383.052039810202,14287.563731241602
0.01687116564417178,0.017765848670756645,31615.92639324356,11823.148137178727,13604.03599063581
0.03363914373088685,0.03893201599623618,26024.443798000844,24321.20053857008,17238.99953582281
0.01922563417890521,0.03190921228304406,23974.781436967387,20066.71551568901,14659.33990852843
0.032479414455626715,0.03350869167429094,18922.59225535314,12567.867967917415,12728.859951830127
0.02678341488539789,0.031419005923255215,22456.01559464201,17913.800257535324,16237.270875178687
0.018468223791417708,0.031233025529603477,23355.497110938908,15030.264784363957,15167.74550058494
0.023698602390115453,0.03767470123556816,16423.880160869547,13842.370664405105,13085.300740214057
0.017739975698663427,0.02381530984204131,20057.041692852705,23153.676862128403,16546.97682570389
0.022533800701051578,0.03017025538307461,22466.63279779518,17024.5843606032,14853.979285537636
0.03296449976947902,0.02120792992162287,12990.107762156655,14092.017509040757,12723.221117813842
0.010278514588859417,0.03763262599469496,25602.605576153215,21419.62078980048,16088.552416859788
0.016661707825052066,0.03257958940791431,15322.748507905404,12165.64953143196,14974.101007252766
0.02195306585919758,0.019934393136512744,22423.05326633688,12077.32316581739,11936.542247854588
0.019549511262218443,0.021461963450913727,25395.678402835758,22008.02313277417,17281.742098688115
0.027331189710610933,0.025187566988210074,20521.67872902005,18846.95439637284,16742.34325226163
0.015259660349495446,0.027196652719665274,22368.684064513825,16696.7307903563,14390.332686860424
0.03200287666307084,0.039733908665947504,29369.170454970837,25494.87495252657,15519.88937980701
0.012783505154639175,0.0331958762886598,19289.724501651628,15070.494845050494,13793.249821090645
0.03200253485424588,0.033428390367553865,27370.847484643076,19590.109389358022,13473.10312516357
0.015222118670394533,0.02174588381484933,10769.378344511806,14223.45713172261,11700.60596258573
0.021674387822634016,0.020764394440767702,22810.47251633062,15206.105472880192,14418.874254687034
0.018893028206492815,0.04177754124534327,14493.255555092206,12301.672962141347,10648.986664995582
0.019074868860276584,0.029327610872675252,19034.577813339874,17182.37867322131,13084.129049503828
0.012587751149842653,0.023117889130961026,21709.865637964318,13681.717540054475,15679.224474282413
0.0452610351781313,0.03114496975128837,28599.218094142263,15473.407860909636,16105.51089417438
0.026015074155117918,0.028324823729637735,27445.276370351377,19813.046217647017,14564.257802805543
0.02009518773135907,0.03952934955050238,18793.24475656793,13619.06451047685,11807.787636273484
0.022784176264396595,0.02528793189784677,26432.242864378637,13474.402120698742,17575.829617886004
0.018387785256936462,0.02684288294204564,26392.291566257358,18654.918530261926,14460.732063267025
0.031117021276595744,0.041090425531914894,23514.641925117987,20106.533438767598,14472.531911960034
0.01931171081950978,0.035281010151027484,16221.17399596322,14697.891033325193,12896.500270939363
0.0363498674744415,0.023286633850814087,34955.4592722105,23678.57971875102,19173.27478397717
0.02108433734939759,0.01772474513438369,18913.4255370224,18417.728989080166,18919.631929594634
0.021480804387568556,0.03324954296160877,21372.7340929599,18094.780372637975,14465.108680721822
0.0193929173693086,0.03267284991568297,18648.16738312525,24020.308579556993,14359.239996354954
0.0134448760083657,0.038691365401852404,17015.57334272563,17721.071633577656,12969.956773336775
0.022151898734177215,0.028085443037974684,15100.963278030938,8329.771095226864,10241.490424119522
0.01735136514416943,0.023858127073232968,23395.76184314909,23105.44818199619,14462.041678270076
0.016411997736276173,0.029145444255800793,19397.853823296908,14924.009501513534,13647.407947505919
0.01543793320730939,0.026937618147448016,12510.031482232453,15675.204267229847,12237.491424462823
0.011734028683181226,0.020534550195567144,28890.27408628563,17233.251382821458,16357.483495062812
0.03427149147999234,0.031686770055523644,25179.71948118244,22549.925964943242,18236.239580752685
0.025559105431309903,0.03184238551650692,20431.774456647792,13807.127016739376,12284.757471668016
0.025344180225281603,0.0425531914893617,18995.85211083994,23242.300259537747,17747.71069206609
0.02922201138519924,0.04990512333965844,20830.666451065088,18994.85036126873,14711.077270282973
0.019652884124553342,0.028203164880040838,22025.565319623674,20006.123750353647,15584.276480440094
0.015302404663589992,0.03109059995142094,20792.226516489398,15582.395874769398,13149.788000394223
0.02990325417766051,0.024956024626209324,16549.59604790598,12591.205365765549,11831.38368686354
0.018624925698434713,0.031801069942540124,28268.06350329314,19621.68715419321,14793.022148327362
0.016003765591903977,0.023064250411861616,26436.724990778624,18319.584163724132,14649.545990389875
0.02041250265787795,0.03200085052094408,19595.85852334488,14046.062768272579,13081.447524165444
0.019007652431498396,0.03233769439644532,17690.32933064272,17065.95353264124,12007.80863064521
0.03222137983320698,0.028051554207733132,18273.100917956708,20502.33587507801,15914.810143680148
0.047086521483225424,0.03884638022366098,15051.026179426135,15986.996894521248,13072.51628069928
0.03937902309731162,0.03597122302158273,17646.989025043647,12973.329675745668,12661.16847639236
0.01586139580283065,0.029160566129819425,26778.379817555615,15418.975915221166,12665.130561482716
0.01944532993305706,0.021357985336308574,19419.097314715284,13088.608597257602,13156.385160041746
0.02791145332050048,0.022906641000962465,20693.937573783085,18033.75876236237,17072.109738646413
0.04532004360691481,0.026242018377199812,18046.715292677305,14524.491876150129,13821.525540036531
0.023391812865497075,0.024587985114300905,20697.49303309185,14274.460875378845,14276.183222086109
0.03766851704996035,0.031225218080888184,16664.607765540914,18844.052346288147,13232.342820853846
0.028612997090203686,0.03261396702230844,17185.921117331713,12541.484636737681,10743.397512427375
0.029385574354407838,0.02504452359750668,18809.34819601716,15120.902493606527,11224.651704947073
0.025261860751694395,0.036044362292051754,29422.222688309324,16045.714542372627,12909.292340591153
0.029548411076008176,0.037539490800966364,20251.641327422745,17160.771186013088,17138.337894931723
0.021584560690705943,0.046089385474860335,16045.861410168673,14947.352779107368,11991.202280474503
0.02089864158829676,0.01920062695924765,20511.916717632284,15263.472161367663,12196.340333441896
0.011192930780559647,0.030191458026509573,24466.026451887177,19555.92409802006,14514.481395474444
0.02074391988555079,0.03898426323319027,24706.636049072193,18222.2532571432,14293.492597733735
0.019996154585656605,0.03710824841376658,35811.26930643166,18861.319097638807,15356.552201738428
0.02972336668628605,0.036197763390229544,24009.391994248916,20251.416535804663,20981.40187225517
0.006089489012443739,0.018533227429176596,14923.736558729597,17521.595775589405,12438.218376540482
0.028813171735650584,0.03555911273725131,15662.361984937546,16522.833625862877,14507.357992524852
0.025197195442594217,0.03385188431200701,14306.494673579047,13590.586265426284,12569.744515288883
0.026260869565217393,0.03417391304347826,22493.503386682158,17204.20944796851,16093.754060804207
0.01703940362087327,0.02875399361022364,13167.215401554096,14812.221933100034,11321.133100523262
0.021860986547085202,0.039027466367713,17662.696145401675,14692.855465155908,12918.813438808475
0.022792022792022793,0.027942143326758713,14767.902061154407,16486.469046204515,12482.17977756507
0.013936366026820931,0.023271101761767027,20185.679871956076,14070.173133925553,13143.864575827693
0.02231285988483685,0.024832053742802302,16122.758672471999,16489.655315289725,13312.91344479391
0.01761714493280058,0.01571013439883763,21734.10548629047,20617.46665272815,16199.512720348566
0.019929916776171702,0.0337275514673675,20952.37609564163,16502.315104521553,13092.84399485199
0.011485251892456277,0.017488906290785696,19143.401803353412,14706.914157042764,14926.71712876258
0.010475651189127973,0.023357870894677238,22858.5276623185,13978.388712412765,15065.44056299709
0.015204054414510537,0.022672712723392906,19713.65654119513,18455.027437078268,13860.396885234977
0.014741172437435722,0.0407953376756942,22313.736198408133,17386.411960043013,14682.9843439519
0.02075187969924812,0.027819548872180452,17760.900121025432,15093.327993325338,13785.9310746705
0.018227756722613248,0.0248150153401913,18374.578483439356,13303.399438507033,14086.335807593678
0.018102029621503018,0.03277564454196379,22741.90599705324,13654.294787438577,14859.548233708525
0.018093249826026444,0.034562746462537694,21101.118870690712,14344.469854690573,11055.606962708705
0.027472527472527472,0.02761711972238288,15779.605134729432,15306.112036169601,14335.945199816691
0.025108738631870305,0.028173190984578884,16729.403098019633,14355.660328945301,15221.51335842449
0.021430002002803924,0.022731824554376126,13733.708617967888,21088.99699422957,15017.575303041029
0.022355814390381364,0.02188615442419688,20241.79799154276,22607.346338167667,15243.224491678468
0.013605442176870748,0.014852607709750568,20954.430351085495,18091.975600694597,13672.964722582052
0.019201995012468828,0.030049875311720698,18382.730712204717,18034.98586770263,12223.85872010759
0.012275192691978304,0.016557236654296318,23233.36578712051,17090.794725384367,15509.58386682512
0.019499885294792383,0.033264510208763476,14634.457196695112,16867.603309495404,12360.44616372994
0.01942231075697211,0.03548306772908367,16967.250550821045,13550.136883953799,13396.806660749542
0.027980180705333722,0.026522879626930923,26021.061722318875,27928.16725885844,12553.596916909231
0.008106116433308769,0.020388111029231146,17684.52360196425,12352.808051888253,11462.710490728023
0.024584237165582067,0.03205591708845505,23416.44868082933,21688.304809573157,15053.273731002202
0.025647229615291554,0.03423663198645052,22624.619690614927,17610.483553019178,15342.298639012226
0.024193548387096774,0.03118279569892473,21281.805795859178,12800.5732219813,11418.677071506632
0.01572926596758818,0.027526215443279312,32761.98028513868,18889.298868202455,18359.272784050514
0.010886822408709458,0.02381492401905194,11163.230270733597,12250.244260356172,11655.839543034695
0.0311401305876444,0.034279256654947264,25474.30921196215,18788.78500898868,16002.270111498996
0.035355948399426664,0.051839464882943144,23870.3163795175,18176.17492258134,14169.972814173574
0.02490960224989956,0.03907191643230213,29394.005291676785,22171.73107946675,17310.77179174196
0.01593625498007968,0.0286128214415067,25243.607396392523,17407.684562954237,13020.392923741261
0.015705631590756115,0.026475207538703163,27175.8802514152,16541.596040231358,12461.763225115748
0.011563876651982379,0.01968612334801762,17361.191293197015,8844.778516103592,14664.898787136908
0.027777777777777776,0.023055555555555555,29297.112352116594,20813.48271246368,14668.858975395677
0.018455939693267483,0.026254224070704445,16299.156955844743,10090.219581642423,12293.044284309077
0.020634920634920634,0.031613756613756615,18990.65071819149,12879.423580979035,15171.578716468463
0.02306458082631368,0.027777777777777776,25378.03819941846,17797.12405107254,12920.80081920595
0.03643724696356275,0.03967611336032389,16883.092034482423,13763.324870481161,14387.288169501133
0.010882016036655211,0.02004581901489118,27339.25366091286,21111.034803953855,13000.804515020765
0.0184645286686103,0.026141885325558795,20876.62430730895,10970.432900133572,13510.41951551588
0.013026052104208416,0.03218937875751503,22260.657987092265,18887.608731089746,15630.38611224435
0.022222222222222223,0.0341991341991342,31309.195563121615,19743.56433491352,14523.730784221216
0.017748344370860928,0.035496688741721856,26973.423203507966,15656.596817779917,14607.20038045025
0.015319148936170212,0.02297872340425532,24960.75397678802,13970.07844563352,11825.070251542977
0.018271066266703027,0.03558767384783201,20796.081207035684,16692.743742112256,15380.2186461041
0.02069309399152331,0.02480678135128397,26621.673371744226,20207.1856489991,13434.43505675461
0.02659102995922709,0.023045559297996808,30572.94894741098,21620.154923675604,16091.429234772582
0.024864864864864864,0.026486486486486487,23563.21820730178,18377.270249854002,15996.90850284057
0.020947630922693267,0.032418952618453865,22338.114013047532,19871.13099705114,13881.831303361638
0.00979381443298969,0.022938144329896906,20307.092698576827,15252.307041100472,17018.224929320855
0.014762165117550574,0.023646801530891198,21190.591272442955,11143.712761934863,12053.8008392973
0.008184882041405874,0.022749157438613384,26429.924368341046,21744.980962845828,14772.93304869606
0.019965277777777776,0.030815972222222224,19557.21611447616,13909.728870130963,12067.134532617134
0.05028954587016154,0.06690033526363913,29437.537004050566,23701.5408982248,17362.749778313268
0.011564786405475572,0.025961765400047205,23639.843278327193,22510.063366753795,14964.281711257097
0.01658833287254631,0.029997235277854577,23077.02304085594,19203.092086005523,15134.856010392325
0.031772027513920734,0.026039960694398952,20544.844954003293,18324.795805839167,16690.281734781838
0.02140159462861939,0.03524968527066723,29545.408780105357,16645.4462131385,16473.803824933122
0.026078799249530958,0.030581613508442778,27734.42145613776,17693.319735867397,14435.376479337849
0.02639832723470988,0.03554626241505489,16380.962596793615,16464.4285127647,16138.640911492752
0.016767454645409567,0.020065970313358987,23389.6169621093,25829.634864173062,19724.759925227205
0.024994792751510102,0.018017079775046865,21276.802056162738,16454.06131949253,11236.607532781232
0.02110138960370561,0.027406073082861554,35954.86809120259,22672.940259856274,14933.401576554485
0.022263450834879406,0.022108843537414966,26764.45907382041,16127.390007745393,15023.491753027778
0.007096392667060911,0.019810762862211707,31290.014648908622,17415.746522378904,14389.855228128625
0.011680855276182935,0.01851118590378143,17828.496112880697,15638.94925720409,14052.591312508952
0.018810148731408575,0.029965004374453194,19863.511938172458,15558.047395594751,12912.836621876033
0.014261387824606215,0.018731375053214133,17179.172279855873,16538.289209775816,16605.61893336533
0.009944215377152558,0.02959010429299054,16875.770925075005,13993.283186297402,13625.252371572184
0.013234975048817531,0.03265350401388588,18036.810273896892,17407.19773190514,14368.342580612545
0.04066877541798464,0.044283777677361046,16186.856439521138,13001.531741997198,13334.425813070307
0.029805210044590472,0.02522881952593288,19922.804193521093,15997.077622865354,13537.913924029519
0.018656716417910446,0.030568312284730195,15492.410327002246,15299.49682867636,13467.088488248943
0.03181272509003601,0.04571828731492597,32174.107199723072,16501.11406801582,13839.197456969494
0.01401239558070601,0.02977634060900027,15402.108098155008,15853.361976985007,13338.804516218057
0.024602460246024603,0.027152715271527152,18551.571296889182,12525.661352878182,12502.56215674243
0.025146886016451233,0.02808460634547591,22370.095908470852,16202.41020569501,17407.169712420153
0.024358557973367976,0.028255927249106853,17206.75792090334,9077.504559711224,11261.469366168129
0.013238019592268996,0.025681758009001854,20748.591834177005,19021.00779254802,13465.832980925145
0.026635021097046414,0.03217299578059072,14889.237850498765,19633.53533526097,15230.90678324965
0.01763668430335097,0.04027042915931805,18210.485603856738,11644.354008033491,13169.345218828737
0.016190235264356184,0.031242094611687327,18270.798913497954,14287.480955679936,14029.907644775782
0.019991840065279477,0.018461852305181558,14918.488674241695,9596.012911538073,14177.81325999252
0.013654618473895583,0.01827309236947791,24102.88229925437,18185.205422328327,17536.647290527984
0.026891642499340892,0.03229633535460058,13204.813662843462,12072.534389663222,10761.042019774844
0.020731707317073172,0.02530487804878049,20720.731763605076,14314.765420712003,13919.88109284299
0.02229983879634605,0.024717893605588393,25502.906475738273,15149.74309024438,16128.42024957781
0.018688024408848206,0.036422578184591915,16715.18914152426,16087.112680253716,15061.840202197105
0.02430497752621941,0.03695688363575828,21976.921025072264,22964.714782348936,23022.465479035116
0.02361021678471775,0.02629319596479931,17062.918634655904,19652.00706409155,14461.140682981048
0.018172888015717092,0.02848722986247544,20228.450517164252,13856.037219205018,14488.68930617261
0.024416830172225856,0.019293655984303465,26769.078765916373,13186.49734652899,18292.160685942134
0.02523201856148492,0.02523201856148492,27366.236646376594,13496.152389687635,13593.485842826749
0.007225806451612903,0.016516129032258065,33019.782241074754,16382.52828444725,12958.194054795453
0.01289134438305709,0.028282031044461985,24403.900361283842,18695.911574445185,14815.377097667975
0.019004911381592996,0.02872090540251975,24316.76766975155,11080.43813310568,14314.141252099742
0.0175704989154013,0.029067245119305855,21674.814267251975,17141.61442224775,15245.387365061022
0.03036876355748373,0.039879859836475885,17807.87794722108,13938.309282965061,12579.562790938686
0.02784090909090909,0.02869318181818182,25569.1943596033,15468.50602315857,15839.796762726417
0.01830910070005385,0.02450188476036618,16808.348264802993,14194.132419093883,15632.223666348676
0.033573737876150214,0.05222581447401144,26340.764403394714,30573.42632918602,24917.616287390796
0.011673151750972763,0.02801556420233463,17456.964895683876,18409.748024120243,18188.781710557683
0.020989193682460515,0.033354114713216955,19285.445682676476,22354.840382768416,16919.101639100583
0.02340577979460234,0.03761643181275376,24659.131100175902,16287.692803500382,13613.656332152046
0.01683704149128082,0.02475445981158549,26146.73490056207,13507.008117234665,12817.491767887246
0.008767492834260664,0.023689091215646604,17681.94118326805,15390.44591107798,18586.32735688041
0.01948447331033083,0.037345240511467426,21379.41750419189,14331.379191143398,11780.622116552584
0.010414827890556045,0.023654015887025596,24388.552373731964,20803.509298277648,15464.516884740317
0.016025641025641024,0.040331196581196584,41501.28957274393,17345.736079694987,14289.265111393057
0.021763085399449034,0.02066115702479339,15886.081551281317,18786.042640958123,17274.859083559262
0.049869337979094076,0.046711672473867594,29113.727313170017,19731.495229937504,19002.302103648577
0.02648148148148148,0.0337037037037037,18149.442239859818,19506.333620393343,14816.659945511845
0.017063492063492062,0.020634920634920634,39486.53141488795,15750.768050725093,16364.954996133503
0.02481791205826814,0.02549231184246021,16993.71625690592,11579.767502156155,11472.343787149071
0.014053458252962248,0.020804629374483328,22450.95166387944,11907.357853011932,15718.618807062203
0.019961365099806824,0.03557630392788152,20172.290030274675,17853.311462265843,13257.882148243036
0.0077440391277766455,0.020073364581210517,17324.2057425197,11020.084788123186,12848.368472458369
0.02188235294117647,0.03152941176470588,34378.81782209733,16503.122202620896,14457.801616061888
0.023300148273670832,0.034314763821224316,30463.437055789356,20662.616626086954,16860.57364094118
0.03163686382393398,0.039202200825309494,16029.906119117344,13820.357062686413,12636.335823251791
0.025451316957679788,0.02619118082272862,16761.139992032957,19110.90150962418,13094.539016092775
0.00968054211035818,0.017909002904162634,17774.84627152011,15999.323482096783,14472.806717056608
0.02111684655091506,0.0335523228531206,22121.57556639238,24640.61770831193,16021.358123940532
0.023060796645702306,0.03000524109014675,16355.514971618588,11795.798233565718,12187.172249914605
0.03166666666666667,0.03702380952380952,30490.94505784371,16501.385061604058,15943.093074924476
0.01733361866038947,0.02621442328268778,20916.919490504017,12921.925627349781,13567.570959860492
0.01899353828079107,0.03250440571764245,27260.344628497478,18360.35376048977,14410.031974086813
