0.018829787234042553,0.02319148936170213,16037.301924065168,10782.215157981434,10106.343083775037
0.020389032106866652,0.0267752519334427,23876.443976923587,15302.95238427509,11154.885837024794
0.029039361409303605,0.02463528764106799,23620.696249673136,16701.204759721997,13237.210175145236
0.02540513166779203,0.026966576637407157,21934.074888540606,19153.233192920812,15833.058793554985
0.02519191263920424,0.0308682019677803,23930.344005006395,21576.76097500507,17859.078794831516
0.010020922805858385,0.02499724699922916,21583.305137811247,18434.431969375877,16778.949938919803
0.008100929614873837,0.02403718459495352,17092.34319505073,15996.50362970722,13146.85631859591
0.021917808219178082,0.022000830220008302,33116.63489774804,20791.683217601287,21421.30094785031
0.02413982287013089,0.02986127439454503,19940.106949059842,16089.249473459899,14375.348598896362
0.018579107268053282,0.037859312923580274,17274.578891593836,12334.133155307787,12238.340159763484
0.020966802562609202,0.023762376237623763,19499.954159513814,15535.007004682504,12758.734641213614
0.03240788523067396,0.026782949736814946,22868.598026752676,17227.09680276962,16140.518206354238
0.03270265862012722,0.024995922361768064,18335.787046235353,14984.054669053401,14621.83687547664
0.013019781994348001,0.025484457004440856,24886.873470639344,25231.029168861853,18695.03859895684
0.0192,0.028746666666666667,16079.703376430993,11018.089933595847,12626.732379463203
0.02331988586047427,0.031142379218734625,20753.90751043088,16386.267547294723,13058.28248857775
0.024281466798810703,0.035084241823587714,22825.70411160903,14258.201136324833,13661.891586896967
0.015717974626698102,0.024587403166049175,23988.04933155378,11682.261862440895,14354.288325349175
0.01016810168101681,0.02132021320213202,18434.01885277809,16969.15636586251,13941.36645513004
0.02823980990678121,0.029062328641930178,19807.40148914603,14596.617899240056,14020.358997236834
0.03152384203937635,0.03237737566860134,17549.578905597613,15613.592936520488,13334.175610941305
0.01296967385084875,0.017070379553690635,17119.964958914585,18589.169968062553,13759.415515840958
0.016160388821385176,0.03219927095990279,16956.983285639595,16049.970690638958,14872.82597253019
0.030802211440821393,0.022283651133927565,23593.96636068309,15031.873862271426,14843.44887748361
0.02841726618705036,0.034577338129496406,24533.132465059905,14907.429966569409,15012.485930885327
0.011932928711037958,0.015790556527106266,21527.315670629196,12922.584150808347,15257.033464511887
0.03766629267510819,0.02488379548004488,30235.12536131173,18000.385662653756,17795.938921751844
0.014036786060019362,0.02867860600193611,13502.95253253099,14783.861449330541,11542.174814557618
0.022352772603524862,0.02500358217509672,21772.228481992537,18481.428580967706,15698.687892940148
0.023404255319148935,0.02734668335419274,22900.73692935762,18443.000740311738,15153.673934401406
0.027717626678215677,0.021004763967085317,27976.174375772967,15446.336934059993,15002.274555496939
0.015993727949823597,0.02990983927871423,16817.84581516723,14454.653723306032,12147.23768487005
0.019230769230769232,0.027676715176715178,19134.45607984947,15033.263445451126,12439.675237203804
0.014965001206854936,0.02602783812052458,28962.010044306262,19465.359264539784,19003.997722351112
0.02365124009204807,0.03074661211966249,22767.01319565429,19019.99679918324,14992.934988608178
0.02164024810475534,0.030117160578911097,18986.63312550178,13585.921898885063,11953.286446376447
0.021846965699208444,0.03187335092348285,20189.73586701425,17321.33245528954,14440.396802129751
0.017669127435556094,0.029045140989955223,18337.602242785084,16806.62417274208,11278.886474544764
0.028975919555437945,0.02315427361735909,18089.589879641862,14874.002485691592,13913.987331056862
0.026567768037761296,0.03122049898853675,27360.57940265784,19850.084958239597,16013.261925915389
0.022964682473884928,0.016995523130492456,16873.74566204,13958.779782719957,12041.556493344042
0.02243493867783428,0.022659288064612624,17724.17580805704,14233.752975421696,14140.999665376694
0.020732102364755426,0.02024619371558147,16727.533480070528,13682.821247832939,13037.185312480968
0.025867937372362152,0.03390061266167461,18794.807726726896,11526.464196468542,11590.130460461103
0.020476094411942706,0.030663707887835383,22928.180661482882,12537.049873398202,14601.848263337779
0.02913992297817715,0.02785622593068036,28018.95694630159,14943.151161311418,12061.72427614073
0.019148456859653076,0.028610047307952243,33991.933055738635,19079.520090584123,17293.946112063608
0.012285012285012284,0.03184653184653185,31246.33297460939,17879.555713758607,17291.705928825155
0.02386039886039886,0.031220322886989553,14922.53964986566,17156.888457895693,12293.967482548685
0.019180864267178157,0.026683967054044907,16513.54839005284,15297.843430568979,12775.838055355936
0.01464388728644331,0.025293987131129354,25173.34245820994,15681.20955816687,11844.837501928423
0.020455550641309155,0.03140203449800973,26591.309727103227,20451.508078646428,15043.426972994972
0.028545013290188374,0.03050964983242806,24058.21935761481,13861.823101722963,12128.42262952363
0.015942401645667268,0.031884803291334536,18501.52952485907,12699.65984926558,11934.692795897905
0.02318909873296677,0.029703562036815682,12875.563411641297,14255.84506552913,10694.684335182092
0.019409937888198756,0.03202639751552795,16319.970841655317,12525.569394597183,14364.835118652489
0.026630164260826282,0.022772523643603784,20573.836328388985,14976.367449130921,11452.548966008126
0.015901060070671377,0.01739178445229682,15226.59257105938,17024.530676989132,14521.167376757563
0.022746071133167907,0.029621588089330023,31368.489501499207,22870.256110561655,18980.08756489014
0.01882115313991921,0.02249357326478149,24197.32305411365,17185.951566088235,16082.63923748004
0.022671431762340852,0.023229841411659593,25228.443734096138,14571.360399824654,13434.810377773256
0.021879444262115744,0.028771469204682203,18558.516322373394,15746.332634001501,13975.844162966354
0.01872713972201902,0.02487198244330651,14140.475917115695,11547.926401297147,10971.410841193632
0.011063011063011063,0.024098124098124098,19592.03875582641,17835.1704459461,13020.30862568349
0.019543077346545555,0.025392237819983485,16457.201548034198,12622.61240188156,11579.005651592392
0.01588156123822342,0.021467025572005385,29383.502697804044,22814.97571718435,16381.74725643047
0.025682488347759918,0.02777513554646628,26321.120646642892,16819.259062445024,15727.479200394971
0.028299750962191533,0.03707267376047091,11286.836265235255,11969.771719228336,14138.781318958827
0.016569693903364532,0.023146976979509234,24762.361991659327,10818.367499723856,12206.558049191539
0.014925373134328358,0.017800903738189783,21350.582686430153,17232.882843732445,17303.82387466744
0.022194972409564685,0.025444512568976087,22055.486001736128,14898.718195336496,14444.447671667895
0.04839713663243075,0.026455026455026454,16453.637028331952,14202.71649009735,11184.260680254942
0.024171416508338612,0.027021321511505172,20686.91066879269,21841.485104059517,17011.67078199491
0.03481488913414267,0.03140363198555232,23425.64707747597,20208.372760120703,16791.743939318287
0.007083119986345793,0.012416794674859191,14477.021127273614,16656.45558593043,13814.300786361384
0.02826193993106844,0.03156080748399803,27373.032846730348,19501.011399195486,15053.7092359272
0.024371922210166097,0.04486269927385026,27740.907677981217,24025.21347600518,15563.641269063031
0.029515500278448115,0.03392426211249304,14043.567548648258,12553.53789787832,14143.696559927403
0.02075840098653787,0.0201418148186209,26336.74563932331,17777.84504064977,14561.007584150486
0.02374059061957151,0.0390851187029531,20097.676874002547,15276.69596794815,13076.643006764278
0.015364354697102721,0.019370061457418788,16812.682584485352,15613.494452157456,11919.741104928009
0.02654217373059169,0.0281682752832564,20479.217836754153,12143.904366781808,11775.69127348536
0.02463103310729956,0.029467491025129636,19821.20920625352,14812.929012828665,15054.542440387973
0.01763409257898604,0.03285982529186056,21762.956629429926,19684.729980211563,15709.598906668305
0.015079287868469696,0.02592664656094951,21793.71840705453,15392.279698219585,14055.284227205257
0.024503776567714738,0.03271561566836466,25529.287545635776,18402.367874845637,16476.351922764654
0.008512673362027738,0.019273075083692012,34624.50151367708,17440.281176277997,16116.342247046734
0.023055582129532192,0.02697790108102937,18648.29351080913,12216.193103537284,13378.451671474108
0.020615147172307353,0.030867600044096572,18301.7722686226,13322.208812539517,11748.375302958144
0.02093973442288049,0.0297679848241646,24243.260133189695,22004.76559787887,20554.462922148297
0.03196672608437314,0.032739156268568034,15178.38029913509,15988.994631922691,13314.026803674937
0.018081046701799018,0.018171906232963837,27884.163070636994,16404.16802806876,17487.444886187786
0.01627056672760512,0.0216636197440585,19674.645808449095,14773.764824200207,12659.855782680279
0.023221159816217557,0.03129268595554452,23039.863314477418,18138.681545754815,13063.540416651687
0.028963414634146343,0.025206881533101046,18298.40771687805,20577.494617351094,14873.3414952488
0.02107843137254902,0.028333333333333332,25232.881634498022,16925.47061678062,13354.080949580415
0.02131423757371525,0.02885425442291491,20958.868591662267,14488.8872947935,14532.204828395563
0.030875748502994012,0.0281624251497006,34077.40851053806,23543.876296767652,17358.117119287752
0.020956677004040972,0.020063903768442814,20322.419608891076,20580.814371122862,15685.96453841977
0.022514262428687856,0.029187041564792175,14409.923328435318,13573.328392123743,11164.548803716549
0.026331904470300063,0.02980200040824658,22517.662085964323,17654.787851600973,16993.428992088826
0.01600216978573366,0.02447789530783835,24042.98483824748,15048.49482155795,14954.260834160257
0.02858287698677708,0.029918525444103113,19307.64507775113,21763.518021946114,14176.66881024076
0.028124551585593342,0.027048357009614006,20327.658750047052,16150.843002237174,12873.88857921959
0.016637595599087614,0.03522071649000402,25174.614131972856,18426.927941457783,14270.223223662766
0.02431192660550459,0.02536697247706422,25697.64668683319,19076.489980048886,14943.778860513754
0.02345343303874915,0.02435984590981192,18156.145101738948,14269.437084844996,11227.34192480282
0.027446569178852645,0.026152980877390326,17459.644949667254,13312.153472819251,12814.23956734197
0.024337541225975208,0.03190037529853292,20812.710138634087,13798.618197776375,13799.080617541249
0.017871017871017872,0.03424353424353424,22982.681046646216,16519.481911678253,15259.52693046756
0.011582353943110203,0.02269630386646227,16650.607092241145,15680.434936002961,15388.664104229021
0.006662582325011488,0.0263822943789248,27685.61469757667,15004.01952429833,14069.132719391639
0.01912568306010929,0.03278688524590164,17305.079157379165,17315.62160121528,15670.905701927351
0.016980579681858104,0.02849614521323314,22926.257924315723,16381.455951549498,15429.407993152725
0.02244360471773732,0.028512538646513225,22995.489526883888,20126.619309468075,16949.10548623173
0.017587666919986974,0.024970144392574098,22729.764687456936,15506.455973891983,11915.083836824657
0.02776848444295751,0.02040816326530612,20823.00574639759,18088.550716224756,13976.347305291623
0.02099494097807757,0.03048060708263069,24047.920613339928,20771.18762887974,18343.265404478556
0.012928022361984625,0.021604938271604937,14960.798383300264,14792.25174341288,15386.1725259521
0.012769418462789752,0.024684831232208215,19225.646238627243,18374.13196808913,19871.391139005937
0.01507860121912095,0.025451823334402737,20008.85399326533,16134.387575308581,16341.10370308754
0.01646843549862763,0.021043000914913082,23306.855585638856,19542.311581889127,17468.086779171434
0.023605577689243026,0.0224601593625498,15013.022359752134,12596.269464160645,13971.186707889865
0.036621178096389706,0.04007600621869062,21295.739401692972,19491.34365607268,14569.350811562548
0.022384980400247577,0.02532494326387456,25014.81105438224,18939.258371586868,14433.635814200103
0.014887497885298596,0.021400778210116732,20040.001332320884,16138.198218751375,13474.767295579573
0.021081133352673823,0.02905908519485543,21571.955577392913,16613.354351777423,15077.55632067539
0.023358158429248477,0.02979011509817197,17387.26472401446,15451.736705127581,15651.81745922659
0.012390947022379568,0.025097989632064735,20391.95368345121,14037.649207747314,13214.284045689275
0.024467790987005807,0.03262372131600774,17368.638955083792,11405.709037689629,12955.463250879124
0.0456507662421757,0.03291603712497302,20224.091628330123,12962.692062133561,13396.385923612099
0.011233211233211233,0.025213675213675214,16341.783233626584,12149.477255239066,14424.341761450676
0.028475881637616537,0.03617754357519254,18661.011579585072,14851.237978125982,12549.433126930448
0.028214574534998652,0.021879773564561056,30213.810191160755,19961.164101991268,14075.178253323016
0.04294535065892544,0.03488157773477099,29995.187095960966,16264.693091766261,14746.608630088054
0.03619204691222283,0.03293934396188382,24044.744346700572,19717.495711860385,17028.847696266173
0.03167925824175824,0.02897493131868132,13184.960639512701,12622.120728751388,12123.264427452474
0.02500448108980104,0.026796917010216886,19036.50108985427,19153.61037529759,16617.18688734043
0.030107526881720432,0.01863799283154122,26058.254112388233,17845.3997530599,14605.892408072368
0.022684310018903593,0.031956071653614186,17834.70233167526,13388.889589031125,11454.6308121782
0.024648565376468323,0.023733872520700944,17097.39648430988,16227.10108581974,13517.860520009814
0.025679307255897284,0.024559570020901762,17990.381951006362,14298.794048064468,19572.687541619496
0.012381788047187287,0.021253777907770305,24990.1825926854,19611.34295645469,15527.801503718405
0.01648278612255749,0.029775355576232884,29827.91025320415,20029.47102641807,15531.677220747062
0.03655042971451151,0.016546478316704534,19303.522906558286,16039.74079901525,14889.59278281711
0.02496151308555091,0.034803166923246094,16051.220211021262,14142.41707606227,11968.035390021563
0.04065128315721372,0.030353676946301488,27789.54754228036,20817.0347439777,14311.139210952431
0.029875277965773953,0.030648747945470366,34722.576531121034,19257.32458940276,17186.670933772
0.021342709951754028,0.03164608716984218,19782.31003273015,15541.193883627338,13755.515526766374
0.03136017814065689,0.024030432362219335,27007.127515105694,16804.768515610904,15418.606197902882
0.024369204226870823,0.026094457623463446,17633.469191185006,19143.00443368536,15830.142856711573
0.017681370761939482,0.031534815895005466,17441.602842335404,19432.462330774848,13368.024336576886
0.030046142289945274,0.02215902993883464,22114.9621108777,15516.89641249002,14404.104523824275
0.014700281818874247,0.029324396374438268,22791.07935911841,14851.160987475529,15048.452258414882
0.016627868307283005,0.01945460591952112,18593.384688685648,11400.641362447206,11628.116239449986
0.022411217101482587,0.01729686242960579,19357.340532316703,13138.442207944254,16435.538359629812
0.012776919113858835,0.017877382792375066,15466.83039452779,18714.65162335828,13344.604306056804
0.026047261009667026,0.03638560687432868,23164.66362357249,22923.68322901799,15515.23538468467
0.018609102509570395,0.024457677584006805,32515.885519173156,20079.98054722421,15364.907895548069
0.01984126984126984,0.024393090569561158,19419.48564808976,16927.351053099203,12070.695012430728
0.027692934229281204,0.02835471390755447,20595.954842952575,21279.073724869624,15652.254141172269
0.014435695538057743,0.0194663167104112,19839.053398448286,21846.283535546543,16163.490005075822
0.01097348978704911,0.016623207301173403,23124.304502077346,14959.994788457889,14444.530284975928
0.0221569250317662,0.022831956797966964,19393.88466404568,18992.514450949322,16196.643428361222
0.01004158636778578,0.021401764884876762,20877.754035283277,16249.71442521373,11336.736187751398
0.011844331641285956,0.026395939086294416,21038.672192120586,18882.92192426211,12835.874019146011
0.020101412531691416,0.029608837377761682,22933.59032717498,15670.636621879237,13223.245522927067
0.018366298484459285,0.025109170305676855,24545.636131087445,15923.675598946746,15059.533878716551
0.008177075990413084,0.0242492598336388,10847.784518277334,11687.927003395049,13557.360397265978
0.011354195513708113,0.026862364995846027,30620.53739854865,13871.773631629278,15234.929530249556
0.023450281766951464,0.026495182694055625,27216.621755758235,20758.797718052385,14975.15256334689
0.018342233573252844,0.026178314371952636,19628.86815173769,16145.01051448084,16285.727453811518
0.010074720846276551,0.02686592225673747,28444.031378679374,18286.727429791023,18300.065451700008
0.014066193853427895,0.02364066193853428,23834.11200528952,17360.85519249906,13638.332004207312
0.020684499086226948,0.02554411031732846,20135.076732525034,16498.09697086846,15322.549833934523
0.015696713787405912,0.02547273728657977,16545.004641913878,18990.39075357777,16381.568197885308
0.014088820826952527,0.025829504849412967,13132.311782859872,12912.840052244013,12650.320198163408
0.028702030402891463,0.03098756245349208,25526.603472292685,14360.978260878153,13584.45382253321
0.013346145633141149,0.020766602605167626,15398.903649586458,15553.341141247054,12461.014922398988
0.0198257984238905,0.028950642886768976,22348.149422154253,15520.47850922321,13385.890146561234
0.015843152787404693,0.01331815031191207,27060.72955738987,16770.97988498381,14337.931317564588
0.03089025326170376,0.03443975441289332,24277.54851982833,13987.443514914548,13066.816442559973
0.011857142857142858,0.024,28973.404292407085,18030.60958737702,16794.37505435224
0.03670451544758384,0.026142064959070503,15413.859690338342,15787.225741742344,12530.382361810918
0.03192747339377217,0.035212192878728156,18897.776548302038,18992.682656922385,17581.425308468715
0.02328999434708875,0.035613340870548335,27656.554218635763,19450.662023032124,17179.584215198025
0.020943562610229276,0.020392416225749558,7591.709290060186,13764.238094756542,11140.041082261541
0.01807304000997133,0.0304748847064689,25069.70770099146,19220.83543936134,14317.618134047469
0.02536563071297989,0.03153564899451554,30307.39580840814,20604.553372332695,16146.9395217309
0.016491035992883537,0.024839195292185576,26389.695036947287,17978.47241395897,16303.006728959457
0.03289192652712516,0.027623522711092127,25212.69161387651,16563.899679595317,14271.452708509023
0.02954476936991257,0.028640337654507086,19673.979563792305,14540.576848558194,12091.944121034554
0.026539551661942797,0.03779094735033926,16387.746728018374,12870.693401300125,12151.672707982478
0.025325198572579716,0.030850696442960745,21218.948283072536,14199.287445880076,15869.437554910386
0.022911051212938006,0.030686294837238233,18086.605751136543,14815.744388171424,12700.187926319806
0.018275639647387657,0.020640722425284884,32058.94722953178,22855.831900446083,16770.14644535431
0.019237039452233453,0.027333985436365612,20092.179146741284,12773.120706557946,14219.401524139694
0.009787153173698214,0.0169137210186241,21858.049234442435,14945.330930173473,14353.245092813346
0.019831888626214867,0.02541371158392435,14877.660683146369,13635.998957659804,13449.44442789141
0.015254237288135594,0.02421944692239072,32807.15777403427,22653.75471049719,17435.372512425976
0.020795454545454544,0.016477272727272726,27534.648322172743,18458.029046559677,14358.226981985852
0.03770817154197946,0.02743981361636034,25345.400325375067,18681.14225206554,16967.03979820326
0.014562303491643223,0.026476915439351316,17404.363664564327,13919.999055067174,12781.737894306762
0.0160520031838684,0.024210665959140357,28854.278007161625,14901.559684818421,13968.63390681622
0.023361650485436893,0.027659789644012944,20348.541744903803,17069.225165010084,12758.093068631248
0.015673693858845095,0.02387717690192484,35318.05888875969,24857.48899873466,14887.5368466094
0.026010928961748635,0.03448087431693989,25262.692873359356,15514.470526953894,12716.895184850126
0.013433425523508494,0.019228236533649416,13327.599629856413,14190.67251533891,14262.573230136548
0.02143644195131724,0.026094360412701592,25135.46544829769,14685.894539205088,12050.136395729138
