0.010268477912076157,0.01673975826291582,20988.4487202437,18524.83665647439,16990.07333121912
0.0149170832341506,0.018209950011901926,14637.114061388178,16222.289526560926,16359.415814367912
0.01155296120637237,0.02158579593822206,22276.668051324094,15671.441298050282,14770.993077390258
0.01837896031990157,0.01968625038449708,24588.1905485196,14431.89391500716,13710.33464643598
0.02632789146930329,0.03782478730742699,18105.906611253533,13049.591923540362,12678.420670030402
0.01753314724354501,0.025689113747383113,21840.128925929686,12550.703688004562,13714.528677156279
0.012561735022546703,0.02979385870732231,15180.023235356093,22481.1514542058,20471.896835115025
0.01606547438617763,0.02015762352227948,20262.922864753098,17234.663110262973,16704.885341744506
0.021134805788271135,0.031416603198781416,23132.815805129674,18977.545720072576,16536.072566138053
0.020859277708592777,0.023349937733499377,25626.760100238585,18978.324897236096,15671.480436198131
0.02059314621928918,0.017054941559990457,31057.44260520348,14239.371936696045,13993.074123152677
0.014710716633793556,0.027859960552268245,21934.52748425651,15925.078851233597,16589.43996785996
0.011754763368162262,0.01993700061462815,26526.02537850058,21007.371352123628,19606.230721039286
0.014911929543634909,0.024619695756605286,28742.071146157337,23155.630583205617,19877.482556696104
0.02327476906357544,0.027304836080420215,16855.07193104763,12812.107432766976,12147.794795432483
0.013663435711783254,0.02224687609482658,28448.38296194998,20661.316560570624,16134.675906694609
0.013087687506292158,0.018524111547367363,25731.510045882264,18213.240621220084,20131.090831709316
0.010134081696289368,0.020151231680698472,23760.279614154333,21106.92368553704,18626.172834925645
0.019786674911114546,0.022260009275003864,23007.95001255552,24920.655221022444,19405.724051750683
0.019834392451376852,0.03418062776814943,35398.39055811137,23325.829646262308,16312.723890780628
0.013929411764705883,0.02235294117647059,20719.84630498542,11632.938989845561,12106.339128843185
0.012128072445019405,0.018070827943078915,21428.02776706349,19147.365215650865,13994.938675562877
0.0073932330173088635,0.02222318865791076,23872.690713124943,11153.045961552014,13067.297868402049
0.01523100355390083,0.022465730242003722,16846.517775461947,16917.182741946326,12733.671143687923
0.02627307770338811,0.024396429296003247,20939.69129728114,16506.024191199544,15523.510391123069
0.015101772816808929,0.028780914861019916,22679.43811112442,15881.760808346138,14507.9910484289
0.017709651015700573,0.020611652652727137,23422.0570219556,19720.564827823284,16678.439964605237
0.01569423929098966,0.019710118168389957,16671.08835276931,12300.852181131228,15075.988228317574
0.021114462613113193,0.02198761708207652,17189.596513487777,18624.374358075027,16351.372090717872
0.016620249752942233,0.02883837930105112,20500.835484830994,13324.770587960735,12885.502212190984
0.026839900846226172,0.028293016497136506,20521.616681551113,15939.766964226354,16075.09038947898
0.01245318352059925,0.024391385767790263,20135.26455767979,14808.987155123647,13421.777959906669
0.015164369034994699,0.021155885471898197,28092.014570938813,18624.445523584494,14557.570659335395
0.024277456647398842,0.022904624277456646,22232.107455020654,18491.138722287586,15670.147984086627
0.016270337922403004,0.019062289400211804,24994.48700603817,26131.112022625763,15832.152557195162
0.014255765199161425,0.019622641509433963,21173.263428597606,18984.474148780006,14502.800629957112
0.007500986971969996,0.023529411764705882,23087.544384324345,17214.421485531097,15263.532115986744
0.01180549049002155,0.02304881476623255,23724.765452511936,18599.20039103181,14096.283590885121
0.022750858146403766,0.022990340863734336,20760.088044261225,14186.196403734955,15114.763125204612
0.01632086692216202,0.022432932469935246,24229.961712466007,21472.249507258497,16220.811282646508
0.00993981397045413,0.029089914280503375,23967.265891200932,16678.100883209223,14209.69801732653
0.016783939061390484,0.02249693370344071,23499.558425467865,21601.18013848493,16757.214390957117
0.021618463336254747,0.024442496835134872,18567.926572372075,16411.190005811648,13131.697558928252
0.014437334165756203,0.02832839082253785,23380.1980692901,16296.712868160956,13891.058825441321
0.00899443509770933,0.02177429791639705,18844.3588514823,18454.50548064848,15783.98939260605
0.009085799925065568,0.02959910078681154,16344.367758137487,21412.025502329143,16531.694731645628
0.027772611741367553,0.025416899138305128,18841.655827985425,17186.97895995097,14310.854253457579
0.01662777129521587,0.020128354725787632,26822.37324566493,21495.85819961482,16301.846749237648
0.02177243770663656,0.03269897588904121,12879.39189880929,12007.714834781353,11141.517346227158
0.03474937016766571,0.02879854052645296,19742.639347761255,14892.256417758988,10964.024427554628
0.02305670933288124,0.03009239637195897,26568.94012512085,15552.447564967244,15974.002593235587
0.027040712983593274,0.02587603807980555,24763.569196392556,17861.70201286128,17169.446957850705
0.01603312805266511,0.018156721172223403,17469.084382809062,17914.585898666268,13195.388839806255
0.014903129657228018,0.022407919948903555,29676.15773584332,14084.289432908947,15544.6024134599
0.017825311942959002,0.02275072708509241,23883.670384394896,20690.13259579932,16334.729447324535
0.01237559498052791,0.027390739939420164,23858.17766993371,18042.34696259253,14020.056836045975
0.020003865481252416,0.02807305759567066,16599.928030523704,16076.74653395405,12026.654425325896
0.02981651376146789,0.026806192660550458,22798.65101117636,16427.59567391677,14213.620282909622
0.017934739669747967,0.02066050406889468,31203.920958223378,26391.307467360817,18934.346972954703
0.021925133689839574,0.02736185383244207,24283.72315031717,19582.531622107206,15368.001730472426
0.019197736687885218,0.03076689906032131,24651.394545220417,17009.413868318858,13431.362401279306
0.01828828828828829,0.027792792792792793,24006.52087337083,17689.594805790173,13112.803667938304
0.0102880658436214,0.02080995136550692,17334.977116867645,22976.40396734193,16177.899050970052
0.020471650777722027,0.025689914701455093,20726.648424671934,14988.807369814498,13659.708684744244
0.012261837389171854,0.018581399735898885,19647.388225978742,17921.291261790033,13267.606546071931
0.014730176211453744,0.0224738436123348,20367.772309875698,14889.005374035187,15559.050545653394
0.02236024844720497,0.02960662525879917,21571.71663540849,16388.520165319766,13709.29723551204
0.023306119600865257,0.01978229014025539,31432.652136553414,24207.108912906555,18288.02529838595
0.01709741550695825,0.0247713717693837,17205.920134452084,12127.456445788042,15400.415683833247
0.014026331640994752,0.023147749763359437,25820.916888312797,17756.231932236456,12822.492490878132
0.02706224315926631,0.028766162172997895,21289.082128375037,24067.966764364242,16663.984168427003
0.009527887806444707,0.018520501017021733,22340.238148774213,13421.40824717785,13675.298562236338
0.014137303202313376,0.029452715004819535,21649.135560986007,19573.557787791447,17275.61677749507
0.01741842245379174,0.02753479881341751,24009.9763626796,19009.627330748794,19605.373664525578
0.024402570211537074,0.019059995668182804,17307.285351978677,16227.80168059615,12064.699923957856
0.013156785021506284,0.017921902673526186,21794.57126700562,14259.683804600107,15358.762846320175
0.03407712830463255,0.03444094106233325,21113.942252067307,16213.737315634826,15444.965491787674
0.012370753323485967,0.02617245199409158,13193.386482179078,14232.242359440386,10782.633611243507
0.01654024441635061,0.03192161820480405,22128.889285640085,22282.0172744534,15292.94427556763
0.019001325673884226,0.027102666077478275,22935.118770317687,19286.894523832358,17579.911834755527
0.02064871375720554,0.02576787404284608,31414.68158954698,18463.282106627623,14883.226164798867
0.02691470413615674,0.03859093607757768,24144.480506391123,24081.26730399705,20227.03814045726
0.022623165373469197,0.022856875759558755,31596.640014583703,17227.60246062814,19774.729043534946
0.022024691358024692,0.03432098765432099,21238.503012109242,16762.19647782024,15450.845122438986
0.010018276585663033,0.01963040682325865,29217.73101793666,15337.733308224726,16104.725704781806
0.016045892916528103,0.030179580977718657,27696.68751022227,21887.09282475432,16325.862545242218
0.009796999117387467,0.02387466902030009,16280.843294072632,17091.759409181974,14010.43885804661
0.016768440438111855,0.023359503731704954,21502.323633781245,17926.591276918,14530.569213957799
0.01004217714400482,0.022695320345450895,32462.44723120653,20202.88065540554,17393.08196751462
0.016312967298542407,0.020617778113435542,21357.94042433712,15644.48275501453,14043.036376397764
0.01665812403895438,0.02229625832906202,21388.012797805262,15811.626621847983,15042.108514527554
0.013664073996216103,0.024017237754887535,17455.282491339207,17139.80335832129,12941.092522371178
0.010526315789473684,0.025595567867036012,21774.899878905653,17056.977704703786,15172.67783748566
0.016998542982030112,0.02841185041282176,24962.57094245833,19251.02568373166,18668.788169540265
0.027820837072693155,0.027004976747980747,24990.628769031766,20501.032801089492,15691.436302515836
0.026761030631427624,0.033008957204467546,25884.029846464786,19455.46881090937,15008.549889233564
0.01277087546951748,0.03290956370991043,21773.15830879056,16851.688041762238,15134.179566098
0.019573446588495982,0.022297110146800848,17023.651553766344,15634.352078262433,15259.883489047474
0.03924825174825175,0.035926573426573426,22229.752451511733,20263.013948164626,17536.531784250765
0.0155614911160144,0.026013238880501683,19413.839560657405,16573.772015360923,14908.334189684387
0.011346176574872946,0.018673915612811724,23926.774346241855,16735.84617359597,14967.110678438941
0.014823451032644904,0.026607261825449702,21771.864462961134,15714.886549020554,15183.222172371394
0.019014483372441136,0.028845375839469212,22179.005429770994,19817.17381626812,15745.869189397037
0.013792605430387059,0.026393703061813982,24965.865599051474,17467.251369043057,13632.99074583798
0.015391977031661216,0.026676768482335113,21279.203730038535,22305.018084412044,20179.31558035043
0.018958155422715627,0.02220324508966695,26304.91935109735,26962.40407500147,16718.386338457825
0.01301223538551175,0.021120605942901535,13313.526543222806,17636.505333939258,15553.511411972822
0.022566718995290422,0.02604984301412873,22130.86723977581,18889.180101558075,12924.09382976352
0.018407960199004977,0.023507462686567164,18692.567789736095,16634.77136336871,13113.288413525099
0.011527798044651977,0.018057784911717497,23260.262280275987,17352.276204449758,16422.287036998485
0.031829449677739215,0.02057511155180962,18491.333144845354,17118.382482930054,13379.018316373431
0.009079854073773813,0.019497365220916094,31493.638610517613,27468.360684973086,17580.477692549164
0.014820213799805637,0.026077097505668934,25669.413305354832,14091.739038974065,13563.717612899665
0.021982414068745005,0.025046629363176125,20317.519097797674,15640.414253664381,14411.81943907947
0.01452047648030606,0.021172071993739675,24303.45219864764,16594.931298199877,15277.06891687888
0.015260255344866662,0.03165369796781748,22699.96526810972,20918.081324924322,19555.055794027943
0.010476689366160294,0.029247424480530818,24392.139146457142,20255.850641320514,14274.183718547914
0.02670216812476227,0.028261696462533282,21717.274473892037,14332.107537912127,14881.301512334947
0.015507039379718425,0.016323199347072027,17632.588558460207,15884.499192749901,14431.617490316508
0.01126839918304106,0.01785336995563068,18838.480402897763,16287.806663410305,17311.37755599914
0.021694288356213103,0.02059179173483178,19631.347900202527,16128.814862590652,11705.866095882426
0.0218365991364995,0.024825639322484223,27226.9604032623,16864.77014485442,14444.56738647063
0.014631401238041642,0.020716094541361845,24924.51172748936,21977.6923845692,18378.651976244684
0.019704941710512743,0.020323945115031467,20839.175835926253,18324.622876131383,14358.219887833027
0.015542953161100609,0.01864104179794161,23857.639815264836,20241.586817774005,16410.202053940036
0.01328330967349422,0.021598053133238693,26566.265570890046,15621.395061222369,14117.485705599078
0.028083411924971182,0.027297495546473854,25212.570766171917,17136.65057946175,12958.149698653839
0.018489546294979377,0.02819655809984355,13076.781854568351,13322.31214110629,14586.34036389537
0.013869745003445899,0.035191247415575465,24471.58941579965,14835.549364210186,12389.471673732027
0.010983308829888436,0.01876675603217158,22806.76930202106,15883.861130721536,15337.923541612457
0.021584724656397013,0.021907573102112353,25994.93138073178,22438.7632203509,14144.838599016783
0.019193548387096773,0.02193548387096774,26016.945771044346,14914.761433270305,16248.950539229856
0.025974025974025976,0.03312124117493245,22117.227575639594,18139.35252332224,15530.406097193172
0.02682855184568687,0.02021932830705963,29202.73462252095,17157.300484063333,16505.37898436844
0.03372333103922918,0.02748623537508603,18368.887409387153,15076.505198291727,13192.45599541666
0.014597067133055294,0.0314812323422575,25148.890229599856,18930.18625102122,17059.136535869948
0.013172617231207405,0.02339538195504018,22415.24734440225,13267.767420747821,13642.983236374017
0.024822376112959798,0.02886950265311629,17250.333321914077,15991.962146828682,13147.245938670743
0.014777091334112539,0.012689931541158791,11401.789495986186,12221.893293464202,12246.99368030027
0.013760072981602554,0.02774821347118747,16059.94961129514,13956.173428534028,12551.588273365822
0.019193857965451054,0.02440361941321634,16183.42224716215,15045.336734577319,17906.389699366675
0.013268275980140387,0.019645608628659477,23769.800791322003,21000.92581564829,18031.92240731733
0.028657249553498944,0.029184932618931646,20018.81111043184,18774.12991101928,17642.715993811013
0.016381850324101357,0.021096051856216852,16141.07691069292,12104.987194051706,11611.560801797528
0.020995912300260128,0.02410813823857302,31128.306568292286,21353.642450877785,12683.31586067244
0.018904233642743944,0.025526375367896762,17568.48571418323,11070.510508873072,11805.089729402287
0.021966527196652718,0.03282909559060187,20235.71721381928,14664.96643321211,14482.289522766292
0.019996154585656605,0.032445683522399536,26162.93434956559,16366.812209188529,13473.921271231095
0.018491567502782295,0.030220015409639586,23201.78095414823,17200.763252688816,12897.967324677202
0.01656134234037917,0.019448681629984747,22439.128903005887,14763.969240874501,12848.247979463185
0.014430785676109033,0.02097808658471406,23934.04780173661,23447.465553752914,17527.402072187055
0.011281480892984825,0.01946452689282593,17220.47043599383,17119.676420715357,13662.025110775847
0.01657008330315103,0.030016298442593264,15173.762759341349,15384.310238530716,13556.93215734688
0.02354700056064287,0.022519155298075126,24108.620075684506,19556.51656717218,14438.350060754676
0.008726128317001645,0.016987339961376153,31376.981836095674,24667.081194754417,20558.885322789865
0.01393456811493855,0.027566210836074086,20776.585927427695,18433.32144949537,16651.998698178955
0.015271734493643887,0.03608907089838751,22147.70162195986,15129.633346143723,18861.48953881123
0.012342504499871433,0.026527813491043113,30940.99857481194,23453.45881705423,15800.478194787805
0.01696165191740413,0.017367256637168142,29329.63733432249,19705.21809553361,16481.422757073535
0.019391138350246157,0.023108610469205263,24226.955120138973,20369.889516608007,15212.416651346666
0.012877442273534635,0.021980461811722914,25147.077836844648,21289.385040781217,15223.592854846556
0.010168584426010168,0.025555258228525557,32067.30654296646,25018.25541126224,19261.09477022221
0.014076731990063483,0.03680191369951238,19794.091838539534,19363.730471164065,16948.226091531433
0.01940051489518205,0.02514711290915778,24021.916905953294,16329.524059139614,15514.4782923502
0.028101108891796955,0.018355258626627177,34586.8754103163,18651.13827632664,14486.852166801289
