0.03323943661971831,0.031549295774647886,11369.410643478817,10096.513250701866,10087.202558081886
0.01653363740022805,0.01710376282782212,7271.550564757383,7015.765888439552,6410.459884482901
0.016666666666666666,0.028333333333333332,10875.651355033788,6862.115677332576,6471.970449801269
0.015104166666666667,0.03046875,15309.453409224883,8455.867824677181,9465.608767285707
0.017898118402937126,0.027306103717301515,15970.367878788467,14105.541242766501,10557.541507203134
0.03455723542116631,0.03509719222462203,14109.338058986476,9581.980992454068,9537.359674112447
0.0519159456118665,0.033065512978986404,11547.946702876938,7262.707694055462,8174.086607862375
0.008455718736092568,0.03204272363150868,11056.48618289169,7238.0693640126365,7972.49457199711
0.018936635105608158,0.03823743627093955,12957.972123544601,7861.585248783231,7735.2724990337065
0.015434083601286173,0.036334405144694534,20939.900749015538,12390.621513186039,8358.204820588382
0.00435097897026831,0.017766497461928935,22925.386132824617,17128.987390232727,8897.503520475182
0.01694915254237288,0.01735270379338176,20779.146728206724,14380.439532469449,8553.616161528455
0.024226110363391656,0.04104979811574697,20053.794731246984,13349.754074008279,9322.028695006638
0.0016625103906899418,0.02493765586034913,2148.110481135107,8324.277064391817,10705.990300011976
0.015092502434274586,0.04211295034079844,10838.976690265805,9112.446608243052,9235.808932190394
0.014174344436569808,0.023387668320340185,9301.988834386988,7926.131594756449,8161.430841294876
0.01522491349480969,0.02456747404844291,12626.389284527999,7029.500291317652,7412.70304620531
0.020016680567139282,0.027105921601334446,8808.435476814708,9063.192739884926,7580.797476292651
0.03827540695116586,0.0475142982842059,15871.568671357583,13688.361808890228,9151.592092421957
0.01189127972819932,0.025198187995469988,9880.93382687456,8439.04560758944,6346.350616121414
0.007338551859099804,0.03595890410958904,13552.24501200819,16046.357294288433,9417.588928928935
0.021445591739475776,0.0329626687847498,8526.064375191752,8516.491347480332,6362.871084043312
0.0099644128113879,0.022775800711743774,11988.988264094778,8280.45240385742,8842.577143267652
0.006567164179104477,0.039701492537313435,18507.705406761426,7627.009317829844,11821.308575029378
0.030901287553648068,0.03476394849785408,13610.635528578576,10948.186565621923,7555.743466624779
0.009104704097116844,0.02959028831562974,9617.272504893093,9746.227786530548,8128.942623679248
0.009080590238365494,0.03206583427922815,18871.24999492306,15165.597012859625,8846.565193126167
0.021565003080714726,0.03820086260012323,15667.62091296721,9731.62062381488,12499.764956835317
0.006979062811565304,0.014955134596211365,9149.81913510316,11514.797325045522,8645.698061832001
0.025491237387148168,0.03558151885289432,13962.678675511292,12675.51534038734,8747.08256676408
0.010884353741496598,0.021768707482993196,6656.232145358233,12952.069999916268,8025.295046433591
0.006870229007633588,0.024427480916030534,19890.021791404495,15326.52697005788,11366.843250572534
0.031037093111279335,0.03255109765329296,6782.384966447887,7553.188018641892,7135.016342242747
0.014637904468412942,0.016563944530046226,9816.446204289363,8500.15970875537,8062.8892554233025
0.027616279069767442,0.03343023255813953,13623.795980906163,7488.744539594906,9664.868639059714
0.016120906801007556,0.02871536523929471,10155.049967538087,8925.599968703085,7218.494102779017
0.01901639344262295,0.03770491803278689,17667.922639609224,11790.938056387764,9470.423671846784
0.020625,0.0253125,10817.562563991612,8857.833238194145,9185.674432514441
0.01807465618860511,0.02986247544204322,12088.166317459656,7457.522039140082,8793.707376605455
0.036013400335008376,0.049413735343383586,16957.964023219913,9676.67881730897,8283.58361738705
0.005988023952095809,0.01746506986027944,11354.40646183894,9096.926310619268,9701.38775826022
0.003468208092485549,0.028323699421965318,8262.718050015801,12607.209425455787,10863.736686421513
0.0069054812257229176,0.018774277082434183,15012.797225308626,12098.933662012862,12517.595584253066
0.014119091467157766,0.03468385512584408,18457.580290691865,13895.141373046357,9903.737907301089
0.008280565026790063,0.023380418899171942,8560.218868938857,5658.331023041507,10503.487706137223
0.01848249027237354,0.026994163424124515,10070.161875097832,10876.027211874092,7226.6917097932965
0.020209580838323353,0.031062874251497005,20517.30425768743,12395.635333155735,7969.60774504593
0.018996960486322188,0.023556231003039513,7636.309863826876,8687.651861321112,7634.209299632261
0.014121338912133892,0.04157949790794979,14261.446392788315,14699.83481061018,11218.459096324163
0.018957345971563982,0.023696682464454975,11656.613829874683,6757.76410228966,7306.1503554227875
0.023759608665269043,0.04157931516422082,14046.433723807655,11616.927107861688,8923.556367067347
0.021316614420062698,0.03699059561128527,7162.836261814802,6456.957194953391,6484.862665098896
0.03121998078770413,0.05019212295869356,9632.64271503041,14979.888883808182,9227.291807330523
0.017790956263899184,0.02742772424017791,18517.09326659146,11082.005398531272,8758.895748941239
0.009446693657219974,0.016869095816464237,11913.841010044145,9113.998736684147,9377.437325600824
0.01037037037037037,0.02666666666666667,14635.132670016397,8664.692664261936,7906.74595914031
0.02179715302491103,0.03158362989323844,12450.98600572532,8564.090251165537,9238.934673042295
0.006340057636887608,0.025936599423631124,15817.023927300144,13583.074015647439,10500.118693505721
0.00849762066621346,0.02345343303874915,12401.370014575341,11342.825838628842,8267.029913229735
0.019165727170236752,0.037767756482525366,11461.88203201051,14516.04219196873,9595.25050185308
0.014357501794687724,0.03158650394831299,6454.075892137842,13156.367285014969,9340.23788915801
0.00157035175879397,0.02402638190954774,11556.071167872902,8409.206191049008,9732.624771859226
0.013237727523441808,0.0253723110865968,7696.736817961221,7554.050991888781,8929.125784576821
0.02032520325203252,0.03929539295392954,7502.653895853673,10398.857316679543,7429.500946132438
0.009790209790209791,0.03146853146853147,12873.64830567679,9445.52885675178,10960.998981426945
0.0106951871657754,0.0196078431372549,8329.128146984489,11603.312085721058,8610.511482812568
0.019218846869187848,0.026968381897086176,13424.906428847748,9027.467348387128,7861.395453059649
0.020537124802527645,0.026856240126382307,9357.411124617047,9723.684910023068,9739.732635161768
0.024294670846394983,0.030564263322884012,13732.775561952336,10502.79484734438,9609.532265885386
0.010220125786163521,0.02437106918238994,13629.543740357505,7607.939688300478,7822.865157196739
0.007051564565888057,0.008594094314676068,16611.428048240665,13493.169563764674,11456.49744297052
0.007988721804511278,0.029840225563909775,10009.88340753929,10553.412447502711,8608.754462528506
0.011123470522803115,0.04560622914349277,17134.815916017877,11093.40476482537,8687.574225070417
0.00513083632632119,0.02744997434581837,22329.05106168717,9789.495617239449,7888.0331115131285
0.022355507088331516,0.03353326063249727,22238.16803755759,12623.37042222389,12115.294595315809
0.025066666666666668,0.023733333333333332,10124.413368780033,10070.839975462954,8416.709109285151
0.03759398496240601,0.046992481203007516,15774.802293358878,12546.734033812092,10831.907616113393
0.024742268041237112,0.032989690721649485,4523.941530671683,3455.003898012157,7086.797387592351
0.01602787456445993,0.021602787456445994,5280.432952296455,8560.738234955952,8841.307351633746
0.0231105559025609,0.03966271080574641,9495.650353597208,11891.615454455863,9130.881122541321
0.009789156626506024,0.038780120481927714,17112.18039743857,13829.832511586492,8757.733165921098
0.013272501036914143,0.021153048527581916,7853.656436096351,7031.800731209886,9876.947591988755
0.010570824524312896,0.030303030303030304,15533.482338819418,8443.746133342283,8280.020577818583
0.012532637075718016,0.04725848563968668,8791.228165586721,10360.755778252704,8618.763056236028
0.020942408376963352,0.0274869109947644,10914.600920215882,13579.55426929808,8208.77060224552
0.012658227848101266,0.03243670886075949,14853.255911702674,16432.353342603787,10275.869566751187
0.017167381974248927,0.015379113018597998,11626.925208924162,12467.691345035762,9351.086315824945
0.005689900426742532,0.021337126600284494,12529.143767731157,12432.993069134942,8612.483373154879
0.010932475884244373,0.02347266881028939,15765.115759359984,10380.973651130182,7730.07069280321
0.03043170559094126,0.02653927813163482,13025.239146497566,12510.585167211913,9032.531716208563
0.011535048802129548,0.00909494232475599,19913.526764602502,8687.554473514065,9213.568968825628
0.02865064695009242,0.027726432532347505,9364.052153937195,10129.251592154664,9713.535146222057
0.02303070761014686,0.037883845126835784,16053.385090537875,13460.970875240444,11267.49986056497
0.022664455500276397,0.027639579878385848,9346.52839835826,13540.961483189902,8894.199316910517
0.02030735455543359,0.027442371020856202,9088.893240988265,9595.556446071716,8929.497039858115
0.024737167594310452,0.015460729746444033,16118.258001558599,9976.656286599886,7110.129874495223
0.016329704510108865,0.03771384136858476,8791.485763257995,8796.491724348229,10032.809756380595
0.01838879159369527,0.03415061295971979,9798.365308282158,8616.084878230267,8248.973601816999
0.018301610541727673,0.021961932650073207,10246.478282654838,6028.64790583358,7339.68814199567
0.021164021164021163,0.03659611992945326,12779.916342465185,11481.80783485136,7375.231986094145
0.004626060138781804,0.004240555127216654,12058.688060467864,2664.8523196937695,8247.294960892084
0.03250345781466114,0.03803596127247579,15936.37957285993,9058.821267736666,6910.2644134391185
0.016121384542437174,0.025604551920341393,16414.747404004534,12390.914516073935,10426.350758472827
0.014308426073131956,0.033783783783783786,8802.2329155216,11576.343901467402,7684.0147372079255
0.01892109500805153,0.0249597423510467,9097.184356182632,9903.811070852265,7538.666785515677
0.013980868285504048,0.02612214863870493,5437.914263918984,7138.093494717242,8633.866031303714
0.014150943396226415,0.03341194968553459,12773.156278957373,8855.08081897915,8658.410697114683
0.028444444444444446,0.032,19185.030915013293,12769.458772108315,9290.801451306166
0.018089053803339517,0.020640074211502782,9770.36040254589,10288.386029995669,9728.763805588793
0.01904761904761905,0.04468864468864469,12067.66638961812,13404.254350929801,9650.106416451139
0.0044874007594062825,0.037625129444252677,15178.094962060493,9762.879657169564,12247.017013927141
0.00897571277719113,0.045670538542766634,13035.136520048654,6732.850448513348,7032.832306581836
0.06560283687943262,0.06708037825059102,28253.96483552941,24292.80227262394,12714.844584381934
0.006243838317449885,0.02448241866579034,9953.725123223961,11669.849000222053,8283.568180384787
0.007518796992481203,0.03558897243107769,13181.05632417976,8710.214612415213,8625.42431200493
0.007015650296815974,0.01807879114948732,14041.984374213442,9547.88289500843,10187.44608128511
0.016853932584269662,0.02153558052434457,12629.561497338138,16517.36861776522,8880.348586020626
0.018867924528301886,0.031839622641509434,9968.72608128679,9019.683699044852,8287.575976079594
0.0093841642228739,0.02375366568914956,7512.338560088865,6677.317534214487,9422.22214237539
0.024307900067521943,0.03173531397704254,15810.268381887718,9025.981918512383,9115.12325119059
0.010101010101010102,0.03265993265993266,5894.731371731649,9491.529729523812,9591.210229296883
0.012317167051578136,0.03810623556581986,15565.085302981279,12239.277350302811,10757.718850787067
0.016356457980823462,0.010998307952622674,8984.126206753976,12454.37839244417,8881.8248130774
0.004844290657439446,0.02837370242214533,14318.449270263542,16053.55335616087,9136.304620547426
0.014677103718199608,0.04207436399217221,12615.830684449838,9421.862111848473,8614.243729546168
0.012957746478873239,0.023098591549295774,10866.30373784632,8087.432997423229,9897.580326347317
0.009561304836895388,0.024184476940382452,15185.47320851805,10743.288539050212,9021.10581331441
0.011737089201877934,0.03716744913928013,17030.31326522925,13072.389901959416,8795.955138550486
0.025535420098846788,0.026359143327841845,14510.14349402551,13512.892715801238,12443.4156388678
0.011220196353436185,0.0273492286115007,15164.899317828087,13140.421076175371,11436.156052154505
0.021912350597609563,0.025149402390438245,12329.3575710317,11728.682844204372,10065.988099275743
0.011976047904191617,0.03293413173652695,8216.55531167462,7279.586843250312,8831.047924310496
0.01473187978786093,0.01885680612846199,10953.922303344887,8848.683042736004,8710.451094585114
0.020152883947185545,0.0423905489923558,11428.313903337035,9544.672710264236,8376.276089006544
0.009937888198757764,0.029192546583850933,14656.627372969659,13772.194562952436,11707.077571660691
0.027476038338658148,0.03514376996805112,13853.50963827542,8371.648607725989,9525.156800888224
0.009915014164305949,0.024787535410764873,8480.225937950077,7061.68691402097,5788.276116371302
0.015843429636533086,0.031220876048462257,9159.745901843708,6073.76234946005,8122.817065097692
0.015031645569620253,0.032041139240506326,11092.972247965188,6764.182261875246,7814.269130736318
0.029029793735676088,0.027883880825057297,11704.22694757898,12794.152051691777,9113.539299380296
0.02544132917964694,0.026739356178608516,13861.697883083918,9217.762397387938,8440.051032267733
0.02337472607742878,0.01862673484295106,9766.846368156148,6728.5099778074955,10066.0650660027
0.022641509433962263,0.04490566037735849,9326.682616698572,9323.104889012548,9036.472964344362
0.0273972602739726,0.019178082191780823,8589.343695362013,5690.271257249674,6416.046116325985
0.017956656346749224,0.04396284829721362,7307.345525450326,6122.658417711594,7797.978484407659
0.016304347826086956,0.03091032608695652,9523.069252957734,7971.365893802987,6840.39310939694
0.016908212560386472,0.02717391304347826,10644.528515872154,10596.966166182132,8092.799059826915
0.012211668928086838,0.04002713704206241,9535.660198743823,12189.726667085124,8317.690986258009
0.01483679525222552,0.037091988130563795,13096.58833598481,12241.583836594828,7706.102986344982
0.011500547645125958,0.01615553121577218,8417.047954574235,10065.157699850986,6895.442253527126
0.004830917874396135,0.011594202898550725,9772.593651336516,11604.370982096363,8631.50204896622
0.0035353535353535356,0.021717171717171718,18612.068550904387,9206.91071197192,11674.749814405235
0.011965811965811967,0.015384615384615385,6507.147320160315,7909.066574378701,7464.752594604162
0.013395847287340924,0.03248492967180174,7792.98738370887,10947.506374448727,7695.648270876089
0.023886378308586184,0.03131052291801162,6729.877027828836,7668.3715710602855,7315.658457632148
0.016864459712679577,0.033728919425359154,7522.007289986708,12787.257658963368,10806.12499829425
0.008304498269896194,0.02110726643598616,8370.349581773002,11691.849883799983,8474.319547677782
0.020209580838323353,0.01908682634730539,20092.76999796112,11294.648248761232,9048.786203974325
0.01897269782508098,0.03169828782970847,18191.01144965371,9297.216307430419,8863.587583753313
0.023853211009174313,0.03669724770642202,9286.197236768588,10630.401025132707,8234.82297375314
0.0030188679245283017,0.030566037735849056,10032.078591994145,7927.322320389423,8823.321870026544
0.020958083832335328,0.040419161676646706,9684.514024129689,12712.090717384304,8538.871094326629
0.021422450728363324,0.02634961439588689,14857.942877691707,11028.766415328768,9735.329449855793
0.02875924404272802,0.040057518488085454,9734.819977092035,11314.608369402673,8403.735416290554
0.020289855072463767,0.034541062801932365,13371.843319554691,11151.572182108412,9025.413553374592
0.017456359102244388,0.023275145469659187,12871.819702814073,10720.10542421395,9583.53051685201
0.007669616519174041,0.01976401179941003,16331.611115150357,7927.128589027193,7599.489909607201
0.009174311926605505,0.026089449541284403,8722.141861255303,9374.625000177139,10691.954577688277
0.013633669235328987,0.03912270302311796,10604.08652184045,8165.391441907221,10056.205231622678
0.028431372549019607,0.03872549019607843,16755.30362780956,14433.596657141527,11230.337646646893
0.03592375366568915,0.04142228739002932,10049.051192557183,10384.918925624432,8419.636465527361
0.027518427518427518,0.03218673218673219,10733.23632410551,9962.452836867538,10426.111797503505
0.011864406779661017,0.01807909604519774,11055.756100552666,8976.83251998038,9255.99745865261
0.014256619144602852,0.01654786150712831,16292.699931750656,9070.261950421413,10810.247454454542
0.02433371958285052,0.03794901506373117,16989.17190898347,11434.739295710664,9987.832760228282
0.013629480060575468,0.02624936900555275,13975.368597152286,10412.400944453424,8343.509820833166
0.004508566275924256,0.013976555455365193,6020.938158093448,7549.113559774834,9083.343781797095
0.00901481004507405,0.043142305215711524,12022.3352109066,9980.306134254022,8671.828926975628
0.015223097112860892,0.02099737532808399,9325.139094180502,7484.74850231884,8632.922288743739
0.01522198731501057,0.03171247357293869,9121.340995548439,10151.425643432489,7637.924674623775
0.01932367149758454,0.028985507246376812,15118.60353486097,17825.53984664571,9285.575159884585
0.009950248756218905,0.023009950248756218,7145.704799440604,9410.609258018556,10333.941347128313
0.011666666666666667,0.024722222222222222,11618.735290873366,10737.34948920333,9844.692325334487
0.018439716312056736,0.03475177304964539,10522.864453676968,8027.401377003125,7382.750320240398
0.028493894165535955,0.023744911804613297,10495.92964696948,12468.764317726997,9697.206524381427
0.017150395778364115,0.037598944591029027,7800.95992783365,8257.52360539514,8938.296966116817
0.02688953488372093,0.0377906976744186,12219.458017103869,9805.86337325452,8100.205187037998
0.013225991949396205,0.03335250143760782,9083.223509818892,8801.167748660251,8507.787653293308
0.016869728209934397,0.02577319587628866,8463.266402359148,7734.010370650476,8530.635744578463
0.05526116578349735,0.07797123391370174,16653.396030930802,12196.187592846645,11056.82189261665
0.003908794788273616,0.023452768729641693,16137.22251416839,16700.581210538705,11998.03123510533
0.03992015968063872,0.05023286759813706,13036.97986677924,9689.59186065275,10094.500665951062
0.02408563782337199,0.027876895628902765,13757.968311231445,11970.585113303923,11036.577544007829
0.015384615384615385,0.035222672064777326,20028.13518522724,13330.846479266009,10333.706910625206
0.022135416666666668,0.034830729166666664,5937.887051232834,7045.072499493979,7197.242732641872
0.008191126279863481,0.017747440273037544,12893.604052650515,8333.169655060563,9633.67099555551
0.04049416609471517,0.04392587508579272,10407.349161887365,12905.964498004738,9292.829487799907
0.01688951442646024,0.03096410978184377,12941.631460317962,8560.689953767303,8268.177827565169
0.01003928415539066,0.028153644696639023,11435.600630141676,11005.320362580373,9636.61072351937
0.013210039630118891,0.03500660501981506,8396.11941113287,10471.522049779447,9435.669558116282
0.036544850498338874,0.03875968992248062,13325.445712074541,12968.368062646177,9518.536277984509
0.02050919377652051,0.04384724186704385,13634.654308743253,11198.741070650864,7117.780087840086
0.01782178217821782,0.033003300330033,16863.869435371456,9109.036868081177,9454.237234259812
0.01778496362166532,0.03395311236863379,7867.287440215578,6628.012591271768,8491.027441727882
0.013016845329249618,0.02909647779479326,16235.52000524533,13870.859815761147,11132.918492071576
0.024022609514837492,0.038153556288271315,14563.47922006506,12411.43824555003,12263.281097484061
0.011209439528023599,0.038348082595870206,9290.392315524858,10843.456834195274,8091.116622529629
0.022018348623853212,0.02798165137614679,20365.87614065134,12670.481254195352,8621.490357515158
0.022029897718332022,0.03697875688434304,11657.255260786465,6943.054926855946,7764.592602550459
0.026189203634420097,0.03180117584179583,13449.994913612787,14841.229090596904,9434.577402921852
0.017758726270667484,0.02112676056338028,18316.75289711086,9369.261448865474,9997.61463679882
0.01909892262487757,0.02473065621939275,12349.623546722907,6579.1302248803495,8086.803342746478
0.023432552248258392,0.037682077264091195,16629.84484708627,12016.042656001238,10871.078678471056
0.011618257261410789,0.033609958506224065,13160.75836131164,6755.991091837323,9158.132824617915
0.022598870056497175,0.012711864406779662,12323.999449406398,6847.101532025118,9860.809217423246
0.01887385970430953,0.039005976722239696,16844.752769359846,15855.824683592482,12594.337494011368
0.018835616438356163,0.03281963470319635,10484.819181728031,9617.172346287995,8931.61068183887
0.010806317539484621,0.024522028262676642,16565.662090918177,15642.576109781907,9375.9138339619
0.02738283307003686,0.03712480252764613,13036.098323356853,10150.733028521676,9771.042318431251
0.015402843601895734,0.017180094786729858,14379.913498163693,9631.041154940174,8819.335378462503
0.014612761811982464,0.029225523623964928,8155.757672941413,10634.269334147428,8935.891111683515
0.03804737975592247,0.027279253409906678,12760.843955967048,11011.833075186669,8913.208686808019
0.016566265060240965,0.022590361445783132,12925.853094867021,11896.711350065916,10089.595802671114
0.012922465208747515,0.02808151093439364,11163.88916596011,8887.940766969474,9137.678727017668
0.009182736455463728,0.018824609733700644,26383.843724404935,9337.213581868868,9928.79994001261
0.012875536480686695,0.01870018393623544,16398.95885646219,10601.803677587046,7060.746430990346
0.028054298642533938,0.06334841628959276,13306.211703393514,14100.571743669405,10276.315332667667
0.005331302361005331,0.02703731911652704,15986.796310473519,10017.134989744327,8135.921410463827
0.01252723311546841,0.044662309368191724,18146.35650205024,16375.257503909956,12472.90107101874
0.005988023952095809,0.027801539777587682,5918.7747014921815,5575.744123734812,6088.145719518101
0.016579406631762654,0.037521815008726006,16502.264589740516,10568.558590777171,7764.149770606328
0.009572431397574984,0.013401403956604978,9965.624119482341,11858.309973884585,7602.615241878231
0.012993762993762994,0.018191268191268192,16849.8992567413,9074.160937273835,9886.296273370643
0.012307692307692308,0.028205128205128206,13790.252609558936,7481.8617052981135,7635.715721772376
0.017345399698340876,0.021870286576168928,17638.478079589095,11125.855181665911,8130.114413954593
0.011074918566775244,0.03517915309446254,13141.558123196695,10072.792407893094,9743.604111625657
0.030558482613277135,0.03477344573234984,17194.194676238876,13166.077725311396,8508.34496484623
0.010652463382157125,0.014869063470927653,15137.797460859387,20758.874311611053,12145.700493183673
0.024839400428265525,0.03683083511777302,7458.047567502227,8842.225261350466,8814.36156266227
0.020967741935483872,0.016935483870967744,11607.839916678691,7571.452244316932,7497.569567206201
0.01934984520123839,0.032507739938080496,7204.430163182031,10122.630716057138,6902.671447287545
0.014294592914853946,0.029210689869484153,15712.821730127971,8134.184581303372,7757.769991517214
0.03942828979793001,0.039181862986692954,18802.24551953082,16384.64706087144,8995.649261189292
0.01820464532328939,0.035781544256120526,11819.509784205524,11175.212328073552,11417.062801743043
0.004608294930875576,0.016129032258064516,12527.080799358786,9333.08290370087,7336.150103394397
0.01740391588107324,0.0387962291515591,13159.442337338034,6292.494666293406,8173.076587507602
0.024983984625240232,0.033632286995515695,7261.037549801083,8168.448018283614,7496.912826877758
0.024487094639311716,0.03474520185307743,24879.310390927913,13617.284036098119,8756.968340342903
0.012448132780082987,0.023340248962655602,17788.34868024602,13757.223336218885,8110.974990715628
0.015113350125944584,0.029974811083123425,12759.201991122427,12121.676154936917,10147.05237607926
0.026485325697924122,0.03042233357193987,10268.313052045483,18841.314306076347,9029.349827047396
0.018593371059013743,0.028294260307194827,10422.260523933668,8593.5640778768,8193.635063532727
0.016896120150187734,0.022684605757196497,12858.079647015533,7107.662635442555,9164.196382362916
0.010769230769230769,0.020512820512820513,12614.04546099451,10701.751915451543,9612.884272642816
0.03336113427856547,0.05379482902418682,13232.60860820415,9839.067841497334,7660.834440597722
0.013377926421404682,0.02508361204013378,18798.416767860235,13954.819262153285,11984.377579232232
0.0213903743315508,0.038027332144979206,18221.226341846304,11290.57277574702,10243.973412957164
0.02093244529019981,0.058039961941008564,13552.462918893185,11500.722364391362,8433.655080128148
0.02096177558569667,0.020036991368680642,20270.868055602514,14336.752303500965,9670.996724375529
0.02297872340425532,0.029787234042553193,11455.143561093571,7637.2408247136345,7906.011616456591
0.017400204708290685,0.04196519959058342,12056.59932486593,9664.790283320417,10010.928288918036
0.0244457077885162,0.027288231949971573,16955.272811180123,11780.161486122792,9426.620578206104
0.025373134328358207,0.038432835820895524,16375.484247539265,10410.940447320978,7768.194847355549
0.009621166566446182,0.03848466626578473,10351.848881894337,8985.145574962653,8899.692050056316
0.019197805965032566,0.047308878985258825,14466.050535648566,11229.368433854992,11465.017846452978
0.020626432391138275,0.03132161955691368,17722.048236338353,14981.39485584539,11354.746023658803
0.04531001589825119,0.049880763116057235,20112.15524694337,14250.285795905414,10766.51236233641
0.022339027595269383,0.0259526938239159,7051.601125913494,6389.574290558288,7520.321328260331
0.01072066706372841,0.016081000595592615,9517.56946818699,7005.011334352304,7942.491913912948
0.01968503937007874,0.026771653543307086,11785.286965657748,7570.477160570022,7063.539607299923
0.013816102906145784,0.041686517389232965,11035.809173693706,10137.174943393362,8553.928379713665
0.003878474466709761,0.01874595992243051,9035.13249944051,7696.851907524999,8014.268819588077
0.016490765171503958,0.02308707124010554,6907.697383620943,7376.04436324522,7981.914853223339
0.00984009840098401,0.022755227552275523,11438.250180540934,7583.936269558892,7953.646975282303
0.013333333333333334,0.0343859649122807,20452.460160400806,8489.151569182883,8851.757393782664
0.015893470790378006,0.03371993127147766,29168.867675603215,15137.35506115836,12384.007990537544
0.013215859030837005,0.015418502202643172,13918.147868335804,9034.565933507369,8502.222239312227
0.014366341713699333,0.023088763468445357,11554.655625849813,9342.425210150983,8023.962858109117
0.005447941888619854,0.026937046004842615,20225.74141167269,16664.115000542697,10014.839554442846
0.01836605446485117,0.013299556681443952,16715.842790344097,5155.083897887553,7703.142833185722
0.011216056670602124,0.03866587957497048,8479.418517190366,8209.25384552043,8321.15502769992
0.029443838604143947,0.03435114503816794,10543.724938327518,10195.42502341853,7071.888529094649
0.00683371298405467,0.041571753986332574,8872.95987555138,9332.51701519194,7590.084451171581
0.03571428571428571,0.020161290322580645,14483.274741335392,11741.476374667,8000.607202745581
0.006958942240779402,0.030619345859429367,10703.526492736364,9966.898040930928,8460.090261148973
0.02338877338877339,0.035862785862785865,16285.067449207589,12570.963325084753,9408.186810707339
0.005521048999309869,0.03036576949620428,18330.358811470054,13608.726804405691,8434.556976454875
0.04548071387449626,0.04404145077720207,11890.04618651101,11155.629904808462,9428.623839745766
0.018326693227091632,0.0398406374501992,18751.51205815263,14486.705812441869,8767.696453710952
0.0070921985815602835,0.03267477203647416,16168.954179380826,10360.040763989286,7631.750614532109
0.026804123711340205,0.021649484536082474,10380.872224882536,9067.299077156142,6945.95502326842
0.010234798314268514,0.019867549668874173,12750.595193810539,10133.435785131185,11346.931242740127
0.01758555133079848,0.029467680608365018,16203.956218310808,14216.995722374573,10387.277372418606
0.0034502587694077054,0.039102932719954,9664.407698865974,13358.16773454488,10839.750362315337
0.014004542013626041,0.02725208175624527,8504.51145948587,11900.98825388062,12853.387493135322
0.016778523489932886,0.026426174496644295,9993.190391464053,5617.452054004921,7462.2672674204305
0.013025458851391355,0.041740674955595025,10768.624800966627,9615.981308621269,9470.308522460416
0.003663003663003663,0.023809523809523808,17838.523943023883,8474.643527445993,9996.709693945058
0.04362703165098375,0.08041060735671514,14398.5061417575,14276.200870550882,10890.85014444343
0.018857459789240156,0.01691625069328896,12399.668939686191,10068.087531189514,9005.578785348884
0.026470588235294117,0.028308823529411765,10063.799616063367,7830.288809786037,8320.048164846734
0.011111111111111112,0.02671957671957672,10412.637321709994,12289.485018324614,9975.606784621754
0.014598540145985401,0.020774845592363842,8603.179195830775,7977.423559180983,9266.498684297443
0.004737295434969853,0.022179155900086133,19876.739644533456,13814.06460121153,12675.200771462589
0.01507208387942333,0.02522935779816514,7889.190550725186,11235.351430278253,7437.54190254796
0.011764705882352941,0.026470588235294117,8895.911137089399,11730.963675290284,8523.335553675099
0.016689847009735744,0.02642559109874826,15860.537929601385,11994.751548723727,9339.270919135823
0.0218408736349454,0.029641185647425898,10045.290077787475,8156.204425936338,7011.505622567208
0.004098360655737705,0.01721311475409836,14568.923518110008,6828.4092636723235,7939.7525535090645
0.007602635580334516,0.04409528636594019,20330.570333606523,13551.425618608413,13424.999697916413
0.02983219390926041,0.032007458048477315,20385.337764299966,17917.26254178514,12890.190000526794
0.012633624878522837,0.022351797862001945,13803.930937128007,8823.35234087772,8904.177303666058
0.008933263268523384,0.023384130320546506,13574.148352988115,11491.262508734297,11593.929988481434
0.01992287917737789,0.02924164524421594,18013.634380625594,9695.297613248833,7824.304022345079
0.013821441912588718,0.013821441912588718,13938.367763239286,14191.24292604489,10732.806329833084
0.046290424857324035,0.05802155992390615,9640.414848284618,9185.59709359298,7478.449882420828
0.038875598086124404,0.04904306220095694,11492.253200694944,11252.883159544213,9589.462525234883
0.012162162162162163,0.029391891891891894,15555.815758679502,9721.367393380924,8534.862178908654
0.028735632183908046,0.021839080459770115,18445.96546771562,11370.41250423373,10069.679725710315
0.011541632316570486,0.02019785655399835,10163.952405324913,7405.825103046394,9117.836370020921
0.01603849238171612,0.01623897353648757,14109.683508281043,8216.305266580533,9273.387904654308
0.017721518987341773,0.02430379746835443,12126.236193075076,8396.125246416455,9176.114390989229
0.03367003367003367,0.024531024531024532,13806.34955527193,11475.762959134283,8451.91086617792
0.026341463414634145,0.02804878048780488,8198.422832905262,6017.262018147536,6589.850810694999
0.01678240740740741,0.024016203703703703,12641.230797485689,9658.341389514231,9282.345190872033
0.01509813789632612,0.023402113739305487,10115.482997268602,12235.764574426805,10307.20903770372
0.022860875244937948,0.0519268451992162,8713.061319388808,7979.303031642441,7376.163239819461
0.03207698476343224,0.03488372093023256,19651.98945569462,15223.196339929387,11894.049201747275
0.013361838588989846,0.029663281667557457,14494.055955367961,12689.261364209517,8642.23077705965
0.024666666666666667,0.032,13034.254404048324,13359.46163478778,8412.353400149326
0.005767844268204758,0.01658255227108868,10716.041809393737,7638.257051354209,11544.320926578752
0.031423290203327174,0.02649414664202095,15693.890914498019,10398.819491056545,9358.38166083395
0.018633540372670808,0.038396386222473176,9062.649734657974,8370.490609215485,8376.090970053769
0.011656441717791411,0.030061349693251534,15612.994285054227,12781.69880283236,7338.2536215584705
0.01575299306868305,0.021109010712035286,11926.57543250215,8548.832369475287,8018.462428778045
0.024888888888888887,0.02711111111111111,7475.525424113936,9466.743037517632,7493.322243680907
0.017204301075268817,0.02956989247311828,12049.985775782889,11749.827253309317,8884.996939373912
0.015050167224080268,0.030100334448160536,12945.79899898622,8976.824180328149,9258.131343350522
0.006901840490797546,0.019555214723926382,5305.791119580395,7488.391559542,7428.598314679741
0.012785388127853882,0.03881278538812785,17159.16616880849,14355.1386787738,9996.824181671096
0.001594896331738437,0.03149920255183413,3648.1839225458652,16312.192770514774,9997.234737696172
0.008980454305335447,0.02086634970945589,14113.8508063968,11844.194207108212,10703.379184034675
0.012408347433728144,0.03440496333897349,17864.665639000632,8639.45303038276,7431.385555291535
0.022033898305084745,0.02655367231638418,13851.037401682763,6308.69441883497,8370.611535620847
0.02078179119247897,0.03859475507174666,13187.482351431074,9425.718003646067,7285.758239304133
0.017241379310344827,0.0219435736677116,15711.204730668698,6312.489897272634,6362.993174273963
0.0395738203957382,0.03120243531202435,17384.46781295682,4853.934724346208,8269.106489398026
0.007808433107756377,0.02993232691306611,9810.256121045233,9165.587641870865,8035.111189539162
0.022058823529411766,0.027205882352941177,6917.054978942732,6287.93703605179,7653.3827487092985
0.004748338081671415,0.011396011396011397,21021.303723174136,14564.095767555553,9265.20129769356
0.01758555133079848,0.021625475285171104,14589.380982230232,11946.205096360534,11732.223415672663
0.029668411867364748,0.028504944735311226,11766.570188742868,8522.82631222081,7587.582866653811
0.019681349578256794,0.02436738519212746,12596.84083743115,12059.741527382514,8505.359084979447
0.02286336418072945,0.02939575394665215,12662.728271170348,8033.925886390324,7880.646818562351
0.027516292541636494,0.02606806661839247,10473.463633107498,9178.36640279669,7649.464331795857
0.019289340101522844,0.026903553299492386,19238.516332826974,16435.682226105677,8608.456765783701
0.012297734627831715,0.010679611650485437,22308.26228794898,5428.771595322091,8380.537372541376
0.012526096033402923,0.032011134307585246,16179.28939308145,16821.758347807165,11635.5362810688
0.012812690665039659,0.034167175106772425,7997.04416645741,8135.702411268919,8257.704846566792
0.0070921985815602835,0.03082378614293508,15429.110396848555,11142.331359372089,9357.742979791785
0.009084027252081756,0.014761544284632853,9152.422264551018,11512.10299983533,8254.737279838831
0.02292490118577075,0.023715415019762844,20435.27399814044,11690.985374105663,9582.268541674232
0.013896931094383324,0.02605674580196873,18017.702581306356,15624.012116935013,12319.826277763705
0.04928571428571429,0.025357142857142856,12030.812998100042,10421.115309808234,10347.277315292304
0.013458950201884253,0.019291161956034097,7204.199166656688,9269.5585934079,9610.775671457168
0.005710206995003569,0.03497501784439686,15158.241390414696,10030.46205820189,8250.492563893315
0.015025041736227046,0.0325542570951586,13972.19536789971,6945.222842641633,8750.070491914577
0.009916492693110648,0.028183716075156576,14462.713346004863,13521.090390581894,9086.507648341634
0.01507537688442211,0.020603015075376884,9437.259353205647,10239.989308795082,9577.293487985016
0.011741682974559686,0.009295499021526418,10533.17169526032,11811.684235398521,9862.753807702285
0.015492253873063468,0.01924037981009495,7080.59230047891,8663.533899883822,9532.007869402007
0.022132054592401328,0.018074511250461084,9214.219237196608,7829.288596433724,6914.392627084081
0.027793533749290982,0.046511627906976744,10012.796411275,8846.758299202378,6395.342308976601
0.008222643896268185,0.03795066413662239,8966.516786251295,13081.11046095399,9725.715022710747
0.016720604099244876,0.019687162891046387,14509.085249774065,7983.046644865382,9437.633023200919
0.009900990099009901,0.026656511805026657,4682.374362937482,8097.5023097105295,6285.073293598548
0.007047980482515587,0.028869612361073462,17265.107805258445,13686.327795228946,12703.271076154015
0.015690376569037656,0.0274581589958159,12532.868898021694,6849.809222956878,8994.812734577552
0.015803336259877086,0.03511852502194908,12365.201878296428,10436.981667764656,7676.4947255022325
0.01935483870967742,0.034408602150537634,19545.978594345404,13336.418686039513,9935.366986005687
0.024922118380062305,0.04423676012461059,10416.805326436097,7640.724652329109,6899.341014487853
0.01992619926199262,0.03394833948339483,8113.4588956581265,6300.863868135927,7300.811147376224
0.004693539480949751,0.017117614577581448,6005.676875845399,12056.342010139637,14863.341750951507
0.03365384615384615,0.03296703296703297,15069.083124557988,13926.0702921526,11134.635194576014
0.04794007490636704,0.04794007490636704,24670.851294615386,12215.07981622804,9942.338460899686
0.015197568389057751,0.034447821681864235,8276.410398895063,6383.8978118193145,8940.504274275823
0.027253668763102725,0.04682040531097135,12015.554203055714,8807.19787124763,7111.627546194713
0.019908116385911178,0.032542113323124046,8567.985120219842,11880.950412958491,9586.78082689044
0.028995756718528994,0.03323903818953324,7791.439433712257,7276.110119311441,7009.928755235838
0.017719568567026195,0.021956856702619414,16069.35293668485,14146.793447831018,10225.069353390807
0.01030337721808815,0.024613623354321695,6098.580184385326,11054.52755695796,10248.372076615407
0.030063291139240507,0.0469409282700422,8257.228185461263,9492.274712575909,9428.999827820191
0.002564102564102564,0.03717948717948718,14449.81671737874,10669.82032178347,10291.467051794216
0.022627737226277374,0.025182481751824817,11960.696348024607,17999.43250069533,10756.391131014527
0.020484171322160148,0.023898199875853506,10246.6135893984,12086.503649856972,8797.505398192176
0.009327115256495669,0.029313790806129246,24199.77615340605,13578.739541489445,11002.324131283453
0.012345679012345678,0.03155006858710562,8962.496664840566,8036.347317440447,7640.750343838769
0.021865889212827987,0.03231292517006803,7018.53531554238,6426.52238974265,6834.7258520845035
0.004363001745200698,0.029668411867364748,5720.025999224806,12047.080021974707,9331.648882472828
0.008150470219435737,0.021630094043887146,2605.8070556359935,10830.500522701994,8624.197385388316
0.02237354085603113,0.029669260700389104,16001.35593279296,7549.982491208147,10148.18110379301
0.012018027040560842,0.031547320981472206,13425.131653866249,8705.027132884978,7497.1222055711905
0.01349787890474354,0.024681835711531045,15982.497511114372,9096.668700311142,8205.36854497278
0.010023584905660377,0.02122641509433962,13814.559769901716,9105.907543811252,10489.010311928178
0.022279348757497857,0.02099400171379606,22525.057165904625,8272.698352926354,9371.570488613987
0.01896664486592544,0.026814911706998037,10984.012105637714,8506.66148497138,7235.715948265792
0.01570048309178744,0.02355072463768116,8494.099755206125,10562.24118062144,8407.304790456608
0.016957136128120585,0.0287329251059821,18398.92398505438,15017.361161700164,9117.35040193754
0.017362995116657624,0.023602821486706456,12961.098708184709,9651.424032706613,10211.397318947284
0.013716525146962769,0.021881123448726322,9339.431913528184,6185.344136964814,9056.238260127977
0.013041210224308816,0.016692749087115284,13800.342970917764,11422.202773523764,9218.748907004754
0.014787430683918669,0.026802218114602587,4710.506328897516,6146.176009635247,7373.7788730917255
0.021727322107550243,0.027430744160782183,14588.348762309553,15833.075341478781,11284.176202671273
0.01631321370309951,0.01631321370309951,17888.465708200518,11031.032780351181,11924.139521658311
0.016645326504481434,0.030089628681177975,13412.853628913297,11107.288445881737,11041.162220137026
0.037257824143070044,0.039865871833084945,17955.929015942915,8802.514376256035,8874.32255262019
0.028363047001620744,0.03687196110210697,22582.905650036017,21419.30297003883,14901.012072181622
0.009021512838306732,0.016655100624566273,23306.665107810106,15266.299818134605,8431.541201898475
0.009308510638297872,0.026595744680851064,9908.86299866978,15066.645661233455,9070.788529599937
0.013765182186234818,0.020242914979757085,4486.428000492682,9148.621986411114,9143.558009152483
0.014757554462403373,0.03408292340126493,10855.351510338734,9568.473651477536,10197.352850999532
0.008208955223880597,0.027985074626865673,5055.016352949978,12138.629164197486,8408.978729938695
0.009022556390977444,0.027819548872180452,17125.638682705638,10880.109910095103,9985.239758374919
0.029363110008271298,0.02109181141439206,10736.363612095973,8504.949033490979,9273.518180330613
0.03228621291448516,0.04013961605584642,18116.123194033822,16844.253548037956,12148.77408401547
0.02728226652675761,0.025445960125918154,7175.588951921876,6185.236333939254,6677.436244436053
0.03997501561524047,0.024047470331043097,12679.864971274612,8333.278444246498,8059.276535837101
0.01509433962264151,0.025943396226415096,18974.96822551217,8640.224568948168,9115.715577563547
0.018365472910927456,0.03535353535353535,14566.946862007218,11145.066551074287,8026.032781490382
0.012168933428775949,0.020758768790264854,9023.325502827613,9490.033909146454,12070.7270790435
0.01921397379912664,0.03973799126637555,12750.718163434007,8647.496675797174,8004.305679761886
0.01042054335690361,0.038890956457015256,13582.189523585152,7947.192848620715,8862.500575066566
0.02417235943247504,0.02259590120861797,17364.76721504702,11068.176596779093,9644.113886429424
0.026243093922651933,0.0555939226519337,19724.76071053393,11818.750139081067,11351.669169137393
0.01560693641618497,0.03121387283236994,21999.632893369657,15948.832236100314,9835.112072087719
0.012219959266802444,0.020112016293279023,19790.8712530737,15170.209080854831,11156.47784645168
0.00909090909090909,0.03080808080808081,8797.567807551419,9110.324809861833,8086.93075954862
0.015444015444015444,0.030244530244530245,3757.857034948018,6014.862428313357,6847.947790506545
0.014833127317676144,0.024103831891223733,11558.133731754373,7646.856220600039,6725.756049954352
0.019021739130434784,0.04375,12095.686518316596,4975.619361119467,7973.346357821985
0.015993907083015995,0.027798933739527798,9512.793344990598,12610.029468804138,10032.442758506315
0.01797945205479452,0.01797945205479452,11407.324432959696,11637.200445971403,8053.174755796733
0.004623513870541612,0.028071334214002642,9661.880842377092,9252.79589581262,10314.530564174976
0.029028436018957347,0.041469194312796206,12470.622199746053,8707.3335242893,7129.12617046612
0.0367816091954023,0.0339080459770115,7564.870753773566,6778.836906402402,7211.219044223781
0.016168544830965213,0.04164625183733464,16984.671792520283,12568.99586911578,10513.435767001129
0.007547169811320755,0.03333333333333333,10971.05749294582,7550.878336661594,7486.139707793164
0.01903367496339678,0.02964860907759883,13389.712834320193,7612.402280613412,8125.385200367259
0.009212730318257957,0.02931323283082077,10441.564489704446,11585.583368048045,11246.175931373067
0.018027571580063628,0.0172322375397667,12547.037697183247,13050.541998642952,9233.832762982136
0.010401188707280832,0.01411589895988113,12512.945073374138,9772.645719986162,10770.223182929603
0.011369253583786456,0.034849233811171526,9193.75342867148,10224.48991392256,10149.706015357553
0.031476997578692496,0.022760290556900726,14178.849821449856,12166.61181851138,11898.939496741496
0.022153846153846152,0.029538461538461538,10035.25329961866,8499.606547328598,9492.949052022883
0.023443223443223443,0.01868131868131868,7519.2697074664575,8007.183048371163,9263.258039146302
0.04489544895448955,0.03290282902829028,12038.926891229314,12443.817550220661,8118.211645004339
0.03891891891891892,0.04135135135135135,9316.697691782409,7084.67598357419,5770.766700672324
0.02343159486016629,0.025699168556311415,17615.404368845357,12135.650136896234,9423.90938875736
0.030811055731762575,0.013140009062075216,9750.137745067892,7191.7404988884,7939.73221115961
0.02406832298136646,0.04736024844720497,10367.720946379877,14514.861341622827,9950.736180138116
0.02,0.028333333333333332,13259.489186563877,15188.393000801852,9144.714967702032
0.01858513189448441,0.03627098321342925,18597.62464947828,11359.526459425208,9342.685479052103
0.025210084033613446,0.021358543417366947,15210.839219411773,10346.031479710071,9333.675044363483
0.010158013544018058,0.01664785553047404,12212.84826775128,11677.884760226732,8154.748390705064
0.015568862275449102,0.045209580838323354,16337.09570802955,10884.336573709616,8961.297175655016
0.03208556149732621,0.015508021390374332,9369.635553832795,8681.138186957296,9219.085951722156
0.02608362102032988,0.02896049098580744,19866.629684048465,21383.15689560642,10921.721382077742
0.02557544757033248,0.030051150895140665,11857.966734019861,12102.556504980928,8739.774821341069
0.023166023166023165,0.03397683397683398,11367.208815984786,9729.262003125741,7616.995495734351
0.005175983436853002,0.027950310559006212,9617.002860299977,7493.746582149878,7413.134581699933
0.013753581661891117,0.030945558739255013,18863.223080455762,8159.09247817655,8810.601862588062
0.006359300476947536,0.013116057233704292,17160.076396992547,11804.489041748628,8514.041574361181
0.023138105567606652,0.03976861894432393,10596.143778897746,8188.278810705219,6940.232427538514
0.02,0.0352,9385.728184440773,10382.145311294475,9565.34750799385
0.010704727921498661,0.027653880463871544,11442.782269172845,8168.683572282904,9372.697808329465
0.04368673415023974,0.02903569525839105,11480.458278546277,11299.46711109277,10773.580036075839
0.01943198804185351,0.03176382660687593,16065.878432831378,11226.236146202766,10378.455979132079
0.02786377708978328,0.03869969040247678,9216.546393386187,10559.055286681747,9518.761187532044
0.010195035460992909,0.022606382978723406,14213.33787172375,8618.876353693824,8915.188046907035
0.03816793893129771,0.04919423240033927,14173.536167863786,12077.931334831868,7422.012078791136
0.023415977961432508,0.04269972451790634,12354.429034001885,8091.852319609554,8840.501066660801
0.03166421207658321,0.02687776141384389,12611.584361015995,12090.654216596198,9253.355980415397
0.012972972972972972,0.009189189189189189,21472.233800256952,16914.772863791193,9983.105500541775
0.02207505518763797,0.03715967623252391,5516.687592202526,8606.261722404297,8643.878024372156
0.01652892561983471,0.04855371900826446,13665.737629609783,10041.87420652161,8602.734115687492
0.03863898500576701,0.02883506343713956,11911.239422286802,11217.837915959495,12156.873151297299
0.030303030303030304,0.033208800332088007,8440.216245515297,9786.303643805317,8734.87911472301
0.018562874251497007,0.02964071856287425,10354.892282389808,10470.409795893387,9108.784191671772
0.03314917127071823,0.035297728667894414,15204.871808093698,11967.582290116059,8236.985027464425
0.013942680092951201,0.027304415182029435,12246.682257371218,10288.976517164108,9602.934988093393
0.021035598705501618,0.03802588996763754,16123.488885061177,11344.798390862272,8525.927095975554
0.01376720901126408,0.046620775969962454,13698.223017183818,7181.760055560865,8511.167338104051
0.012677484787018255,0.03955375253549696,19004.959093073106,16560.813437635636,10136.947444622696
0.014925373134328358,0.03629579375848033,8608.134708721323,7769.476223342958,7325.68146346145
0.00876010781671159,0.032008086253369275,11849.988075317,10835.127903867196,9019.045103834671
0.005744125326370757,0.022454308093994776,10429.771026294022,9035.651537941812,7576.310693617412
0.016068559185859668,0.024638457418318157,15190.396732164629,9401.109810381316,7952.011811564248
0.03438975050573163,0.045178691840863115,12174.945555492553,12098.677515299758,8993.221267553927
0.011782032400589101,0.022459499263622975,15021.914747824974,8350.16522082418,7112.2883022066335
0.01069995541685243,0.025635309852875612,18411.895667732413,10883.023673844358,7661.716954584083
