0.026079521162890123,0.035057716973065416,12757.156635874659,8248.868792190284,11396.166809304184
0.03680791834209712,0.049489638107021346,18541.628580541335,12386.638548808052,11679.970921577433
0.041423570595099185,0.0352975495915986,20300.849915487575,13555.227225153763,14430.25154519611
0.029764549089293647,0.03243003109729009,18749.533098483884,14415.436363986431,10750.098755133298
0.016582349634626195,0.03625632377740304,26517.442505963743,18687.50720119166,14003.909664884473
0.027895981087470448,0.03309692671394799,17756.6595224954,12393.794719012141,9402.423527693087
0.023762376237623763,0.021534653465346533,12607.89569192572,11019.644423731292,12344.419572072598
0.018621036738802214,0.06039255158530448,17013.353108736275,11628.839869594289,11526.070110979843
0.026518391787852865,0.04298545765611634,22860.49023533086,12313.409346255703,9655.412087071965
0.029333333333333333,0.028666666666666667,20491.371061850794,11050.000693468366,10150.428982305784
0.02103049421661409,0.03548895899053628,11795.336908794412,18866.18047933145,9389.428765346744
0.01936842105263158,0.024,19061.071186792586,13452.75682922847,13811.53167831244
0.03384279475982533,0.043668122270742356,23133.182521471077,19443.08431501802,13262.527153741323
0.039638932496075356,0.04552590266875981,32366.417693459418,19116.15282230245,15739.733627321404
0.022552255225522552,0.04262926292629263,9405.12426174619,9350.834551470489,10763.89752013577
0.020930232558139535,0.03604651162790698,13533.177172263438,9637.9579550149,11355.949458711106
0.03146997929606625,0.033126293995859216,15816.806636599842,11449.304759725706,9697.84389556585
0.033364226135310475,0.02664504170528267,15918.858186804993,13914.446952905084,12536.644945403808
0.022030651340996167,0.02849616858237548,15871.1974600598,14228.372452435005,10895.608277152573
0.019040063466878223,0.05057516858389528,14538.061310430572,12528.829987950305,12146.94451169941
0.02939255388634879,0.040496407576747225,14796.024575405854,9725.089052973191,11716.29406689284
0.030395136778115502,0.05268490374873354,20596.06364712871,13673.865121404551,14248.240086489377
0.05026078710289237,0.07064959696538643,30767.496136566966,24865.012688402607,16447.239510447725
0.034928229665071774,0.056220095693779906,23829.978757257402,15658.434583506349,14691.643566009683
0.020075282308657464,0.038582183186951065,12848.281059649868,9522.935451882096,12702.68245337439
0.05071770334928229,0.05215311004784689,21146.069498320896,23381.878910945852,17715.759154959036
0.037076271186440676,0.034957627118644065,13554.581159603396,21529.795052034224,12607.832624341341
0.023320377568017768,0.03053858967240422,17210.99174866076,8853.70104618444,10295.047069258195
0.018834399431414357,0.036069651741293535,14107.338056315077,9731.618632306827,10834.717212039863
0.021377672209026127,0.041270783847980996,18969.60535983658,13361.879789609111,9842.877778713284
0.025540275049115914,0.04960707269155206,11470.347987883266,9128.394243621511,10623.496071686817
0.035395302679457494,0.04614621237181608,11266.332374183085,12216.445416298631,11138.314039951103
0.05176767676767677,0.05092592592592592,14678.829719703974,14525.96646203419,13026.177016284528
0.018691588785046728,0.03387850467289719,20637.441655914212,20428.216645352695,15584.668459623146
0.014713094654242276,0.026238352133398726,25340.659638701978,18083.90959285021,14176.266084104529
0.027550016398819287,0.03476549688422433,16540.46651404817,11971.654248805971,12575.225110076268
0.044522042776080316,0.05106940200785683,13276.2059905177,8771.364151718675,10967.49383156905
0.016605166051660517,0.029750922509225092,36489.271924316585,18819.511552622367,11790.721547306588
0.04212572909915749,0.028839922229423203,18220.78062905374,21604.72828820439,13201.209776276743
0.018952618453865335,0.03466334164588529,10923.0779824029,10539.059981635246,11964.504932886213
0.02680140597539543,0.04195957820738137,21766.73524136478,25073.695213035793,15754.646855611894
0.028208744710860368,0.05759285378467325,21070.96002183264,15832.712769290649,11861.370616384602
0.033559728326008786,0.05313623651618058,20401.510640573604,15252.192986369646,13341.64971949222
0.05933014354066986,0.05239234449760766,11327.828037820776,14790.446390798681,13741.030183345041
0.029019980970504282,0.047573739295908656,17736.578300166846,13882.917999961082,9777.100988385951
0.02177293934681182,0.022161741835147745,9230.964652258872,9913.350142909385,10547.430216615263
0.02717101758124667,0.0660628662759723,20359.771726206647,7290.952389560373,10383.317784486291
0.04432432432432432,0.05405405405405406,24553.007612712605,22110.891901370913,16491.347459160937
0.036914339801230475,0.06578324656885944,16183.84601305643,10254.946512424991,10561.24174510486
0.00860323886639676,0.03314777327935223,22680.667129345624,9376.647928117816,12952.4708563502
0.021986970684039087,0.043770358306188924,23953.62347806675,12712.732783523055,14886.58408972425
0.016696481812760882,0.039654144305307094,21228.244616791704,14673.800389916722,12186.212316511303
0.030726256983240222,0.051675977653631286,24856.5475871988,16547.628535855605,14533.924214124187
0.02367205542725173,0.04676674364896074,15040.806499150238,14327.837660868567,13116.65940711964
0.0215,0.03125,18103.401787789433,16601.990541351075,9627.995107086595
0.024822695035460994,0.0425531914893617,18316.981111526886,18105.071515429026,14464.231476072453
0.020022246941045607,0.03837597330367074,17671.66470994304,16504.767439525258,14315.898694165924
0.029661016949152543,0.03208232445520581,13497.462555868766,13990.0793187097,11660.134877770837
0.03614457831325301,0.061883899233296825,23166.29314916566,17459.667834470874,15062.888252204637
0.061895551257253385,0.047872340425531915,17993.269174085035,9879.8683118318,9557.268180022545
0.03129074315514994,0.030856149500217298,20403.22523385925,15202.361630399784,12533.437150312757
0.038461538461538464,0.06762820512820512,27882.284145830712,18499.762691366785,20111.643444109333
0.026406926406926406,0.04090909090909091,23172.49124548443,14018.850327255414,11444.095282222132
0.0234884732492388,0.043279686820356676,14215.372277744882,9268.837154499677,10230.78854698845
0.04579025110782865,0.055760709010339735,21894.85273540801,24205.89626394269,17630.81237208859
0.039936102236421724,0.028953674121405752,15751.770399148947,11447.62986116913,13357.502573560349
0.033422973492124475,0.04802151363810987,15282.055683989822,16241.87456787677,12682.569745895269
0.041111534069280545,0.04320517700799391,23069.372840839842,13064.607944108413,14431.210705665811
0.03929273084479371,0.04911591355599214,15456.98635544906,12646.666598792097,11310.62594203566
0.04748062015503876,0.041182170542635656,28559.246457626843,18097.863231570613,14063.725874745343
0.05531609195402299,0.05567528735632184,22871.404348113676,15449.701530221144,12178.071476783945
0.039304123711340205,0.043170103092783504,10606.498842667466,14279.578280646972,12293.447991061326
0.009652509652509652,0.05250965250965251,27888.125641447325,13109.63481965816,13259.21501375812
0.04121687929342493,0.036555446516192344,22327.921427345173,16534.221849557518,14037.703271097129
0.02418054809242343,0.02955400322407308,23319.52348558319,12820.739755371258,10809.745171893826
0.054863813229571984,0.04961089494163424,27338.471665735313,15672.857161371994,12870.3510741813
0.024121295658166782,0.04152308752584424,18277.971357971597,12729.81020567672,14981.306060000032
0.024198086662915026,0.032357906584130555,23365.51313170867,12836.338843801206,16780.919988559945
0.06740837696335078,0.05791884816753927,29468.772068577477,14991.097374821837,12707.504408203707
0.027904328018223234,0.03189066059225513,19158.45362732964,15636.892055235754,13832.522909932857
0.029160382101558573,0.032428355957767725,17759.463707061608,13654.579551362358,11957.788891848433
0.022591055786076533,0.03480866758875058,12145.240438811668,7384.240844021336,9851.031096415596
0.04106910039113429,0.04856584093872229,8547.400393341439,8203.99223750266,11719.731976695184
0.05657370517928287,0.05717131474103586,29315.934463731384,20685.654617749202,12928.562801241
0.01772879731672257,0.04599904168663153,23647.97521440423,21824.991945923957,17915.597045421957
0.025273481705016976,0.03866465484722746,27907.293086565915,13886.71210892102,13689.048138503256
0.04947773501924134,0.038482682792743264,19564.86395705807,17087.55920543236,12778.81027745743
0.023104880581516097,0.04543094496365525,18601.389909912537,13828.986494844503,14147.197077663877
0.04254302103250478,0.041347992351816444,13598.18105526425,9002.256546753224,11415.562436642933
0.021319120586275817,0.03481012658227848,34255.95764958767,21386.778190400764,18866.73967202798
0.009911894273127754,0.02753303964757709,17308.2459355845,12425.669948266313,14116.535997469198
0.0146484375,0.01806640625,23799.037197724665,10559.783495352596,11010.904722866206
0.027142303218301668,0.03198914307871268,19482.018189236795,14834.217473849869,12800.10793144259
0.020222446916076844,0.027300303336703743,23138.626268620945,24514.151453949096,15533.757223413939
0.026483570377636097,0.03776360961255518,25376.14022319021,17918.364111661092,10909.404186670557
0.022370012091898428,0.02539298669891173,19681.32287677897,7482.325743658162,11097.781674257752
0.020625415834996674,0.06021290751829674,18130.051390309567,16240.512585327477,13518.6500001042
0.05564304461942257,0.05406824146981627,21342.674889118065,13652.868658270727,12197.268626942036
0.017713365539452495,0.03730542136339238,7821.827030800557,12994.092217719832,9478.044227664108
0.03799318071115441,0.06137359961032635,20220.365173472164,16403.44882223285,16781.180364454165
0.031141868512110725,0.03892733564013841,19288.917116865265,8738.962265734415,12622.800498859735
0.03250099088386841,0.04320253666270313,31650.032133165678,17003.572457780345,15847.615964100722
0.07918367346938776,0.07061224489795918,13449.17286151271,12189.306834189685,12067.447122791993
0.030013642564802184,0.032969531605275125,24953.467775943038,16139.779912181732,13088.533757629473
0.0436817472698908,0.04153666146645866,12575.249121579176,7728.944746366574,10859.340805074131
0.014580801944106925,0.020048602673147023,29088.656292811113,20756.430529894686,15000.5434444421
0.03932584269662921,0.05102996254681648,17421.87994469208,15643.086786655358,12851.077910726932
0.021683014971605574,0.047496128033040784,14239.054139442454,7105.678200321275,11968.339836930965
0.016264722378014584,0.05524397083567022,14166.165486454136,10727.80407085756,10544.760821889753
0.025261638397690366,0.03771201732226633,19872.38560972727,11969.079660467454,12672.019942864932
0.030776746458231558,0.06521739130434782,13960.70048901201,9324.9401822901,10873.890875946707
0.02994215719632528,0.04763525008506295,12954.228737511068,11623.531197582459,16247.78633363415
0.03915171288743882,0.04384176182707993,14957.969234685888,17497.948901808257,17173.763527900985
0.02749551703526599,0.04482964734010759,21090.190105996175,9454.853359117331,11690.033382368774
0.041212121212121214,0.05757575757575758,14129.10755411617,13146.069149127392,11346.735621428617
0.08062770562770563,0.07224025974025974,14975.84995446684,12514.649659035556,10817.70482889258
0.02573760200878845,0.04143126177024482,10968.706434278847,10221.577723721564,12083.694284534167
0.021,0.0295,18629.66307336068,13096.197760172376,11516.366826398653
0.04275092936802974,0.031598513011152414,17278.96469252679,14370.770839052273,12914.388176615557
0.0555858310626703,0.055040871934604906,14230.230415719137,9760.778992865793,8868.905232445688
0.024945770065075923,0.03768980477223427,12557.64623418231,6186.885839845795,10422.048803709124
0.03360433604336043,0.023306233062330622,24129.77959245855,20833.2617201593,15548.644578008907
0.03495512517713746,0.06093528578176665,21554.700421654557,10687.337008867453,10285.082201730835
0.01923899102180419,0.02672082086361693,24293.754255553486,17013.476857121073,13194.759664243124
0.019696969696969695,0.04621212121212121,24363.550284485875,16571.56443941383,11279.37858948126
0.022999080036798528,0.040478380864765406,32833.83128716841,21474.118758394474,14631.09427924401
0.037998146431881374,0.03568118628359592,25022.30390734693,10221.2306803509,13222.082846519068
0.05734571272528673,0.05079191698525396,15699.359014965745,16706.706273919448,11290.187958192097
0.03818737270875764,0.01960285132382892,23617.2669052857,17701.00889255403,13003.800406179522
0.04516129032258064,0.06387096774193549,24115.529084989448,20905.742811092558,14869.254964469414
0.034068912117692605,0.047231900890437474,30175.688773120033,18264.072337327012,14626.588423927766
0.016172506738544475,0.032120395327942496,19687.77679160736,17388.683346838585,17447.162458437546
0.021671826625386997,0.02693498452012384,16213.232803972502,13468.08139730882,13090.888642376698
0.015019762845849802,0.041304347826086954,13904.47135142485,18574.559152644066,15015.529516925035
0.035803497085761866,0.04725228975853456,16332.692424354733,10945.40238703391,14499.622374339146
0.018633540372670808,0.0339788089148703,11038.328900192346,10157.022044476906,10181.55105464544
0.040340909090909094,0.03380681818181818,20490.86817972364,10516.987952532509,12777.740487166435
0.03006872852233677,0.038445017182130586,19400.41123526623,13464.33080138506,13263.384920012035
0.07596067917783736,0.054066130473637175,18177.876148525873,16177.571489024547,14312.86508573579
0.03635432667690732,0.038146441372247826,17551.047843402204,18925.522609845168,12691.157999335193
0.062193126022913256,0.050463720676486634,15658.274004677793,12535.106041568222,11219.652867643112
0.01792336217552534,0.024412855377008654,11081.452883403026,8000.712405069485,8878.17483206476
0.0360125260960334,0.04123173277661795,17709.77917418233,13739.186333737627,12596.17767541374
0.03742283950617284,0.059799382716049385,17750.717297246232,17808.585998795497,13022.597233721883
0.02674173117522871,0.0390570021111893,11579.66152643201,8600.852263224513,12693.62017597494
0.041252302025782686,0.04014732965009208,17532.392755578458,14939.6081520313,12656.596481702672
0.03883136094674556,0.04363905325443787,21030.435210494175,16109.217490514371,13357.102459452479
0.03152654867256637,0.034015486725663714,18453.43597231776,15417.543831584888,12393.201707721591
0.048317046688382194,0.056731813246471224,16376.074135264234,10162.45112497523,11530.949890666156
0.03995953464845726,0.04021244309559939,17249.246994510857,13769.181537261657,9976.143293678724
0.032719836400818,0.049079754601226995,14611.246251104896,9086.224489535003,11503.213259998132
0.03227808814400993,0.05772811918063315,23760.643263316695,12895.378343022889,13624.87484362162
0.045366795366795366,0.057673745173745176,22507.256526894413,13669.947043434546,13686.924987947457
0.027721976697468863,0.044596223382884694,18906.975522459816,16801.686381371484,14364.544473912909
0.03974763406940063,0.052050473186119876,23755.474590183243,18918.480628859157,11964.160102882983
0.040732265446224256,0.035697940503432495,27358.19378903706,14498.919879242336,11935.635629234212
0.020055710306406686,0.045682451253481894,24740.470400577884,16498.517162563207,12661.662629232847
0.04970914859862507,0.04627181385510312,30638.09945306753,13870.404472008779,13302.827775120255
0.02623732856290996,0.031007751937984496,17337.002293805974,15347.343783438708,13851.660813596178
0.03687821612349914,0.05531732418524871,12915.664211941774,10856.778107727163,10276.393998692005
0.025078369905956112,0.03800940438871473,19778.36270610542,14311.41696238764,13159.955050496752
0.020685579196217493,0.020390070921985817,20910.53465686976,6802.736126721987,10598.967207881302
0.00792393026941363,0.03288431061806656,5813.563586258521,4900.451859838862,12922.12866712333
0.026748184944593044,0.04356132976690867,24601.98603978384,15232.728933517434,11106.34419448293
0.05233433734939759,0.049134036144578314,10674.998354296817,10907.163765365885,10093.525016758704
0.03195635229929852,0.04325798908807482,24790.137392147688,14118.94731258705,9878.891892927237
0.02346743295019157,0.05316091954022988,32368.19623934298,20955.60107725127,14937.479589564662
0.012435233160621761,0.027979274611398965,28770.921288829784,23392.92912137586,18984.448261145117
0.026807084729535663,0.04834849210148397,16011.284137555132,10891.351820831607,11918.75276209276
0.017691287041132243,0.030959752321981424,26918.81257215767,16037.855855292668,13223.387869441169
0.03706754530477759,0.03686161449752883,13173.054255214141,15449.571939174299,12077.722858389188
0.04377880184331797,0.04055299539170507,12107.35023223553,11109.798871453668,11644.582718373735
0.0203843913803145,0.0361094933022714,15719.956645589125,17416.7266624095,16251.190059848086
0.02530541012216405,0.02268760907504363,17038.1803125855,12497.852585988805,13975.978892328803
0.022478736330498177,0.031287970838396115,13677.372730227371,7844.878972364716,11285.084536512402
0.05,0.032547169811320754,12541.191839362802,9595.159010071855,13619.176805456935
0.02079107505070994,0.04766734279918864,26279.229823265185,13848.166882912203,13027.846546236495
0.03375527426160337,0.04061181434599156,17034.138569305658,14313.428429997137,13369.182778762859
0.016264169541646133,0.02957121734844751,20088.67377167032,18633.270763802284,14688.862398128773
0.02619589977220957,0.04242596810933941,9735.502989498713,10048.200492404738,11436.989501105249
0.01966568338249754,0.04277286135693215,21009.593884668157,12010.43584902842,12027.457047407097
0.01896664486592544,0.05493786788750817,26184.87512456514,17832.781558970524,11798.061924632453
0.04221516114389469,0.04062641852019973,19788.78711598345,11423.18066381426,10904.326766875465
0.051128512206356516,0.04629203132197144,14248.778499195281,11672.416916892053,10591.120264120722
0.04736562001064396,0.032730175625332626,19990.388686597642,15524.327321332941,14129.889083227114
0.03388357949609035,0.03735881841876629,27064.52340709396,10037.981014054592,11727.394254171913
0.03717754172989378,0.057663125948406675,8925.394655346588,11977.312404696922,11039.059421317614
0.039785426911041574,0.07375949932945909,16584.961230918947,12171.984612263735,9510.501391346914
0.017687074829931974,0.029024943310657598,14953.69628730565,11845.381063901663,11167.937199940112
0.028634361233480177,0.029001468428781204,9819.82167815828,7593.057731388175,13566.719293266118
0.012351543942992874,0.05154394299287411,17785.286518906007,16209.124357689541,14185.203687433639
0.03444730077120823,0.05989717223650386,23021.0482831364,12880.706998965205,11510.89792047314
0.016639610389610388,0.028409090909090908,19752.490639010106,10031.441154684342,13825.512521976003
0.027886710239651415,0.06710239651416122,14990.09551782692,15574.427717854753,13744.329402870148
0.04030823947836396,0.07765263781861292,21306.04950412098,15755.132477272587,12507.80130101234
0.028083028083028084,0.033984533984533986,25212.440239217678,10441.2036029634,12675.868809143392
0.020012507817385866,0.022826766729205753,26037.036863800167,15639.382439841134,13381.186060632755
0.029099727190057594,0.05244013337374962,20153.686850696653,14592.832149728947,13939.583210053503
0.031210986267166042,0.035892634207240946,19544.098958065413,16385.806237066798,10515.636362086512
0.039383561643835614,0.05971746575342466,14230.814635745943,10172.884377110982,10557.320892270916
0.031081081081081083,0.029054054054054056,21254.09801816323,17743.846073440338,15036.76915928156
0.02679938744257274,0.04498468606431853,22614.21537605644,16928.169368181836,11611.13493467636
0.04025044722719141,0.054785330948121644,18931.20305295385,12156.128985774498,11511.401036830739
0.0064,0.0252,8351.155778883287,11673.371387411113,12966.525362494483
0.015201900237529691,0.02992874109263658,11117.634094871844,14481.752705184525,15863.617123036214
0.02572202166064982,0.0388086642599278,22196.659380588328,13443.530614234225,13184.854920935122
0.03613006824568447,0.04737053392211963,15337.392470421588,16156.743019215,15392.687176142224
0.045639403524627205,0.035472209670131045,15232.529871480941,12795.978223141294,11179.169366410855
0.02976190476190476,0.056746031746031746,12576.40569733939,27366.707603738338,16208.562715716429
0.021227768215720023,0.04819277108433735,20178.477038562083,10612.393174772815,12547.572245606229
0.04995134609146935,0.045085955238404155,30308.182979711706,20816.274475273956,14132.286853685231
0.04722222222222222,0.03277777777777778,13961.249964922234,11141.099843197435,11246.922547692993
0.027867528271405494,0.04159935379644588,14402.820628982878,9287.484311751881,9277.806075263516
0.03757356269805342,0.048211860570393845,11086.36219231444,7559.372930874909,9217.063386748898
0.03344623200677392,0.04953429297205758,20344.480800063404,15139.466075425333,13321.169855228778
0.015339663988312637,0.029948867786705625,29106.764331365208,17068.35882525584,16749.90556626466
0.0325497287522604,0.0433996383363472,15597.801439959352,8562.961220765279,9704.530842805609
0.027586206896551724,0.03793103448275862,18324.663824191124,12978.155169953514,9208.244650201497
0.04927264195213515,0.04622243078366964,12048.993219568796,9656.842830575515,10250.706711916364
0.02746987951807229,0.04433734939759036,20500.314506608833,14690.640846856477,14911.67341015089
0.03758949880668258,0.041766109785202864,18780.50967520822,16492.966977999622,12461.84122522743
0.017760236803157376,0.030340404538727182,15515.507496269756,16261.042606818237,14164.382957640699
0.06234537357743691,0.06481939633844631,17268.730904143584,15559.55994696382,11809.84575296364
0.03205439533754249,0.033268576979116074,14524.79438529396,10949.781208877517,10853.317002762627
0.057356608478802994,0.04937655860349127,22917.046356871124,16344.791273907245,11985.501580244527
0.032868881743479815,0.037156127188281526,24658.120771002697,16705.684624760997,12962.3301083805
0.039473684210526314,0.04977116704805492,15191.745164871525,14185.228540990625,13362.430052480326
0.04572098475967175,0.04806565064478312,14142.51195674109,9763.597788783767,11864.896510170165
0.033607169529499624,0.039955190440627335,16720.195927446093,16634.438227920342,13370.857702274841
0.019637462235649546,0.045317220543806644,14947.370918476083,11081.277346422852,11381.741080883643
0.03,0.04152173913043478,18752.274791581953,10821.467117326509,10071.609259099412
0.030848329048843187,0.02853470437017995,37090.48827732061,22658.189464685387,10108.244807255422
0.02946058091286307,0.041701244813278006,13551.052687462288,12798.131727509353,12376.791754376978
0.025322997416020673,0.04289405684754522,25269.405469310143,28671.262535631024,19300.019996372645
0.02735562310030395,0.044507164567954845,16474.165183508238,14410.199930154688,10573.844762817627
0.0379746835443038,0.0451152223304122,28296.124837830313,24054.788311456603,20201.346719240617
0.01633605600933489,0.039478802022559316,13911.790684973876,12046.162641893687,9839.10272225035
0.022492970946579195,0.05810684161199625,18849.279440513026,15384.36312362537,12497.236787152819
0.02412698412698413,0.03015873015873016,22950.463190933493,17332.892116948657,12416.305233459208
0.07330508474576271,0.04703389830508475,33802.23352947015,22794.267989995395,19822.82090487336
0.04237867395762133,0.0468215994531784,29259.707511581524,15597.562828513446,10313.979358439305
0.016260162601626018,0.02893352462936394,14068.769236604903,11522.331963372204,10043.258607757905
0.03099630996309963,0.03579335793357934,20335.09086553602,15723.170505129567,10821.388786070343
0.025220680958385876,0.04287515762925599,18474.750959807894,19820.7973813632,12600.648319952568
0.03310344827586207,0.03471264367816092,18282.939028359368,16113.877997657532,14826.87859178783
0.02106969205834684,0.024311183144246355,14787.018263411108,8184.314579975009,12685.465840778379
0.015803336259877086,0.03204565408252853,29567.52554773631,20425.234693744827,11393.197397062855
0.06888454011741683,0.038551859099804305,21720.91139721627,18266.93970918788,13237.045105785766
0.02818578801111552,0.051210797935688765,9201.14509510302,7165.150301571697,11105.512230986897
0.02476958525345622,0.03859447004608295,10338.76026750801,11136.866963138675,10669.741075975382
0.023440317345834835,0.04129102055535521,21873.5198181066,11629.376966037851,11453.929951619113
0.013454423141607804,0.027749747729566093,23295.010349471366,15699.97060890288,15402.907973161018
0.02038369304556355,0.049760191846522785,9444.25527076808,10210.93777523025,10161.281100877073
0.01544943820224719,0.06601123595505617,11441.5858886001,13054.677146426262,10897.51509455271
0.04640371229698376,0.044547563805104405,28590.803782025883,21622.609770391355,14490.44491708454
0.032664069523524124,0.05693736889421636,16119.341476481759,11307.17060504674,14295.194294007899
0.0744750656167979,0.06463254593175853,35934.60248230724,24416.552163676282,15959.393135705644
0.024096385542168676,0.039238033213936825,29126.880085128472,22650.151165649564,20844.998100181867
0.026692456479690523,0.04081237911025145,17294.427470268784,10174.56543133686,10164.035072445668
0.03394568690095846,0.044528753993610226,24273.739856652435,16577.885818549443,13107.022520694662
0.027820710973724884,0.02743431221020093,18308.638758950376,13780.68379267214,12924.26095134015
0.030009680542110357,0.04017424975798645,16465.16234975381,22336.266310020375,15813.008348429526
0.0111348021795783,0.036010424070125564,31840.38130697041,25470.67219553099,25028.308018219956
0.008296460176991151,0.030420353982300884,16562.19349170113,8122.043789413514,10809.975378500652
0.03432317778634786,0.03721558040879291,28394.898212338525,15244.638078857617,14633.422084675158
0.03291278113000549,0.0405924300603401,20974.1108721727,15644.707850951387,12481.16731706588
0.013333333333333334,0.036231884057971016,17812.348864669977,16999.666521624753,15421.606613763863
0.030315117670522536,0.03510171519744715,12314.419451978622,10146.366342263833,9824.896348565784
0.03544682975536695,0.028457314028956564,21736.347875484094,14493.042348182082,9170.040319891987
0.03613479496548924,0.024157531465692245,24012.11748563601,10493.086352910168,12456.62982223643
0.03202650469353948,0.061292103810049695,24205.03031366153,12167.235988813865,11250.60675315553
0.09003350083752094,0.06532663316582915,43668.58833997739,31464.98601777468,17667.114281927104
0.02374059061957151,0.028372900984365953,18373.583892347764,14756.424759015501,13820.06140851051
0.027286356821589204,0.027286356821589204,30335.756166907504,20744.16583184795,11540.153142267412
0.01859229747675963,0.026781761841522797,15500.874759385542,10244.520787095731,11246.066390368056
0.030584380120152924,0.042599672310213,10673.422204899032,11057.781002970938,10789.521843925118
0.02352127291594604,0.03528190937391906,17501.38943049286,17233.553607092792,14295.33626243988
0.029119056395134537,0.029856247696277184,34182.16504077029,21053.030159100395,13898.142821975463
0.018934531450577663,0.03931322207958922,22680.684288815824,21571.781153895205,19128.46818724305
0.021231422505307854,0.04723991507430998,19252.12079366798,13030.662945005224,14116.693070658697
0.015037593984962405,0.023809523809523808,19578.45333794744,17562.089728610317,12252.422941909283
0.02425986842105263,0.04111842105263158,13075.228412163986,10959.73459956292,13299.239777718467
0.042695473251028807,0.04758230452674897,20909.93231504043,15912.967623086319,11058.71916853234
0.03076923076923077,0.06705685618729097,19512.00209823812,12868.815944912718,11167.654204632696
0.03989155693261038,0.041053446940356314,29636.929738349445,15141.726535347654,10740.94929540398
0.025187566988210074,0.04742765273311897,31066.897746795214,18861.447744765628,9620.78278622483
0.05022075055187638,0.060430463576158944,21244.01499661356,14809.395651736033,12780.381930838308
0.021153846153846155,0.03076923076923077,22011.493270828727,11880.606096151567,11425.051647456781
0.03382433169667212,0.041734860883797055,24079.936049515443,18831.196057721838,15377.07841140648
0.026006191950464396,0.03869969040247678,13432.344283646069,7614.433577838596,7916.249512365771
0.031909671084928815,0.041237113402061855,12569.854999553738,12773.531499459907,12965.070402145237
0.01381578947368421,0.015789473684210527,33759.81745236806,17127.78469568674,13846.834171603236
0.04105445116681072,0.032843560933448576,22546.03556122167,16140.526343806338,12346.39429649378
0.022017409114183307,0.03200204813108039,25865.541532907195,20818.21697572385,14082.558714550689
0.016883116883116882,0.024350649350649352,11432.777344363505,13948.685817280195,14594.158119471522
0.01792336217552534,0.0407911001236094,7961.199427276908,15400.110403695062,14787.514958928912
0.05656665027053615,0.060501721593703886,23803.466638848004,15581.940741761777,13601.752383183988
0.023582257158899493,0.04435710275126333,30153.352913500625,17843.239911275396,14536.947699103084
0.026300743281875358,0.06174957118353345,17766.30833092325,11935.131472857074,10558.451115117125
0.025954198473282442,0.04580152671755725,25434.838990528264,19085.80301873028,10688.996011834079
0.028237585199610515,0.035296981499513144,27202.571061689283,19423.331418127273,13299.129186790607
0.04124263524370648,0.03642206748794858,20794.3513414887,16733.154687427945,11143.727174858055
0.012126461671719359,0.024902555218709398,26402.52055191458,17204.07403931451,12706.008511596405
0.01152073732718894,0.026113671274961597,15832.595563654304,9998.78145469124,10263.09387484841
0.03788748564867968,0.05223880597014925,14218.1133557699,11196.360084465521,12553.157418299957
0.032567049808429116,0.044444444444444446,16964.492191368518,9494.172334611818,11844.022778683726
0.03686131386861314,0.030291970802919708,17282.073987032858,15719.415739310896,14139.463481586465
0.028461959496442254,0.04324028461959496,14052.962706999835,12002.209180191867,10247.01595439147
0.062146892655367235,0.05084745762711865,23057.59722648736,19428.973515223504,16606.41078640928
0.026079521162890123,0.034843950406156475,16333.216603203806,11499.834264524625,13018.882264666916
0.026188166828322017,0.038069835111542195,25989.763239384778,16328.764847303803,13934.646755745665
0.020005971931919976,0.03090474768587638,18796.99945836246,14187.664190825762,12843.558389711538
0.027884089666484417,0.023783488244942592,20643.401913957652,16803.976135389872,14944.864024487002
0.020845396641574986,0.028662420382165606,28400.73941376062,10500.308869665978,10896.212715306661
0.03610411418975651,0.0436607892527288,18965.91681746266,8674.08608899518,10279.264000169194
0.04389880952380952,0.03701636904761905,19934.461178665886,15104.746364944524,10592.286637809577
0.03561004086398132,0.039988324576765905,16442.586092787693,13538.935198125773,8831.710998408016
0.03318951211417192,0.042980418187852636,14755.23883636219,12607.099711630159,11434.86972490443
0.0376226826608506,0.05670665212649945,15797.583287097115,8377.136314467507,9906.459143730082
0.03526280771789754,0.0385894876912841,18561.510507407624,14004.26555634185,12236.38629943946
0.06469849246231156,0.050565326633165826,14315.724597826587,9661.019147968822,10463.730257060994
0.046192259675405745,0.04577611319184353,15642.470573140854,13855.255674889535,12766.262336894762
0.0248246087425796,0.053157042633567186,13909.960217867643,11347.50250684354,9277.977021851535
0.017584994138335287,0.03927315357561548,18010.733286105962,11093.229398515981,13166.381450360817
0.0345252774352651,0.032059186189889025,14992.08645742012,14297.458515301205,13320.88943046078
0.03158559696778269,0.04421983575489577,19684.796537631602,15440.826426500655,11611.650699719668
0.0462046204620462,0.0594059405940594,12290.249689165392,7926.171296966247,11154.520093685944
0.013548951048951048,0.042395104895104896,15612.026512875875,12584.074074390614,9028.297339202238
0.021172638436482084,0.04343105320304017,22235.378524023534,10610.308447324021,10221.995939492865
0.03912800447177194,0.04499720514253773,21714.817981074386,16943.50657396328,10126.913162902718
0.029338989042064334,0.03782255213856486,23114.596125390275,11364.434946910067,11092.238156518411
0.00902668759811617,0.031004709576138146,21514.445639990467,16411.790333108347,14201.250096786942
0.03076923076923077,0.03618233618233618,16291.258706614737,14054.99899036139,12062.271079247288
0.04333128457283344,0.03380454824830977,14646.167663820894,11682.735678096597,12109.378480546044
0.026543878656554713,0.025460455037919827,27726.44205199522,9924.170904167231,13996.616384809073
0.02185792349726776,0.026577247888723298,15958.888356102623,10585.030909219824,13709.752800242839
0.03641160949868074,0.036939313984168866,19420.154755841308,11811.924556584869,11051.849374416197
0.027142857142857142,0.039107142857142854,9254.553924201267,9642.967752085884,10769.532495641013
0.03740648379052369,0.045386533665835414,15975.944053823569,12221.16868216793,11472.321777579682
0.03247232472324723,0.03616236162361624,13863.417066961027,9467.246217867892,12277.586745053997
0.036231884057971016,0.038901601830663615,22274.63929309695,19042.808457292394,14291.530744990017
0.025267249757045675,0.03433754454162617,12540.753683538203,10798.885876073942,11498.78247417019
0.024661893396976928,0.03261734287987271,19040.844326435854,16547.74688281882,12399.320161125825
0.01853460758760498,0.038227628149435276,20346.992998125912,20171.382034818726,12818.486696230293
0.022975301550832855,0.0295807007466973,13604.760732194158,17825.157900693495,11023.534544825192
0.016477857878475798,0.03398558187435633,30294.310413609783,16390.99291946784,12854.761625260504
0.028930817610062894,0.04150943396226415,16182.239573588899,10362.403484120996,12146.532631962104
0.0457069628363947,0.0457069628363947,15077.403049597104,14943.958941936467,13049.202647922815
0.03170478170478171,0.02390852390852391,11768.358389481724,10840.27513402217,10820.651227586513
0.025357307514983864,0.04080221300138313,13522.155335558644,9336.596206815071,13696.632660598443
0.022495755517826826,0.040110356536502544,24540.18175885812,16389.259038726042,17400.13542154285
0.025243832472748137,0.020080321285140562,21176.041174399714,7563.092256029509,10657.373153114082
0.024633123689727462,0.04035639412997904,27018.615972510324,16286.531787346166,14200.733311083466
0.0759493670886076,0.04472573839662447,18051.723852332438,14781.690913867124,12807.6815036986
0.0166073546856465,0.03795966785290629,23127.992332166523,16164.8196545571,12963.474868058749
0.028208744710860368,0.033321579689703805,14839.673223423746,17296.03438061887,13408.52745187127
0.04035512510088781,0.051452784503631964,26027.315626791195,20521.503802475403,15577.810834905258
0.04239401496259352,0.035120532003325024,15864.908060189257,7392.045837018922,10657.616058521506
0.020582329317269075,0.03639558232931727,24894.732448586285,16314.293615762375,12020.254474777445
0.032467532467532464,0.03787878787878788,19344.861339299303,15286.009352619807,15473.704581708738
0.046192259675405745,0.056491885143570536,23782.20018170366,14422.865937309538,13470.252418280073
0.014236902050113895,0.035876993166287015,19860.213616303412,12652.895502007992,12562.927329689372
0.01602136181575434,0.021361815754339118,23400.543654899913,11740.483201352365,17165.442595033557
0.01875901875901876,0.03198653198653199,19080.643989620537,15287.175527535317,10517.898350033072
0.01964061847053907,0.030087755954868366,24646.085800275243,21891.14970978595,17035.859175520472
0.02507288629737609,0.03644314868804665,21865.16434951718,13122.095515078641,10951.091059587403
0.02244475138121547,0.03228591160220994,14826.122799695517,12368.402281713003,9717.797589651693
0.020239570425444033,0.02560925237505163,20598.68654409802,12425.789186931066,14644.703776925304
0.013166144200626959,0.03605015673981191,15261.356882274671,6817.559664517667,12297.319643971088
0.047418967587034816,0.052671068427370946,26209.835065244813,18715.118520226308,16130.100913240598
0.009887005649717515,0.053319209039548024,19743.541950246326,15697.191254306954,16508.807859234763
0.03557114228456914,0.03857715430861723,23281.397399904403,17460.921118577506,14101.115567389255
0.026105263157894736,0.03389473684210526,25344.539446917504,13945.114043867632,13012.79490313318
0.0451505016722408,0.059197324414715716,14130.003344113204,11021.636915501676,11761.442640824704
0.011494252873563218,0.034482758620689655,13657.298438575912,14637.121926110623,14235.247251904251
0.0333869670152856,0.025341914722445697,22744.513163563246,16545.32232605369,13184.737481588445
0.042954426401257205,0.0500261917234154,15397.604054452766,10244.333229497835,11738.47532369593
0.0228310502283105,0.032248858447488586,12825.090408075901,13660.914428296828,11955.068104203387
0.044543429844097995,0.052338530066815145,16960.70971508694,14911.678913398395,16511.66782783985
0.036669970267591674,0.04806739345887017,15408.058702576596,14797.787225668197,11285.529387230123
0.023774866569626393,0.03323629306162057,25705.278559080165,14786.513139173898,11711.38317470184
0.026504941599281222,0.025381850853548965,21678.43491674723,11473.2311241927,12946.890969827567
0.033268101761252444,0.05136986301369863,16597.91765994661,12060.04169221136,9429.147399944031
0.019030079803560467,0.02578268876611418,16912.01052266373,14889.80974374284,13065.555407238602
0.0341745531019979,0.03995793901156677,25597.734317416238,15790.784575944246,12648.341250663485
0.0388809862494073,0.03840682788051209,24336.203237106445,18917.07982074061,16627.810638147108
0.018837284832737902,0.03377720038973693,18571.07252482476,9638.418663603617,12615.62080375954
0.019955654101995565,0.024390243902439025,42318.793442208465,9425.710380170452,11250.764045600825
0.026508742244782856,0.0386350817822899,12584.617708379874,8221.069715957723,11948.230884154093
0.025582901554404146,0.05278497409326425,17753.01444193139,12085.300889799793,12223.346799378618
0.029036004645760744,0.031746031746031744,11944.296538709688,9580.186646979397,11322.513955816788
0.03445635528330781,0.05149310872894334,23457.763289912345,22654.3488988043,14207.325055429832
0.02748091603053435,0.04045801526717557,12006.829715887274,8580.477562582635,13015.26728520077
0.027706516162134428,0.04232939969214982,15636.801211842752,11875.741311747093,13846.947163879546
0.020750199521149242,0.03810853950518755,12860.076539556085,13179.503514454871,12518.36451423836
0.031395348837209305,0.041569767441860465,14741.111469156258,9931.63082074228,10394.380613285988
0.020814061054579093,0.022664199814986123,16021.01534639433,12666.964876106926,10569.636500479482
0.046567164179104475,0.056716417910447764,27927.99130649082,19624.567751827377,14541.455858730622
0.023383768913342505,0.03324163227877121,10372.125464129738,9341.15239230425,12686.081730774884
0.024439918533604887,0.03543788187372709,18744.788781537234,14580.079343246023,12086.77053776581
0.041696364932287955,0.04989308624376337,13567.10641837981,12042.380091845595,11847.829391523801
0.03679525222551929,0.055786350148367955,12076.619292064139,10434.339273092897,8163.667398621761
0.024136039495337356,0.05019199122325837,29039.817593246233,12904.276421748868,14318.42818327477
0.03183183183183183,0.043243243243243246,14428.7880482395,11098.651690112136,12252.049049873413
0.025325119780971937,0.039014373716632446,28823.104553203004,8576.524537087196,10309.680782819141
0.03507905138339921,0.039278656126482216,16056.820411766237,11670.128059614113,11426.60640592549
0.017804154302670624,0.027695351137487636,14121.377991173162,12828.582262270877,9950.764863011991
0.007692307692307693,0.03235294117647059,10914.807964401392,14681.383139218158,12604.74284921368
0.025745257452574527,0.032068654019873535,23653.569574916975,16305.89709821087,11025.560864510348
0.032224532224532226,0.04287941787941788,26910.561168097604,16461.29559322454,13388.173725188759
0.033392698130008905,0.024933214603739984,18561.01976170986,8427.055837685775,14137.562695894889
0.023488640739314594,0.04023873700423566,19355.17662149315,9144.882752334915,14256.352202295278
0.04677846425419241,0.027802294792586054,31542.09098075672,18761.403861135605,17146.1197600167
0.028635346756152126,0.04809843400447427,20039.466560770023,10398.756277208255,11590.802162106218
0.024282560706401765,0.021385209713024284,27330.92663869421,20222.75036542981,13878.073788708043
0.029859154929577466,0.04225352112676056,17164.46146245418,16468.378968772067,11880.009060708666
0.01916376306620209,0.05139372822299652,30408.120520209774,17089.02033224002,11924.359559308345
0.05469199769717904,0.024467472654001152,16142.28974802073,14434.35224502328,9666.129623522676
0.03269069572506287,0.03143336127409891,20092.996981238666,13589.928826857935,12076.293304895746
0.023391812865497075,0.057226399331662486,15771.50326420586,16874.044902622456,12166.029730124637
0.03425925925925926,0.06435185185185185,32891.11407724271,19476.615139506026,9577.105214688809
0.02251978088861838,0.04321363359707851,12458.880913972718,13297.704749201015,11664.407364689245
0.057763061074319354,0.042678440029433405,20428.97674579174,17960.699899844592,13485.098976089123
0.020937188434695914,0.04112662013958126,14080.955798547648,10430.22223076256,14705.903271369942
0.02513024823781796,0.03463070793748085,20535.396621004405,14250.899796304651,10774.841516913752
0.03599476439790576,0.032395287958115186,22586.213204003103,16328.598771496627,15793.40816601474
0.03717472118959108,0.031226765799256505,18578.99466594036,12076.58323381901,12039.696108985212
0.03714799281006591,0.04134212103055722,19073.969988952605,14937.299739202916,11069.594446770998
0.017278617710583154,0.04013678905687545,20003.043212172906,10298.934575863437,11052.33902688568
0.03129548762736536,0.04585152838427948,14462.286922162644,11628.13382062453,11528.015937854118
0.023166023166023165,0.042042042042042045,22308.936232691445,12207.432494981804,12632.901128106629
0.023961063272182705,0.04848371396480719,28989.870834442718,18116.426427811824,16291.078713167539
0.03293256664924203,0.042341871406168324,24677.746672908313,19280.519851780606,13122.250395203924
0.02995293110825845,0.05434317501069748,24512.901799795378,15555.40833414605,13103.217863524205
0.04884318766066838,0.03245501285347044,18566.20266179436,12721.90120266598,11833.103177191384
0.04399524375743163,0.037158145065398336,19786.369690067084,10937.820523730083,11712.420455821812
0.045636052481460354,0.04164289788933257,17106.340652704173,15177.410232839835,9574.88863062453
0.020205871139916128,0.029927563858177658,14819.851386805043,15715.357182374722,12403.351780995366
0.03492884864165589,0.045278137128072445,23519.20765142927,15615.24248250636,17793.988014119375
0.01647834274952919,0.04590395480225989,22688.037386810563,11016.402449468404,12784.983802096805
0.03707465718638903,0.04697816150330117,19283.592564562252,19202.67452882279,11359.479306361703
0.03270622286541244,0.029811866859623733,23688.76141131746,19074.47010925581,15328.809399501384
0.012345679012345678,0.0464027245636441,23770.609176312813,28322.289093854983,20023.058207775928
0.027632205812291567,0.0562172463077656,11481.672260429405,16831.141782841358,17513.53882205118
0.03469387755102041,0.036479591836734694,14782.413794432221,9287.903225637127,11654.398212794418
0.03018018018018018,0.038288288288288286,22714.295495345203,13559.790091169652,10533.18791182442
0.03314393939393939,0.040482954545454544,19039.363369908304,16860.156678736108,17238.15799884537
0.025065274151436032,0.04882506527415144,18052.52776228705,9701.052959403398,13910.751956532606
0.05656565656565657,0.056228956228956226,19840.62639202569,13770.752913344484,11923.613502617714
0.01589464123524069,0.029291553133514985,8555.5748662464,8291.97856144,9427.890044360298
0.047044632086851626,0.0428226779252111,20732.406683538655,13426.463152885928,10757.53907840339
0.030126849894291756,0.04492600422832981,22923.842626975944,11891.4366878302,13594.177242622205
0.02654867256637168,0.04945340968245705,23814.58246221494,14293.723778886568,13984.15872553892
0.03655352480417755,0.03342036553524804,24974.340560310833,11292.802651888802,11805.938557354013
0.0366779089376054,0.04468802698145025,19071.287706108888,12283.78261978913,12087.47724636087
0.02098178939034046,0.04275534441805225,15050.140273459012,12772.231565568272,10029.38669012569
0.1195942338494394,0.04965296316070475,23614.63175150393,15795.650935819664,16243.743666117425
0.023207625362619146,0.03501864898466639,17867.289854927792,11545.903498277443,10698.120925038553
0.03481842006739049,0.03706476974915762,19695.422828970677,13210.295415142471,11069.645100943191
0.029463346194317782,0.03104173974044195,23471.55011018995,15622.797311865252,13645.049659965634
0.035422343324250684,0.042915531335149866,22569.19836057182,14112.325867658872,11042.82730252964
0.04037061548643282,0.053606882859033755,16066.411109888808,15810.63376804999,14322.305412517786
0.03052995391705069,0.05184331797235023,24771.86020293179,13667.89171316993,12224.620456145516
0.02456912357902457,0.03355335533553355,21343.563506046627,26201.579067960738,16508.14446004018
0.04652686762778506,0.05832241153342071,13715.716889793952,9620.530976931546,12419.323173040115
0.03706030150753769,0.0364321608040201,13237.568120104115,9960.243939611066,10713.721682983409
0.04816709292412617,0.0632992327365729,17633.710611178594,15962.261029975583,12074.628934086522
0.02293735022252653,0.03851420746319754,27170.148597789666,22951.583394886413,17623.48167864505
0.030355097365406643,0.03178694158075601,17267.220052133427,7287.891051037626,8306.233507305444
0.02351212343864805,0.044452608376193976,23175.139229285593,19524.23412556297,14736.713067896435
0.017057569296375266,0.03642501776830135,20637.46380080737,15854.036937863093,11986.239280246129
0.02328508495909377,0.027690371302706105,27173.28896336155,15777.810001895668,13566.37991706427
0.018433179723502304,0.03686635944700461,19012.35611864158,13001.761231329021,12056.23601760819
0.0527502254283138,0.04170423805229937,17163.36525510874,13999.135597016399,11420.589381075459
0.018242626938279112,0.033140772271207056,20862.75868122465,12712.288160647253,14464.103076515072
0.01782304264799491,0.05346912794398472,20980.691888193593,16869.3909502865,18049.934753208447
0.018357980622131564,0.04028556858745538,11695.053822291791,8724.11760842695,9986.242946019052
0.016830294530154277,0.029453015427769985,15016.748564418702,11623.455836364248,10685.596173614564
0.02048975512243878,0.040229885057471264,13343.903505348555,12921.74606382693,12465.119561331067
0.03142677561282212,0.06851037083595223,14880.360259363144,14056.07907554956,11429.311155833948
0.03967538322813345,0.04215509467989179,15439.346271131975,14034.016531645415,11281.47690516842
0.053315994798439535,0.05364109232769831,22642.69369634966,17816.95197400792,15104.115058455374
0.030666666666666665,0.009555555555555555,20532.299523269183,16717.623049862807,10539.503959484444
0.03402985074626866,0.032238805970149255,13662.304165632084,10264.117680130174,10813.23587737597
0.01865284974093264,0.022452504317789293,28698.948634514694,22509.8640363175,18293.534437740946
0.030876109610189117,0.038788112697800074,16080.814752058935,16173.71682590789,14065.077327067595
0.01568415359653867,0.0319091400757166,16114.945811975715,15732.387874007198,11837.235721785186
0.03599114064230343,0.036544850498338874,22914.221057691062,21197.67763353781,13473.406351634889
0.039353099730458224,0.04097035040431267,21339.68767145025,8764.9321147338,11067.875705325889
0.03859289617486339,0.060109289617486336,23618.96636082682,22501.81616282167,18570.033870519568
0.052724856003544526,0.04452813469206912,16303.040851792066,12813.959424306502,11385.91393437825
0.020380434782608696,0.024456521739130436,20694.316750199483,14523.020824725865,16880.622749745635
0.02666666666666667,0.048205128205128206,24742.431932756634,12683.551707358847,12733.416940637178
0.02092050209205021,0.037238493723849374,38705.9322674858,21240.842788385926,13379.544175187679
0.016466399643969738,0.043836226079216736,33176.56918532005,19269.259264444325,21371.205992890533
0.017195767195767195,0.041666666666666664,23566.26878109293,8030.941346064636,14017.247522299755
0.036782538399353276,0.06608730800323363,16023.571394604882,12307.868611103755,12308.983581722658
0.022900763358778626,0.054108666367310286,19849.237272288046,14450.492068119409,12659.367612431388
0.02818003913894325,0.031702544031311154,13167.228426136422,9604.681884332666,11670.446187335836
0.0332512315270936,0.03602216748768473,25209.219334531823,19854.791426184096,15040.839319421928
