0.01717557251908397,0.02719465648854962,16142.89458213357,22415.55682330485,20860.35810315619
0.05827505827505827,0.0780885780885781,34654.88055864156,24192.968985846983,19278.742348244406
0.017474185861795076,0.024622716441620333,24015.945092661073,20864.429762150732,14598.685459896866
0.05656272661348803,0.06707759245830312,28450.980895365712,22919.021365498127,14221.748010467887
0.03305785123966942,0.04269972451790634,27075.82336933671,23674.918719801804,11600.44360702004
0.01954732510288066,0.029835390946502057,20721.934036423216,13709.136630249977,13580.89974762083
0.006993006993006993,0.024975024975024976,11711.384326735211,11113.162477250151,14009.734163558589
0.010649627263045794,0.03354632587859425,21315.942619187987,25016.674924059793,13874.76901190921
0.022706630336058128,0.026793823796548592,16782.5116893886,24131.752895425016,12696.916924600477
0.023399014778325122,0.03694581280788178,12664.038930970026,8550.027261799401,12328.56587629702
0.01206896551724138,0.032758620689655175,39458.44503301895,30648.822784189986,17836.803199002472
0.010112359550561797,0.03146067415730337,25112.788167618408,14803.063676897353,11948.342952620493
0.012369172216936251,0.023786869647954328,11828.99276739868,9679.141841480228,13680.36621386912
0.015368852459016393,0.03432377049180328,23083.79452685516,23543.502256912838,14487.715876671733
0.027711797307996833,0.0395882818685669,18838.55586474107,16228.103293194,15248.612989246896
0.012999071494893221,0.04688950789229341,9952.734044118202,12807.097385640607,14268.662934400709
0.009151414309484194,0.04076539101497504,25316.73433388019,22112.901891296016,15888.07256735888
0.037803780378037805,0.029252925292529253,16789.161208973692,14725.13647135471,11674.593152106252
0.02456499488229273,0.054759467758444216,11737.990046428518,9360.51231109202,12140.611080682318
0.023506366307541625,0.04211557296767875,11797.722308526827,12738.044458569728,13874.084467719795
0.032407407407407406,0.04513888888888889,28809.96198094982,19140.424024307315,15609.961877342865
0.02936378466557912,0.049755301794453505,16391.48581934005,14092.235130957675,11681.433700063133
0.022914757103574702,0.03391384051329056,12861.646984160681,11714.209383936914,12102.128938155702
0.02177293934681182,0.05404354587869362,29203.79059640848,24761.63429415971,14657.510527625715
0.024667931688804556,0.03747628083491461,17602.0465816211,11486.408433138004,12513.526171992877
0.022813688212927757,0.032953105196451206,22171.878084716896,22413.87985592419,14124.52605486389
0.015166835187057633,0.025278058645096056,14932.243316209677,19917.183619732856,10858.849546277575
0.019286403085824494,0.02700096432015429,11018.70940698805,9762.68500139378,12224.772211886815
0.028642590286425903,0.0323785803237858,26254.064232735844,21199.125910439587,18176.902216623508
0.029714285714285714,0.054285714285714284,28191.47147941646,14433.680656033122,15907.161239867359
0.07230769230769231,0.04230769230769231,25473.86323208317,9259.85760565239,15925.360366413448
0.01166489925768823,0.024390243902439025,29233.505256816083,18271.10670617881,17433.964704086324
0.025879917184265012,0.03985507246376811,31008.22488160408,18765.515625571275,16096.206491416957
0.025048169556840076,0.027938342967244702,22556.332117684084,15693.48045050819,13173.65853089174
0.03274942878903275,0.03198781416603199,11692.331681266685,10205.065376409213,17259.108308785388
0.013268998793727383,0.03618817852834741,18239.37892148476,11949.154388685742,9497.179866834795
0.031958762886597936,0.026804123711340205,21987.193228526794,12984.71960552334,14807.440318865214
0.020761245674740483,0.04325259515570934,22515.421935904225,12932.013036709064,13294.916487961102
0.014629948364888123,0.02882960413080895,16759.407824456503,24078.650036338688,20507.042013324033
0.014193548387096775,0.016774193548387096,30663.671490003264,15436.695773103253,11968.634249807528
0.016152716593245228,0.030837004405286344,22502.471774130114,10000.004788497226,16436.185971522373
0.022411953041622197,0.02774813233724653,15828.085965333368,18670.46635968519,16609.511968303206
0.013133208255159476,0.03283302063789869,27429.964382713275,23032.141414803762,15334.544779180775
0.004415011037527594,0.02759381898454746,38953.77513861057,32347.24827338575,15575.33212979592
0.028912633563796353,0.053739786297925835,29904.655613649167,22852.48755532557,15543.635395735662
0.026102610261026102,0.037803780378037805,32271.867773562426,18932.86907346452,19772.479545854105
0.01434308663224326,0.027538726333907058,14540.259459469602,15760.95467322564,14347.76677117092
0.012048192771084338,0.04116465863453815,53385.71973718266,29275.786993198886,22017.38045920504
0.03287671232876712,0.017123287671232876,25842.8234534673,18057.167993803243,16230.415244470121
0.03951890034364261,0.05584192439862543,15286.672837274447,12780.05390811382,12922.90946736923
0.022727272727272728,0.026515151515151516,12938.569184049697,7904.928500759066,10447.795343960743
0.017410228509249184,0.03917301414581066,22766.001428736035,19565.533912121235,13004.10779741374
0.020242914979757085,0.04251012145748988,18404.714441719374,14126.697741563847,14192.151193037438
0.04259438528557599,0.04065827686350436,10908.133235102667,11282.322374313006,12861.906133917355
0.04692737430167598,0.019553072625698324,18731.52746787604,11854.798163705098,14243.4754890904
0.022900763358778626,0.04007633587786259,29094.656770306454,23842.511205919778,14532.35491032255
0.02622950819672131,0.02841530054644809,34427.914951808496,27499.922413428718,14222.779228689033
0.01570048309178744,0.057971014492753624,20597.436485289756,11027.3474748822,12427.820220112737
0.021568627450980392,0.01764705882352941,23602.55845838285,23533.135436687633,15597.191595947319
0.031007751937984496,0.02810077519379845,13937.882548711794,8037.237080659995,9777.934248275204
0.01468189233278956,0.03629690048939641,22759.234777724443,16314.524289511866,16317.292573933724
0.022549869904596703,0.02992194275802255,18060.152662610817,12756.169439523326,14065.144944790447
0.009972801450589302,0.028558476881233003,28267.98566990567,24860.49022979624,22247.21554411063
0.017569546120058566,0.02745241581259151,25360.26002691162,20513.005540953367,13331.138459169433
0.030156815440289506,0.03437876960193004,38581.59610338424,17290.00868972056,15497.15434927203
0.015706806282722512,0.0400149588631264,33259.37010483538,20862.045898945984,23511.83028726396
0.043259557344064385,0.056841046277665994,28008.231981550765,17669.066258140247,14789.276730843676
0.02762039660056657,0.04001416430594901,13313.645883717792,14477.845350787306,19871.726236972045
0.005747126436781609,0.02658045977011494,25283.351733612406,14617.242172205833,15975.33982254743
0.01422475106685633,0.032005689900426744,17826.792803540222,9941.827696844619,14764.309405408783
0.014412416851441241,0.022172949002217297,15241.023984919038,8004.6372736925505,13081.279192277641
0.019801980198019802,0.031683168316831684,8793.819133238047,20923.890404994556,14398.63406192924
0.01970865467009426,0.025278491859468722,19190.201621638116,17474.228916266326,14439.04485712866
0.008089607965152458,0.02862476664592408,14956.655421249792,12169.649312199708,17616.54257590084
0.030871003307607496,0.046857772877618525,9294.04961783271,14294.12408929531,12582.888594647964
0.011023622047244094,0.03661417322834646,33823.997921012706,23575.728596033638,13610.076101029814
0.027502750275027504,0.0374037403740374,26210.280430583854,20641.950869688328,16737.490058969513
0.02194787379972565,0.04183813443072702,9501.029837052363,9152.634770153223,15711.591632939191
0.03636363636363636,0.04069264069264069,31837.541630051153,27185.196535209536,19051.021037185954
0.021568627450980392,0.039705882352941174,30976.75698563556,33525.12379944758,22040.90980160067
0.02735229759299781,0.03446389496717724,25014.87168317614,28420.51159816516,17576.02622037025
0.02127659574468085,0.0549645390070922,32380.382666992035,25709.381217634113,15544.98901668815
0.011976047904191617,0.025449101796407185,12337.213929638549,12419.412082487885,12820.749494348001
0.020874751491053677,0.025347912524850896,26599.241277588066,19434.820065362048,12400.637465301841
0.019672131147540985,0.04344262295081967,19962.442673884612,18066.60643383739,13708.979768309926
0.025806451612903226,0.027419354838709678,30972.591743977402,15998.712856828748,15186.566806743062
0.010526315789473684,0.03355263157894737,28654.06069148749,12481.858515967639,11824.171682529879
0.016339869281045753,0.029411764705882353,17530.795824614517,15297.051462422378,12489.917977903722
0.03048180924287119,0.0344149459193707,18132.33166558245,18894.599673774814,14539.215154473004
0.02342606149341142,0.025256222547584188,29931.42677251886,23775.43661891304,18867.321707016123
0.028309741881765195,0.03455453788509576,21367.944798695793,21787.12290315475,14481.074786667492
0.028500619578686492,0.030978934324659233,26676.595373908105,16621.521931789775,15359.048867556598
0.014899211218229623,0.03856266432953549,14333.179748697283,7960.9972261104185,15100.807992616177
0.004962779156327543,0.02977667493796526,4805.9252109287845,25054.67956977519,18161.96981261454
0.023529411764705882,0.023529411764705882,20824.99505438529,14597.243258140681,12642.496439719089
0.04529616724738676,0.025087108013937282,18723.132391122843,7114.686324374912,11854.553113710683
0.02784503631961259,0.041767554479418885,17845.636159539026,17620.684777104747,13099.854761516348
0.020105820105820106,0.05343915343915344,17232.704024734427,16753.717666242257,12541.59889989347
0.02146690518783542,0.04382826475849732,30103.52146358363,13895.314616511894,15252.110403884935
0.021032504780114723,0.025334608030592735,23402.51961559048,11647.468122479742,13399.157009264496
0.008756567425569177,0.014010507880910683,11331.988832054509,19895.059268566132,13966.954725842828
0.00682261208576998,0.026803118908382065,26164.40448495544,17586.685325895054,15488.831247614744
0.02330293819655522,0.03951367781155015,10740.122045533828,10095.914777526536,12944.642847310919
0.01532567049808429,0.04086845466155811,14700.311176699193,18540.734919948198,15185.740966492453
0.022617124394184167,0.029079159935379646,30991.789297227224,26533.01334112181,13676.630080434072
0.015090543259557344,0.03722334004024145,20253.702191723463,15399.725581100525,15310.02516702262
0.00522875816993464,0.02679738562091503,27403.495386875962,20803.89248454748,14178.364452643362
0.019433198380566803,0.031578947368421054,16094.813187764608,13805.605581693331,13387.910426842825
0.012210796915167094,0.040809768637532134,35957.53843941749,24834.899870971443,19144.513807925716
0.008492569002123142,0.03343949044585987,35564.99067813783,25438.11586218437,16734.257052123776
0.007077856420626896,0.02578361981799798,16054.042256595518,17700.54343090409,14477.287007824612
0.014856081708449397,0.057567316620241414,21810.02081638072,15673.4684322917,15326.834140213748
0.03237674760853569,0.057763061074319354,24024.78477106113,20900.54459021142,14895.684232568328
0.0205799812909261,0.02245088868101029,15255.734125754965,11037.754971252923,13095.910423903737
0.012520868113522538,0.04006677796327212,8523.442906167713,19156.064317695647,12503.119695409983
0.04016393442622951,0.03647540983606557,14645.712767321897,14201.579090142439,13367.020147916812
0.010169491525423728,0.05028248587570622,22149.623595681463,13229.612800029974,11086.39846292608
0.013904982618771726,0.01853997682502897,19571.280122128283,19885.425528507578,11103.646323765035
0.018633540372670808,0.024844720496894408,16707.846261943883,13151.445803903523,15537.954754443963
0.028308563340410473,0.038924274593064405,16143.386494472808,11542.734216936184,13421.423235845063
0.012895662368112544,0.03223915592028136,24137.797664788024,17347.573150681936,12560.975637877249
0.011937557392102846,0.029843893480257115,24974.25631412255,11112.100559055887,14181.567173256077
0.015011547344110854,0.053117782909930716,17821.977393074092,13054.869406126241,15701.591961585991
0.03504273504273504,0.04700854700854701,41748.157646205356,26343.787396182,22667.91158423015
0.023485784919653894,0.042027194066749075,22176.981383175753,16067.525509870276,13340.266834273234
0.015457788347205707,0.029726516052318668,19766.442346737815,10513.67910892351,13747.733154662787
0.021739130434782608,0.029891304347826088,23981.318219914152,19669.51146300502,13336.099976198348
0.023863636363636365,0.02784090909090909,18992.87667556597,11760.656195709591,15100.535848961325
0.01696113074204947,0.03851590106007067,19950.89130833695,15107.749132223667,14005.537858618263
0.016483516483516484,0.04120879120879121,20039.86711596508,12943.199092618877,14853.2053309405
0.009533898305084746,0.04925847457627119,22127.907622980274,11801.261119724046,12251.014599230022
0.019674935842600515,0.021813515825491875,26534.655121673495,14339.803904702436,16144.757526089375
0.011862396204033215,0.018386714116251483,22503.403755111125,9315.705886912247,13382.870141708865
0.03870967741935484,0.034408602150537634,16970.273319317203,17978.033582916116,13574.423423406934
0.01092896174863388,0.023809523809523808,14668.657894050353,16448.91248647508,14667.479973016752
0.013360739979445015,0.03699897225077081,14053.037725756962,11648.542998277577,12762.385786642164
0.019398642095053348,0.028128031037827354,25954.90142100519,24058.352090853212,14759.711212333686
0.026338147833474938,0.037383177570093455,64193.40042362376,36931.34974716842,24343.657086655418
0.005256241787122208,0.03876478318002628,10402.622366494883,11196.335345289106,12033.842988416307
0.018404907975460124,0.04233128834355828,18928.355517470518,8310.978369202461,10623.755049365182
0.02245508982035928,0.038547904191616765,40381.402115493314,15428.940240003953,17138.58507854796
0.021760633036597428,0.0361028684470821,13914.86212603442,11736.464842533027,10267.265653132969
0.025817555938037865,0.029259896729776247,15300.215597878809,22578.912888869734,13762.31734679119
0.016541353383458645,0.02819548872180451,33110.46422745415,21406.5058418823,20781.987095816723
0.053069719042663895,0.04422476586888657,12773.98746329015,13704.378377605506,14378.79325965378
0.013888888888888888,0.038580246913580245,6841.834758822181,13399.855365383537,15525.009429332016
0.019748653500897665,0.037253141831238776,33798.64217075373,15548.487537333593,12254.153215517359
0.020610057708161583,0.03544929925803792,24029.903323173035,18039.889752668645,13314.329333664438
0.020242914979757085,0.02783400809716599,23366.545971472635,14827.816883502173,12560.84705162157
0.015827338129496403,0.027338129496402876,24385.642208598005,20396.2018443126,13530.807281517482
0.01161751563896336,0.024128686327077747,28976.606893610515,18012.016444638473,16092.651215762233
0.0237741456166419,0.033432392273402674,20760.3655290635,17349.2421093684,13459.373094115677
0.04424040066777963,0.05175292153589316,15043.684499146482,14012.809457332354,13129.08933236049
0.033776867963152504,0.04350051177072672,9878.687203156318,11497.419541415278,11692.321734230592
0.020066889632107024,0.028762541806020066,29978.87174642422,22075.25163531425,23868.605968068125
0.025112107623318385,0.027354260089686097,27802.32845437773,22597.184845730357,15142.39358697596
0.012327773749093546,0.032632342277012324,21395.564558752216,14223.92377400911,13818.269559393488
0.014970059880239521,0.031936127744510975,11090.075894121112,7343.245349980564,14363.077292958755
0.005482456140350877,0.04550438596491228,15709.061148048397,12364.804638417036,11854.277817923283
0.017857142857142856,0.024906015037593984,37135.07416645177,22115.692105087048,17723.870072206733
0.023930384336475707,0.043509789702683106,12638.341439480015,16183.581277783638,13624.534365280471
0.0410958904109589,0.05690200210748156,23795.38119623312,18800.620327195975,16195.091201217874
0.04431599229287091,0.0313102119460501,19159.426796733453,16469.83896306029,11790.754729188495
0.011312217194570135,0.04242081447963801,24118.79319402975,25113.46465311676,17359.22779459323
0.0170316301703163,0.04683698296836983,4970.709106601057,9177.536771555544,13083.258407013152
0.025573192239858905,0.03968253968253968,17818.669503989997,11047.825471191212,11684.741309438688
0.02514367816091954,0.05064655172413793,19485.41529038408,19783.485696125525,13067.47327598942
0.030456852791878174,0.02139231327048586,13168.24473617345,9945.736408877727,15225.675699489446
0.04633620689655173,0.04310344827586207,29454.3575785251,19818.613190295728,15572.335430655106
0.016873889875666074,0.051953818827708706,25483.53097789176,14786.867324839319,12340.081852050134
0.011111111111111112,0.021367521367521368,20192.918699678055,14106.370852468026,13139.612702068638
0.005208333333333333,0.038411458333333336,68033.87791289971,21557.825881901445,17364.906625717776
0.01694915254237288,0.032015065913371,14474.15764971148,22835.503677061683,17875.67735315727
0.018473895582329317,0.02530120481927711,20609.456982263615,10235.08789959155,10796.47810554698
0.021468926553672316,0.022033898305084745,35917.71931340237,31887.05452494297,19820.989774888483
0.012320328542094456,0.02053388090349076,41367.8769156203,24386.972354416223,17611.21899951056
0.02588686481303931,0.029242569511025888,22120.831925370174,26848.30858350908,14698.009870974944
0.011764705882352941,0.05126050420168067,12583.590250933294,15218.754417866561,12835.448707754835
0.014037985136251032,0.05821635012386457,25104.308096023444,22762.614493912995,17352.695557490926
0.024277456647398842,0.03468208092485549,32190.120608930203,16501.139030186554,13496.452283694962
0.02642113690952762,0.025620496397117692,15796.47240834676,14465.89401753724,12572.647528732725
0.02435897435897436,0.03653846153846154,20260.38784286018,18269.751983409624,13199.078889982691
0.01981132075471698,0.037264150943396225,13924.125842424264,9097.531793952345,11416.624030610803
0.008136696501220505,0.051668022782750206,31427.53898979676,29000.757113515978,20042.325276202246
0.019021739130434784,0.035326086956521736,11911.842236890112,12700.775463701673,11828.324115156292
0.028953229398663696,0.04955456570155902,27645.685089201976,28588.890349681682,15159.470126052418
0.020104895104895104,0.022727272727272728,15249.966236827107,13029.525894066966,13171.313189218714
0.015402843601895734,0.02962085308056872,15731.877101106842,12613.496553051826,13458.253332877373
0.014756944444444444,0.03602430555555555,20926.92919832777,10902.333126038586,17327.555571254725
0.017543859649122806,0.05108359133126935,22108.532591641037,16140.232813280303,13853.26882713901
0.023014959723820484,0.047180667433831994,11991.493118719962,9663.363992626648,10129.065595994682
0.0170863309352518,0.029676258992805755,18145.24049800028,8573.200464732166,12565.936105268045
0.03322072072072072,0.04279279279279279,24244.96539196583,25675.41498806329,18141.985489263123
0.02127659574468085,0.04901215805471125,17179.76991548598,21850.15118800171,18059.542634529782
0.008917197452229299,0.02802547770700637,44618.20482704293,20861.5829266543,14022.550637519651
0.015710382513661202,0.02663934426229508,25371.343611572607,17652.92196484324,14541.6437931539
0.01727574750830565,0.03189368770764119,12313.105949450204,15786.691093121946,11967.005666710267
0.029921259842519685,0.03307086614173228,30733.247710128537,17445.965973729064,16729.046282223622
0.07194899817850638,0.08151183970856102,26203.216768575785,17721.629923471417,17225.010341309793
0.03249630723781388,0.023633677991137372,11216.96233309955,11853.006846916716,12724.767290413696
0.022198731501057084,0.02536997885835095,30035.86304155988,33954.35510576616,17188.96671281597
0.03228476821192053,0.042218543046357616,22343.367672081044,17723.389524193273,14440.433147820977
0.01934398654331371,0.023549201009251473,12118.65912798451,9409.131091681047,11461.63933692636
0.011734028683181226,0.027379400260756193,21572.349070394062,8810.538949803153,12507.483112732058
0.020134228187919462,0.034395973154362415,28358.509444420823,24553.87394130515,19070.70109800963
0.0153015301530153,0.020702070207020702,18251.452019496533,17897.769047657705,12522.587002191953
0.021243115656963022,0.036585365853658534,18446.95748128397,21161.36382016154,14559.606312048936
0.013348164627363738,0.01668520578420467,32127.073171444674,11871.025101241892,11234.151899655582
0.0319634703196347,0.033105022831050226,19101.643671308768,21370.713973771468,12957.875125978848
0.025963149078726967,0.023031825795644893,23762.623055267144,20936.28571593983,13077.338659968558
0.017495395948434623,0.026243093922651933,21989.271668639874,15188.798712214062,14312.585487479502
0.04028436018957346,0.04976303317535545,8718.716184279294,12574.685726528258,13930.621323446354
0.01332398316970547,0.03295932678821879,20366.893445818027,13592.212834346836,11498.80338333217
0.021021021021021023,0.02252252252252252,9937.947633427182,9978.53928425628,12195.858805340597
0.02373887240356083,0.049332344213649855,17450.65573145043,16543.936241722604,12334.286492286845
0.017777777777777778,0.04296296296296296,23656.221135759155,17744.527321289705,14146.218170442526
0.015496809480401094,0.0300820419325433,18408.63175783595,14430.120244647758,11872.614153501709
0.013402061855670102,0.0365979381443299,34107.780341224454,14033.258759666312,11973.992519406636
0.02131782945736434,0.04699612403100775,21882.839905045636,27665.56056986266,20582.61032644543
0.040106951871657755,0.035204991087344026,24919.72654473312,25932.2718708553,18879.17212185741
0.01947502116850127,0.04233700254022015,32468.3232301196,27695.12979133672,14777.791159024577
0.010575793184488837,0.011750881316098707,25330.543192807178,21225.96123458227,12521.498531580715
0.018090452261306532,0.01407035175879397,28351.77170218544,18196.02917724527,12565.288457526809
0.014273719563392108,0.02518891687657431,26265.545924039237,22789.939545419365,15411.643127627905
0.013991769547325103,0.037448559670781895,15068.659615684712,10355.16980188234,13214.114784910596
0.01615508885298869,0.035137318255250405,25838.195907702815,16097.633655119285,13753.980199514779
0.021963824289405683,0.015503875968992248,16610.269611432977,16647.37957930585,13809.177991381208
0.03727272727272727,0.046363636363636364,18761.82561641329,17059.76207506092,12024.404630781608
0.0042780748663101605,0.016042780748663103,47777.065348714226,19757.539790100334,14154.04959172185
0.02784503631961259,0.04963680387409201,22480.221806991252,17369.023407871595,12096.931923242097
0.03669724770642202,0.05045871559633028,17104.126962185575,15468.908684416587,13947.296254883826
0.011838006230529595,0.0308411214953271,25252.239712213483,20523.99168361593,19909.143781781233
0.02389705882352941,0.034466911764705885,23518.326115501994,14146.647618154728,14839.01408007163
0.02176278563656148,0.035908596300326445,12943.847139307816,16311.474028148019,13099.118897058786
0.040183696900114814,0.040183696900114814,18911.527885830474,17955.893782416613,12098.195355265776
0.027111574556830033,0.030761209593326382,16101.230546466519,14367.927140022291,12678.508343491641
0.023622047244094488,0.03487064116985377,19461.015078978835,10228.895557539818,12344.283416218415
0.01752021563342318,0.05997304582210242,17189.507942040273,21020.303987383923,15815.008431512817
0.029197080291970802,0.029653284671532845,36499.14976329054,24063.63909931994,16697.87361068114
0.025821596244131457,0.03403755868544601,22555.17522484444,18721.42466105789,15034.96946292585
0.016417910447761194,0.05335820895522388,24474.404248937182,14548.056538150959,15104.091545545432
0.022603978300180832,0.04792043399638336,23379.70905094051,15945.536732162946,13914.021252534742
0.02120141342756184,0.02944640753828033,17280.060176350842,13420.582618913893,13046.62308621228
0.011198208286674132,0.02855543113101904,13049.888964903332,22975.876284447782,13348.379199463194
0.01521216973578863,0.028823058446757407,18847.85998886003,9644.418975824123,13216.75081677752
0.02768166089965398,0.03806228373702422,26144.78382410647,15460.426449359238,12091.36045147531
0.007744433688286544,0.02904162633107454,15666.513750169212,24734.40557794301,17544.506995849024
0.03217821782178218,0.024752475247524754,26732.98623864686,9098.914211562249,15758.099261752557
0.04261645193260654,0.06293359762140734,38017.30010671826,27280.10479183254,19224.24977413418
0.007359705611775529,0.010119595216191352,13351.40694856601,15421.572088744904,14482.099280389133
0.022289766970618033,0.030395136778115502,18465.158382224025,19060.77852419398,14570.02061546321
0.018957345971563982,0.029225908372827805,18419.735043141744,22155.040173642337,11624.39728919331
0.009202453987730062,0.017382413087934562,21361.10769750022,19996.834255829806,16708.36509331516
0.021957913998170174,0.027904849039341262,16582.621346763775,11606.855304352925,13284.73709215216
0.017067494181536073,0.03374709076803724,18523.06342692338,14258.78914206026,12397.061755143985
0.006799830004249894,0.024649383765405864,33480.84535268718,30042.109659955368,26955.521848515076
0.018972332015810278,0.028853754940711462,19028.669068829277,19726.292397135465,18073.50976423706
0.019966722129783693,0.024126455906821963,22703.38602881567,16841.759513510475,13666.440019631324
0.014914772727272728,0.019886363636363636,20821.27903454951,24109.21870325731,24749.412688809003
0.018891687657430732,0.0327455919395466,19345.924934862996,14043.559586758454,16675.121800395944
0.015097690941385435,0.020870337477797513,31701.46813813497,26006.63795676803,16738.666474576847
0.040865384615384616,0.04266826923076923,23797.097190272667,17494.285612562355,13975.284030306879
0.030751708428246014,0.055239179954441914,17893.041974506337,15294.544615636143,12920.227107023578
0.015873015873015872,0.029982363315696647,8946.874923728432,12544.139847152162,13255.529099364283
0.019417475728155338,0.022815533980582524,26881.510271695075,18666.999517843527,13637.33339582565
0.02023608768971332,0.024030354131534568,18796.20184614633,16260.68370981017,13963.887650519067
0.009922822491730982,0.03197353914002205,25233.34349716977,20039.211942515733,15111.203699303358
0.022417153996101363,0.03167641325536062,22983.89116551763,19907.9733078194,13164.218251882834
0.015736766809728183,0.03648068669527897,21971.311410215298,11836.12752194325,14101.962433729486
0.035595105672969966,0.04505005561735261,21626.771681447288,21183.62427939508,16120.774573912142
0.011180124223602485,0.02608695652173913,9178.050890904165,8954.633510735972,11380.33996830621
0.007910349373764008,0.023071852340145024,14471.928590543816,16570.507565600197,12852.585877244228
0.017045454545454544,0.03068181818181818,13493.560317044996,13615.893375513555,16053.830404090111
0.022483940042826552,0.032655246252676656,19813.807218318278,14956.18327832257,13320.76184020369
0.017964071856287425,0.03507271171941831,16498.86201760242,19581.987099571368,13014.831382599572
0.041666666666666664,0.04487179487179487,14812.307501479214,14762.339558061922,16582.056662239986
0.02162629757785467,0.031141868512110725,19196.16035916511,10988.277945975906,12949.177772744188
0.017278617710583154,0.023218142548596114,14381.001890927166,9018.86467676904,13370.66688631262
0.0234192037470726,0.02927400468384075,16726.577191892447,7564.858215406166,13338.692016032024
0.028784648187633263,0.044243070362473345,30805.936112454874,18371.51599496686,12529.923641116095
0.008,0.03,15769.302093571436,26722.736755142952,18219.24625410292
0.05753646677471637,0.053079416531604535,37308.66660690948,27469.799758570953,21724.32708042414
0.024013722126929673,0.021869639794168096,30928.60489226106,27525.210665031158,19094.383509555948
0.024896265560165973,0.0508298755186722,8722.42499272658,8439.863158365475,11684.04668140746
0.019629225736095966,0.03380588876772083,18658.189629754233,14183.38793170413,12968.854220713603
0.01206140350877193,0.03673245614035088,21997.807014506936,21635.34037516873,13162.665766153114
0.015873015873015872,0.031746031746031744,16061.730989798682,11829.888154171047,14617.745773986086
0.024500907441016333,0.030852994555353903,22335.79463741292,20250.41917342457,14960.486171159258
0.03567984570877531,0.027965284474445518,17933.160189534017,14294.066522186944,13358.231365639322
0.04481792717086835,0.025210084033613446,10775.74271410213,9553.676219694122,12595.283983376978
0.034957627118644065,0.036016949152542374,24822.990458754026,17716.852034278745,13689.31070114491
0.008611410118406888,0.02906350914962325,22731.50746919567,12469.830152084418,14665.943330448501
0.03316326530612245,0.03826530612244898,16669.27965311697,18054.670676475413,13100.108788947855
0.02737382378100941,0.04148845166809239,16408.01876170014,11746.241836253947,13179.741472539241
0.01867816091954023,0.022270114942528736,19842.254865223014,11391.155924150919,17832.52971375087
0.02177700348432056,0.036585365853658534,12888.073721497198,17818.228698145416,17959.399062981567
0.03519417475728155,0.028519417475728157,12994.428562394633,11370.736995961324,13473.254677153247
0.032504780114722756,0.05401529636711281,22576.363442860584,19465.525488825515,15437.834540566377
0.016766467065868262,0.025748502994011976,12934.948259479877,6106.19546726328,10938.548141391198
0.015045135406218655,0.033099297893681046,15196.639443497523,11121.530459266529,12382.807344311612
0.016166281755196306,0.027136258660508082,26068.196142858556,19308.45402899463,12505.436836547677
0.02312925170068027,0.02857142857142857,20758.158770229453,8012.6764774866515,14724.856707809853
0.01440922190201729,0.03121998078770413,23860.93436710694,17311.661533940467,15592.936343057567
0.006546644844517185,0.022913256955810146,19917.596182778594,22827.2353029293,16717.91467794888
0.016129032258064516,0.03276209677419355,15227.19563987242,16397.690669728265,13203.383910559196
0.012629161882893225,0.027554535017221583,19223.22636632062,9497.732231210428,12769.19749684705
0.014177693761814745,0.02551984877126654,24770.81366604968,13905.42745334628,13236.55548227121
0.018300653594771243,0.032679738562091505,22636.967528437784,18035.516101261845,14246.84733141218
0.02418207681365576,0.04445234708392603,14028.890118580894,17097.43859759411,12012.915011158224
0.04030501089324619,0.042483660130718956,25960.74263575607,13127.647795448336,12417.991521912854
0.020227560050568902,0.04993678887484197,29085.613990570735,17132.652236877686,17564.371309766422
0.014207650273224045,0.02459016393442623,22156.91864406985,20294.09149731503,16476.320248353823
0.03163444639718805,0.03910369068541301,19057.159922488503,17804.567402982968,13863.514270132302
0.017241379310344827,0.0363568215892054,33558.38795011071,15860.24443701974,12665.445064327489
0.04988262910798122,0.04078638497652582,18927.332018698573,18350.715379918067,15933.725371719489
0.041766109785202864,0.04713603818615752,20295.801456332236,23789.489773193436,13984.954407682384
0.009698275862068966,0.030711206896551723,14384.79203818092,14129.348913439653,14324.929505653081
0.039473684210526314,0.03712406015037594,15067.64605468294,18458.375789893642,13681.92123919765
0.02983425414364641,0.037016574585635356,29518.00411394659,18104.29833683963,16076.986872346633
0.01288404360753221,0.042120911793855305,20522.365510220865,17082.106037931906,13171.534704121163
0.014446227929373997,0.0413322632423756,12651.570036991283,11721.408779615329,13671.558636608457
0.017006802721088437,0.021258503401360544,19490.365005991986,12397.937156350185,14794.420015613276
0.012587412587412588,0.016783216783216783,24299.46649591718,21597.35824611053,12879.22731517685
0.023142509135200974,0.03836784409257003,20186.883155420597,11509.69869849829,13166.374135526125
0.024017467248908297,0.04039301310043668,11582.632382986543,14177.423819941625,16102.476483810791
0.011111111111111112,0.016666666666666666,17092.242363192527,9922.066260488327,12314.918783577676
0.00819672131147541,0.018628912071535022,5416.993513471167,14902.086504711571,10516.318408645098
0.031862745098039214,0.03860294117647059,22108.74995831287,22568.641735995276,14548.023340939677
0.01454823889739663,0.04019908116385911,30093.252630875017,25448.2952552089,17012.467408943045
0.002336448598130841,0.019275700934579438,6716.414277095659,8871.313861839857,10549.677366462854
0.026350461133069828,0.06324110671936758,23239.87585767026,13295.301201378721,11561.490999461806
0.009514747859181731,0.04567078972407231,25948.586899223163,17117.005070376545,12822.9249022293
0.01804123711340206,0.01288659793814433,10190.156152654477,17074.894302934776,12082.81567827374
0.018800358102059087,0.02864816472694718,9947.017906862728,13430.340350852088,14435.036879940819
0.011776251226692836,0.02404317958783121,14862.019487012469,17000.388500923957,14752.167508875682
0.024777006937561942,0.04806739345887017,33573.73024206961,27672.902325637573,18763.32441679069
0.027439024390243903,0.024390243902439025,14887.983177730186,12096.197783171132,15101.72211846808
0.023004059539918808,0.04871447902571042,23576.094135015377,17111.869233950365,14993.4761006823
0.025711662075298437,0.020202020202020204,17226.541502194053,21490.959728580438,16781.827979813963
0.01778242677824268,0.024581589958158997,21122.297503778813,12090.29932093324,12449.751605745498
0.01987353206865402,0.03116531165311653,33181.49503478247,24387.650035695,15631.229614650765
0.019548872180451128,0.02330827067669173,18752.47408474402,25463.01816332063,12704.480890740042
0.031322505800464036,0.05162412993039443,24292.361848201188,14496.480938888577,16104.83181367942
0.01771479185119575,0.03720106288751107,14013.861214334505,12894.647813380103,12939.2346265236
0.025819265143992055,0.044687189672293945,17192.643413346734,11116.258248708024,12840.005033595855
0.0077279752704791345,0.029752704791344668,17513.032169441893,16140.321427791872,12649.610920692843
0.01173512154233026,0.028918692372170998,20467.646602322453,10817.985121270467,15368.898593462049
0.017529215358931552,0.015859766277128547,13824.847460699008,15714.601738219777,13354.996041148885
0.03296703296703297,0.055944055944055944,21944.20330962222,21788.640581121814,14131.95139406921
0.02247191011235955,0.033707865168539325,29698.455052964895,17178.278418987575,16122.208586012444
0.009285051067780872,0.018570102135561744,14560.674514079714,12567.71173037661,13149.570161351758
0.01795142555438226,0.024287222808870117,17332.851901730115,15904.69496899371,13621.61351332818
0.060991105463786534,0.0590851334180432,14715.707066525798,16626.656381347606,14277.644557861273
0.01447876447876448,0.024613899613899613,32073.999031121835,20653.92130057564,17500.079096520654
0.02693310165073849,0.06429192006950478,9980.460798249569,11768.105867585993,12640.794627779209
0.010251630941286114,0.018173345759552657,25062.08967981435,7107.076300438831,13927.939945378801
0.020053475935828877,0.03409090909090909,10985.022487718757,14210.104015771427,14898.622085936437
0.01346389228886169,0.03488372093023256,16098.004895683001,10757.912270067613,11347.332934350843
0.041666666666666664,0.04513888888888889,25565.580841722032,17666.703701694172,14150.224083551237
0.011684518013631937,0.04430379746835443,24901.7731415528,19386.248920239017,14126.411960364165
0.02194787379972565,0.019204389574759947,19094.856760602295,11554.476572400969,12533.878664322208
0.026706231454005934,0.044015825914935705,29550.769439092397,17465.52274100361,12365.035615142078
0.02364864864864865,0.04391891891891892,20973.50849459579,20395.86132477412,15451.1785115231
0.03850782190132371,0.04151624548736462,19110.338737031358,25773.959965924838,11999.867199429676
0.014388489208633094,0.04316546762589928,24040.131966460325,17227.448671192476,13453.382369299563
0.01232394366197183,0.029049295774647887,7491.444492472202,16274.96925682578,17991.366320560297
0.027158098933074686,0.0489815712900097,22819.565246835806,27229.72664387038,15380.172305156926
0.019830028328611898,0.035056657223796035,19647.592975808988,21455.322026115773,17196.90099506046
0.004906771344455349,0.03876349362119725,20540.919988727255,9946.250887580441,11273.226786604195
0.01636520241171404,0.07019810508182601,13613.212314085407,10941.977129041012,13101.858679747565
0.014104372355430184,0.038787023977433006,24329.52071585712,18043.91080273716,15119.307796203977
0.006318207926479035,0.01751866743251005,40679.848004222295,24391.10232938597,21149.10860615544
0.014134275618374558,0.025323910482921083,24865.510220155382,12596.626343147775,16169.052326207908
0.008991008991008992,0.011988011988011988,17805.163233223848,31381.946470099752,13822.0923144968
0.016831683168316833,0.019306930693069307,11179.547220017337,7383.964014181472,11944.440715451963
0.008583690987124463,0.021101573676680974,10882.538063017984,19486.86989402181,15694.975714712802
0.017436791630340016,0.03400174367916303,27819.588324610133,15619.775163102533,11658.29737469208
0.026877470355731226,0.0383399209486166,24565.39695745326,18367.08068605986,15716.904012081275
0.01642935377875137,0.0443592552026287,17921.550711413016,11928.691471475691,17059.166861718866
0.03732303732303732,0.029601029601029602,18317.236704459654,23860.459919147223,16026.981950310077
0.018763796909492272,0.03642384105960265,24682.257943222332,22306.674798266828,13313.854408959058
0.016243654822335026,0.027918781725888325,33599.17740051003,15453.433368761744,15350.256859044206
0.022197558268590455,0.023307436182019976,10162.548093886462,12367.76728070905,13745.355287679933
0.008880994671403197,0.02708703374777975,25386.03500714128,14541.218982038428,15804.422804016358
0.009174311926605505,0.025758645024700072,28014.67465180617,24275.86536256247,18413.51548574526
0.022482014388489208,0.02787769784172662,12031.249684361836,13777.045080423135,15962.528697378793
0.021335807050092765,0.03849721706864564,27258.7134278748,16490.30799581452,13838.019060009005
0.031938325991189426,0.05286343612334802,31829.526082769356,25647.24405602725,16101.102491385082
0.01495448634590377,0.026657997399219768,15509.755138666462,21151.672311794948,17523.646314432983
0.01287001287001287,0.04118404118404118,23152.94495884578,18162.967250157923,17294.844668411264
0.0088339222614841,0.018992932862190812,16027.016616998682,14136.206541862992,12189.460511402534
0.028,0.047,41077.92635949996,13338.20241445107,16055.818469633281
0.013220018885741265,0.03588290840415486,38052.62990994591,18637.216774595774,15505.416496374924
0.030160226201696512,0.03345900094250707,10303.474650894812,10573.993493436734,10249.070846781036
0.017857142857142856,0.05803571428571429,30411.741561990864,22354.192464966865,15418.811657465349
0.015909090909090907,0.02556818181818182,40066.094170581666,22005.462362899605,14374.431883861858
0.008940852819807428,0.05089408528198074,23460.059674545893,14027.532472383582,12891.80451933856
0.04510108864696734,0.06765163297045101,25165.457188399403,20693.728657197655,16477.565833762692
0.00816326530612245,0.030612244897959183,42133.797747769466,15088.988250860111,14042.019467005164
0.022796352583586626,0.041033434650455926,21031.64363873893,23565.579757765,17843.820606280377
0.0196319018404908,0.027607361963190184,18828.671998061,12751.01717223721,13337.788807553261
0.008130081300813009,0.046341463414634146,23954.567666160576,14511.11807998685,11581.236264564142
0.015135135135135135,0.04108108108108108,20050.565091152785,20428.018898939026,13046.401069869911
0.012855831037649219,0.023415977961432508,22924.946353677726,18933.53817436668,16597.361535791842
0.02561837455830389,0.027385159010600707,12157.614446209654,9561.116255660429,12200.527714329643
0.017511520737327188,0.03087557603686636,19372.01994123023,9001.24547875726,13319.248119849968
0.010259917920656635,0.025649794801641587,49625.47656280682,24648.526908445456,15953.196618602797
0.02631578947368421,0.03464912280701754,34198.54484460394,18106.314150749036,14842.082211981295
0.010794896957801767,0.028949950932286556,18863.9315304084,17626.47677528475,16244.78792639509
0.008239700374531835,0.0299625468164794,14931.295904734645,18733.302599196166,15937.424227273137
0.014096916299559472,0.025110132158590308,19786.176308695376,20899.685951077907,17861.84367261688
0.011363636363636364,0.01962809917355372,18655.916091830484,16123.149737233145,12825.530345680654
0.03161592505854801,0.052107728337236536,11159.63079677958,11246.131524552999,13431.658047725039
0.04698581560283688,0.040336879432624116,19497.840628628455,19650.12484209776,13260.948188734063
0.015021459227467811,0.029506437768240343,9929.353165706374,11702.67885165958,14823.883916299827
0.016701461377870562,0.042275574112734866,29806.433409672794,11364.319476067078,13195.409981351739
0.026395939086294416,0.03147208121827411,19102.218710026093,9867.020429882383,13867.778280409591
0.023319615912208505,0.03292181069958848,16175.227376929008,18386.540180102627,13281.841968170764
0.012716763005780347,0.03757225433526012,35623.30668264599,29086.3249699726,17631.925008919843
0.016516516516516516,0.04054054054054054,21994.370059584657,18067.557895424383,12868.620144939201
0.032119914346895075,0.027837259100642397,27135.86225260454,25136.266575766324,17507.992631003166
0.02054794520547945,0.03424657534246575,18736.490387663234,11107.957592747296,11641.22128007689
0.011976047904191617,0.022954091816367265,19563.659307362006,13414.006413874606,14083.561829099646
0.01625526791089705,0.02197471402769416,17864.143130641467,19414.60425204962,12446.487844246803
0.06672678088367899,0.047790802524797116,23449.277236555823,19965.286879826755,16658.566406580292
0.017891373801916934,0.03226837060702875,26960.354420647705,17253.05017494405,16249.495116120843
0.017507723995880537,0.027806385169927908,20642.351321030634,12273.18146341677,15054.334311668996
0.009027081243731194,0.03259779338014042,18265.259870538892,11839.90639147947,11114.507959365646
0.03880597014925373,0.054104477611940295,29909.21989045207,14853.960538728214,18952.833582861444
0.016332590942835932,0.025612472160356347,25266.657732911994,18419.610945814835,12835.860484552844
0.023369036027263874,0.04527750730282376,9428.490409916294,7059.664984970634,13448.20188695538
0.02181500872600349,0.03795811518324607,23888.73149270683,9275.784018307748,14906.094321371078
0.019230769230769232,0.034023668639053255,17058.501498841386,9571.825213372498,13338.511212742942
0.02654867256637168,0.029006882989183875,17393.314624667873,10442.407630534051,11930.21242834504
0.01739788199697428,0.037821482602118005,20131.981735835572,15645.506185657847,12205.167357859018
0.028846153846153848,0.032852564102564104,19920.86551021201,16638.017633962103,13530.574042230099
0.02281021897810219,0.040145985401459854,25231.777310622776,12974.468092954503,11247.346713756546
0.018633540372670808,0.027432712215320912,35020.46210376918,16457.061661035503,12611.170603378501
0.036328871892925434,0.040152963671128104,12594.216248855308,10476.254072600617,11427.967919720684
0.024691358024691357,0.03539094650205761,13021.464130288427,14110.074046484522,13566.093662183901
0.02953020134228188,0.050335570469798654,28464.841012486,17249.671357893192,12888.48627209537
0.027932960893854747,0.043761638733705775,21428.67481419947,20427.644854151335,14334.051851991127
0.013844515441959531,0.03354632587859425,16154.805295095439,15166.154661582017,14924.562593980769
0.013118062563067608,0.034308779011099896,14330.107604082848,11398.31453787568,12888.18154825825
0.03685092127303183,0.03768844221105527,16578.279879203063,14323.250916943982,13527.439415008355
0.014783526927138331,0.03273495248152059,20482.534911096387,14064.253595951433,13650.693865114781
0.021256931608133085,0.03373382624768946,19175.66196055366,22958.95363151668,16965.08618471565
0.019721577726218097,0.02320185614849188,35381.78834637219,16719.20113091264,18359.705906749376
0.029900332225913623,0.032668881506090805,16769.509091586682,16555.68985148395,12460.77971869148
0.049204052098408106,0.05137481910274964,13704.654177713037,11620.051549744529,11690.259008126932
0.012797074954296161,0.050274223034734916,24718.443920393038,12878.280323450224,15806.684278391383
0.0200445434298441,0.04844097995545657,27339.92245574006,21311.67558219629,15114.336783997445
0.016304347826086956,0.03315217391304348,32049.084996783964,19977.93459049539,12990.263235302804
0.03427172582619339,0.030599755201958383,24565.42741636886,17588.55968315785,11944.239151862983
0.007104795737122558,0.03063943161634103,30857.407497651766,15999.211942685242,18617.8233019253
0.04912280701754386,0.02982456140350877,17043.729406527225,17094.727771995967,15667.614781614699
0.04180064308681672,0.03858520900321544,19102.745649514447,16426.52047606383,13253.92378908488
0.02236951118475559,0.050124275062137534,20512.91974385618,17808.21647618539,15780.251224170037
0.012742718446601941,0.0345873786407767,21583.449937219728,14272.902775371937,15172.201612651686
0.008447729672650475,0.015311510031678986,11124.125259992292,11794.678595369918,12504.81627072056
0.01579466929911155,0.032082922013820334,21712.074725198687,13778.345330847274,11745.390514683588
0.023454157782515993,0.035181236673773986,18567.000492252904,17795.16644073857,16488.87439412837
0.05592841163310962,0.061148396718866516,25291.6980237936,23533.372155834175,18771.01247651291
0.03545633617859488,0.051871306631648066,15889.06360407954,18795.679444578167,14537.37492025105
0.034220532319391636,0.054372623574144484,12222.849726033153,13748.37284266751,9100.759102673837
0.018440905280804692,0.02556580050293378,11225.720395232654,9576.72850479076,10734.631810571978
0.03854875283446712,0.04251700680272109,20761.250602278407,18099.60094028239,15404.757369182504
0.012448132780082987,0.038174273858921165,11986.638168693456,13462.700373652788,17455.385655969814
0.026619343389529725,0.05944986690328305,15753.660818582593,14405.370925037416,14035.857983222028
0.03068181818181818,0.04602272727272727,18134.945327247166,17196.236697979675,12575.34012539901
0.017838405036726127,0.02728226652675761,15412.039362900026,17257.31434030778,14283.088390569037
0.03508771929824561,0.04473684210526316,16775.84425495786,10046.152086923845,11804.065080784108
0.02544529262086514,0.02989821882951654,19783.20200098922,25985.61426824486,16132.151858474974
0.017218543046357615,0.02913907284768212,34601.26040839976,14619.823666165948,18242.562848542144
0.019327731092436976,0.04873949579831933,23597.795332275877,17775.76641513686,12495.208155131253
0.025112107623318385,0.0484304932735426,30541.267246612006,21473.807543172472,15528.503605977243
0.030452674897119343,0.03621399176954732,22099.241093767905,17288.103952323996,16577.361763709025
0.015420200462606014,0.029298380878951428,23090.476109301188,17042.528194375092,19646.922416849746
0.028913260219341975,0.054835493519441676,33155.313972325384,24828.506053887362,16298.688537066235
0.01078167115902965,0.014375561545372867,25582.433177210245,6867.294285144585,11939.66040356805
0.01770657672849916,0.01770657672849916,28076.69686163769,11960.996592584806,12589.759427050236
0.013285024154589372,0.0392512077294686,21727.15023978287,13675.280055447049,12958.729011139423
0.01706036745406824,0.03346456692913386,27320.58151477954,15401.072064994987,14236.035838910017
0.030513176144244106,0.030513176144244106,23100.76890859612,17498.068821504778,15739.996085807588
0.03154205607476635,0.04088785046728972,22011.86427406846,13770.254839456034,18225.979372359117
0.005037783375314861,0.020780856423173802,24257.39149475694,19743.599150033304,14264.319708308043
0.011535048802129548,0.037267080745341616,20102.90632813508,17483.142115784754,13550.490449209645
0.02558139534883721,0.04011627906976744,15725.524440042627,15995.5606034501,12310.152000918906
0.019394879751745538,0.03374709076803724,36572.94959561342,15818.958947832763,17146.957276486286
0.010794896957801767,0.026005888125613347,37798.99534801149,28663.4144484841,20525.823322521443
0.030373831775700934,0.04088785046728972,23865.106312840308,18098.33405113187,16213.678946326916
0.02481902792140641,0.07083764219234746,28512.154748747766,15092.592798544883,13685.082900484898
0.016901408450704224,0.03004694835680751,20583.11061848434,13357.390580083751,11935.016890206189
0.020072992700729927,0.03923357664233577,34663.167934102064,16813.57328852329,15001.088030655957
0.017173051519154558,0.023778071334214,13829.33859257958,11958.992632104148,15413.946203579477
0.030357142857142857,0.040625,23153.085607342684,23387.097770552708,18323.304904869972
0.02264808362369338,0.03440766550522648,21280.60418229255,20987.16358928795,14936.196249861712
0.022727272727272728,0.03260869565217391,31432.95070349265,21011.184645985923,14126.684796503145
0.024057738572574178,0.0268644747393745,22398.40991151727,21630.13720387863,16916.285880419953
0.02178649237472767,0.014161220043572984,33715.403498456064,23018.190841941436,21206.449984772502
