0.039473684210526314,0.05451127819548872,9051.244021257176,6903.421622749506,7248.612003825811
0.027411167512690356,0.023857868020304568,8713.09118566009,11513.41341127602,11064.666512201988
0.013500482160077145,0.0313404050144648,5746.182842931269,7543.96601837729,8386.10037369243
0.017793594306049824,0.04329774614472123,10815.34749995503,9108.710830162163,8738.746539746717
0.009569377990430622,0.02583732057416268,14454.613258903652,4807.262797014219,6328.039293522507
0.041766109785202864,0.024761336515513127,10430.39346494082,7183.0365937345305,8125.615644958727
0.02992957746478873,0.05457746478873239,11768.668505398207,7629.920407186541,8146.368149078549
0.017797552836484983,0.02836484983314794,10794.589151743876,10144.789683323908,7471.296941719255
0.02081165452653486,0.054110301768990635,15938.22469984122,13473.336165142058,9361.039518579104
0.036055143160127257,0.022799575821845174,11114.976335908123,12341.309175859593,12771.365065212814
0.004484304932735426,0.039077514413837285,11250.796077492432,7480.613708852279,8623.345396887142
0.0,0.033717105263157895,nan,7102.637144543802,7171.806643681849
0.013647642679900745,0.034739454094292806,13940.005943035452,10016.912165250662,9842.610873306627
0.02991026919242273,0.025423728813559324,7021.450198189291,7442.246799112432,8635.707625448114
0.021108179419525065,0.029683377308707123,9979.091748126404,10803.825300884873,6124.571701860385
0.04735883424408015,0.03825136612021858,15357.414621385056,15346.259090517517,7834.122472312415
0.013157894736842105,0.04276315789473684,19677.94538762722,10664.751732734097,8939.569529230734
0.018706157443491817,0.030007794232268122,13510.616905592686,10367.644524126032,8192.929506637553
0.01384083044982699,0.08131487889273356,12928.913412572298,9733.3913682003,9164.891551915614
0.036943744752308987,0.04575986565910999,8094.716289552238,6721.872575878297,10364.92727342408
0.017135862913096694,0.015299877600979192,11424.647249655163,8827.148262925592,9711.100755855736
0.02047005307050796,0.049658832448824866,12318.27086164483,10358.101289995278,8979.719573704366
0.004901960784313725,0.061274509803921566,11072.076013543414,7905.469384265492,8663.838299008645
0.02245508982035928,0.029940119760479042,9596.533658792468,15487.113376203846,10713.141918042933
0.0304601425793908,0.03985742060920285,13188.187214561423,11061.868876955687,9836.477887262652
0.04773869346733668,0.0785175879396985,16289.68818063112,11723.798469018717,11336.913344792436
0.028105167724388033,0.02357207615593835,9032.931691221369,8016.442909981001,7344.136610537687
0.03038427167113494,0.02993744414655943,13473.996479047657,12898.452865134013,9782.089127745889
0.02403846153846154,0.02564102564102564,15047.037588228968,11849.774127555276,9899.095658642374
0.013595166163141994,0.02945619335347432,11725.695705849686,7650.663017846432,6744.941788671386
0.03131115459882583,0.018101761252446183,15934.227209896562,10788.526734977131,6038.618129466688
0.05477980665950591,0.06176154672395274,6706.666398492567,5173.244114766903,5945.3034501310885
0.01996007984031936,0.04491017964071856,13443.518458517763,10463.974223584144,7995.025350179179
0.007062146892655367,0.04590395480225989,13596.635689375918,6486.317338768391,6418.874257979909
0.03238598810310641,0.058823529411764705,13029.334149844724,11065.151865483975,9318.866269614355
0.013888888888888888,0.04224537037037037,6898.967839239101,5308.370595744382,5952.117192346887
0.05491329479768786,0.029383429672447014,11506.150911287788,7997.236999829122,8233.514571962889
0.017632241813602016,0.020151133501259445,12717.375810354944,10144.12905724949,8556.531165322724
0.02516940948693127,0.04211035818005808,16958.394835126255,9925.664512954827,8945.685477643348
0.09642301710730948,0.06687402799377916,10162.435886003332,7346.2017090050595,9467.692855031615
0.017054263565891473,0.027906976744186046,13677.081880892174,7504.726740169171,6498.6254635193745
0.013409961685823755,0.017720306513409962,6594.764964648522,7878.098538138746,5982.4553095572
0.05826771653543307,0.050393700787401574,16691.87121484651,12328.36242057063,8464.15467587326
0.008339124391938846,0.046560111188325225,12404.38868361016,13858.640076883003,8537.697970922307
0.05436893203883495,0.08689320388349514,14026.41304805995,8852.034829951825,6767.564164158823
0.020558002936857563,0.02276064610866373,5106.481895616796,4485.108351646728,6362.270352747663
0.03763440860215054,0.02889784946236559,10536.83698573668,9935.168889368186,7425.924083332798
0.007035175879396985,0.033668341708542715,19507.59238664916,9729.325069810026,8604.075947979682
0.015723270440251572,0.04140461215932914,2159.1875020260622,6327.74590316818,9251.59216920025
0.008567931456548347,0.022643818849449205,8112.312054164234,3571.5415603859906,7273.95882458385
0.015712682379349047,0.03984287317620651,11374.351302447802,6942.901188599267,8263.478663483778
0.033783783783783786,0.03986486486486487,14070.105025903846,10260.498095602114,8299.3969791814
0.024489795918367346,0.07755102040816327,8252.614092159154,8546.890089370461,8236.196700121258
0.027312775330396475,0.04537444933920705,20065.217523066876,6111.064563524927,8960.51362595364
0.04113475177304964,0.04184397163120567,20272.412890680447,12161.489218729615,8521.564561389156
0.032196969696969696,0.032196969696969696,4468.8299849105315,6077.663220429332,7384.807117314551
0.0111731843575419,0.02723463687150838,3511.2732934292776,2412.170258749416,6741.961280383158
0.028314028314028315,0.032818532818532815,12301.473498192121,11991.364553940983,8945.341075020327
0.028928850664581705,0.02580140734949179,15991.896000389803,11377.21571619635,8336.566874378497
0.03566121842496285,0.03789004457652303,17915.01681882192,11764.61267295519,10505.159326929515
0.02901023890784983,0.04522184300341297,12949.519015632268,4355.448390497737,7956.093642299463
0.041666666666666664,0.05575980392156863,8059.832979274664,6876.38190336908,7140.508951374216
0.017921146953405017,0.032974910394265235,9472.891578196462,7670.612782828563,8532.04208494986
0.023989898989898988,0.08396464646464646,8928.894808905256,7569.1445152735805,7487.7705775832455
0.02040816326530612,0.03231292517006803,8966.940868367257,4775.053513852693,6064.824245305554
0.010273972602739725,0.039383561643835614,13429.492673527537,7542.531706076976,8366.216116898846
0.03140495867768595,0.050413223140495865,7892.599280549195,8829.91685968045,8637.055318981656
0.016411378555798686,0.05525164113785558,7766.177987266321,9146.232594532956,7856.157099820209
0.02981029810298103,0.046747967479674794,10627.982616134575,5550.3582844416505,6136.6563654907
0.016474464579901153,0.047775947281713346,7049.61072478609,10010.30570046783,7072.803738647658
0.022974607013301087,0.053204353083434096,8617.336516088953,8524.836621657427,7787.695717971112
0.007886435331230283,0.04022082018927445,9236.275860046499,4242.350903296866,6649.1651694693455
0.01037344398340249,0.038381742738589214,13391.422011862658,9785.531186884999,7572.388970658166
0.00823045267489712,0.04869684499314129,5062.789254776672,8846.937512265911,7076.53006066457
0.016129032258064516,0.06290322580645161,16364.491384318942,9019.018297217783,9434.617662790863
0.018957345971563982,0.0693127962085308,8747.448447350254,8664.941457019222,6739.3009099792935
0.026026026026026026,0.03853853853853854,14678.600807342611,10487.70428735679,6946.854862208399
0.016551724137931035,0.041379310344827586,13922.341241386011,3267.586007535233,6798.746737305942
0.004231311706629055,0.027503526093088856,3126.2866119210157,7255.958014501664,8495.695682710848
0.021784232365145227,0.043568464730290454,11248.759111601335,8750.229330466294,7933.500959096149
0.015384615384615385,0.05798816568047337,7659.999358773115,4833.795660802586,6209.2003570519055
0.04612365063788027,0.05789990186457311,12800.228394408894,7946.567800651989,8301.794417078529
0.011884550084889643,0.03480475382003396,7979.13486890958,6515.9201431881565,7546.186854202979
0.022050716648291068,0.08158765159867695,7534.375761614651,5427.072056210186,6620.586217209378
0.023809523809523808,0.021258503401360544,12951.201309125405,3349.8330627520536,9435.276974373774
0.01288659793814433,0.06314432989690721,9806.891163345075,16138.492210842032,12798.015752153584
0.03717026378896882,0.050359712230215826,10986.728503885124,8110.1698330752415,7651.828338655264
0.01991465149359886,0.0476529160739687,13827.690010943845,9968.119083101774,9585.785644723606
0.04120267260579064,0.021714922048997772,14686.584782950049,14432.416854030333,7291.119330008177
0.011450381679389313,0.039122137404580155,8099.829144910171,7246.118460611744,7228.611699624609
0.05365853658536585,0.04048780487804878,8157.192756935874,6227.176659355769,5757.522655164739
0.03807106598984772,0.03426395939086294,8455.00932402517,6691.0637899329495,6685.4707750953985
0.0405982905982906,0.04754273504273504,23862.46471271225,17089.201684978198,9964.380406005772
0.0014738393515106854,0.0578481945467944,4475.8632901526835,15635.503561163718,12232.77350520325
0.023696682464454975,0.01263823064770932,5882.854779563392,2436.740707661127,4868.632269919931
0.016331658291457288,0.05087939698492462,14584.524260998924,12984.538423005399,9278.176299180763
0.01303538175046555,0.028864059590316574,9441.466243077837,7089.468064405181,7943.66711725434
0.005008347245409015,0.017529215358931552,7342.609549674006,10691.529629568025,6219.663806301051
0.02526315789473684,0.037894736842105266,8926.248645003188,14390.537861393863,7380.949350911491
0.042735042735042736,0.054843304843304845,13981.925046386243,10958.906082659067,7677.847745884109
0.04878048780487805,0.06378986866791744,11281.516994351467,9708.040321924003,8080.218496222696
0.03296703296703297,0.03924646781789639,9751.97288595959,6755.124565802461,8429.632922324452
0.018648018648018648,0.036907536907536904,20696.446237737702,9853.978697847915,8177.468894665143
0.011864406779661017,0.03389830508474576,9698.281014427803,6261.392860557631,7030.080328496361
0.012711864406779662,0.0423728813559322,3904.37515522308,9934.589061115952,7928.779944722551
0.02789400278940028,0.04184100418410042,12630.211542335725,9342.147100796776,9554.394154567963
0.01867572156196944,0.06281833616298811,11874.79318262401,10760.077014965651,7851.389890007675
0.04081632653061224,0.025510204081632654,13728.325540676311,11964.91776214475,7992.962859550194
0.016355140186915886,0.029205607476635514,8467.515979886137,5021.145875186825,7766.28739496815
0.025341130604288498,0.0341130604288499,8701.030959869277,11187.495760678043,7461.358529941025
0.05272407732864675,0.02899824253075571,8777.860272446871,7772.325730341212,5796.694618329899
0.045933014354066985,0.04019138755980861,6470.947719490701,6420.118693734686,5445.410070042118
0.008823529411764706,0.03823529411764706,7773.3759980832065,9450.739493854908,8288.072456027085
0.006323396567299007,0.03974706413730804,7615.563936076921,5888.297673792153,7713.970497215256
0.01990049751243781,0.013059701492537313,12708.278543477729,8277.270068002039,6882.726943386054
0.07256461232604373,0.05666003976143141,6579.342481456655,6101.11183872276,6466.920499324153
0.02356902356902357,0.05176767676767677,12456.553706956209,14487.045703495362,10550.516692405872
0.022813688212927757,0.027249683143219267,11905.622261553763,5630.061456635199,6488.154013975341
0.02912621359223301,0.04288025889967637,18868.33530410194,11642.964115487517,8392.245093201629
0.006730769230769231,0.04278846153846154,15611.754064179153,10189.297397201068,9799.084683905425
0.018218623481781375,0.039979757085020245,5223.192613794658,9167.150679370638,8255.0356385762
0.016289592760180997,0.02398190045248869,15924.211398190046,11548.99545306391,7345.954259478326
0.0639763779527559,0.07529527559055119,10829.509285244658,9606.2848075211,7335.63871310906
0.01875732708089097,0.045134818288393906,9857.01933601958,6768.116459823446,6997.302347981663
0.016296296296296295,0.028888888888888888,13883.737776514374,14227.741517332499,9812.445858262288
0.031207598371777476,0.045454545454545456,7755.407258464946,6623.050161779594,6759.427139296264
0.01444043321299639,0.017448856799037304,7531.220398712881,7159.392170287338,9319.836467661833
0.026128266033254157,0.0332541567695962,10253.073668253142,8394.417854561156,7239.436150113314
0.011904761904761904,0.042328042328042326,14282.7655222782,12009.102646767962,9898.577183865655
0.011737089201877934,0.0528169014084507,8263.432881158786,5484.525722916642,6375.81356636686
0.018627450980392157,0.007352941176470588,12961.35710253474,9671.5338425686,7029.346275752586
0.023287671232876714,0.03561643835616438,10000.908512754111,9168.31708412046,8724.730451246298
0.008571428571428572,0.03761904761904762,24118.773079456103,8930.436663681163,8040.173297633908
0.046089385474860335,0.05656424581005587,8005.130068360124,9518.139345629432,5650.736749140737
0.03313452617627568,0.03777335984095427,6786.047137320336,8685.518138650139,7573.699854652852
0.03732503888024884,0.042768273716951785,15582.745782386812,10204.97531964915,10397.616795320675
0.04247104247104247,0.0444015444015444,17589.411216746063,7255.271303732786,8069.593520345377
0.040110650069156296,0.050484094052558784,15280.032033814054,9637.71308550064,8853.413007148318
0.06540447504302926,0.0391566265060241,16581.592569718225,12593.492444008678,8349.441187781997
0.051070840197693576,0.05024711696869852,9391.55031745065,8756.490628158486,7119.800993586363
0.01780104712041885,0.0193717277486911,12208.884604449544,7810.546140306597,8008.450991780827
0.007518796992481203,0.02756892230576441,14406.549738201415,8704.481080851438,10167.262391853401
0.035050071530758224,0.05543633762517883,12614.480148249826,12699.28954451218,10878.12753911594
0.016722408026755852,0.04013377926421405,10205.59584733925,7231.4980619528005,7771.491554032164
0.04339622641509434,0.05471698113207547,8718.479945311148,6008.540450214496,8254.619558243654
0.016260162601626018,0.04369918699186992,5289.448157202337,12703.862535386857,7119.945156294898
0.025730994152046785,0.05789473684210526,15269.660895671586,9803.618127924357,8204.842743923009
0.03054448871181939,0.043824701195219126,11310.343069239709,6590.4441278651775,6148.120110072295
0.03766333589546503,0.04688700999231361,12291.197048521057,9361.142029045826,7941.662344121909
0.014037433155080214,0.03241978609625668,12626.435829893137,8388.96634523709,9543.108565228476
0.04197201865423051,0.03164556962025317,17011.442543849076,7035.647003702079,7916.1457515710945
0.015384615384615385,0.03230769230769231,5986.985523130349,7419.178965639392,6513.440446726525
0.036585365853658534,0.044715447154471545,13736.669581049191,9746.40116753107,6036.553446657845
0.008350730688935281,0.031315240083507306,11844.447363268879,9177.382204990894,9827.690953698
0.03720508166969147,0.07123411978221415,17499.21963903728,13803.504870699719,9455.84095711102
0.022004889975550123,0.022004889975550123,13631.023794621728,4396.137904890095,8357.259140211749
0.01193058568329718,0.02440347071583514,13955.232137493753,8425.639785484142,9923.552489708085
0.0485207100591716,0.029585798816568046,20365.82713491417,15640.601555468556,9404.524409047928
0.022909507445589918,0.06701030927835051,9091.344352140592,8860.129797217392,8070.051897835975
0.02819548872180451,0.015977443609022556,12177.171697895841,4902.088324833911,8280.448175022586
0.0371900826446281,0.04338842975206612,11385.44906223316,5485.523797509594,6678.896326671472
0.01440329218106996,0.055041152263374485,15065.207111614092,9385.325824374215,9802.923383349082
0.025,0.057065217391304345,12099.8699406304,8163.242519578652,8814.468030826338
0.051762114537444934,0.0473568281938326,11483.812342196778,7549.995814621249,6779.97392296572
0.005134788189987163,0.01989730423620026,8874.660988891217,12624.999492567384,10398.066056588712
0.0020242914979757085,0.019230769230769232,381.3139505917279,12119.606221102847,6240.235559590272
0.008919722497522299,0.04658077304261645,7911.678406119841,9792.868871347668,7816.88259114593
0.037694013303769404,0.04360679970436068,9114.096551133958,8782.19019018165,8370.425169183429
0.02130492676431425,0.03794940079893475,14234.720355277255,17616.616685887126,10285.57540656963
0.05339105339105339,0.049062049062049064,10236.652516964445,9242.10437630883,8085.128880653027
0.07255520504731862,0.057308096740273394,12559.598180960562,11243.292873284678,7110.817625231849
0.017228464419475654,0.06591760299625468,12094.98456327891,15372.728344942412,13903.896842627457
0.021156558533145273,0.06981664315937941,12457.291688523921,7642.927952075322,6954.641899624544
0.021301775147928994,0.026627218934911243,7691.536821483144,8322.340568392343,6024.027952554181
0.03614457831325301,0.0393574297188755,13225.101604740425,9804.96965599983,7882.867407383045
0.04177897574123989,0.05997304582210242,5987.6193649015095,9696.62384867273,6644.8270524299205
0.05184659090909091,0.061079545454545456,13149.250125221217,8872.584251338358,7963.620948900887
0.030257186081694403,0.059757942511346446,7394.020231086395,6214.1097221105765,6232.098041183045
0.08530465949820788,0.038351254480286735,14478.319007770773,9055.862913369774,9585.218162044652
0.005121638924455826,0.0147247119078105,22173.62923035506,7909.434422671491,7726.052287436465
0.045370938074800735,0.03709380748007358,10565.851474581243,10225.626337093792,8413.163800002923
0.015370705244122965,0.04430379746835443,16031.145086178998,9666.534892411613,7623.9067817011655
0.047839506172839504,0.06790123456790123,12621.719577877684,7377.994643847211,9034.021474420973
0.048,0.023333333333333334,9000.949939468224,8611.837542585534,9112.744683537194
0.028700906344410877,0.04003021148036254,10055.071458022576,6591.372181560066,6675.557528605707
0.011308562197092083,0.050080775444264945,6002.681733368196,8141.593826953955,8844.75335956045
0.02330293819655522,0.031914893617021274,12035.016057610526,9534.565885674003,10106.970005765568
0.024110218140068886,0.04247990815154994,6726.749329657273,7111.710251215451,8313.824697609434
0.008483563096500531,0.04772004241781548,5120.676504241781,9424.184402998619,9053.627966239883
0.05701254275940707,0.05530216647662486,9185.078244480515,7792.574905674458,8397.200182726441
0.0013315579227696406,0.015978695073235686,5179.43005097202,6373.165541111288,6484.803206515147
0.006566604127579738,0.03142589118198874,13313.109353824872,17182.073145607952,14520.465332598758
0.02096890817064353,0.05676066522053507,9126.29172898722,6073.05524954017,8817.17302015412
0.019490254872563718,0.07871064467766117,14050.550756766914,10315.697547758633,8403.023727021746
0.036241610738255034,0.027516778523489934,13629.355042036445,7504.750916736522,5609.907409230591
0.012328767123287671,0.021232876712328767,5937.228179319539,4486.5579243027005,5736.063805221124
0.01780821917808219,0.04794520547945205,9316.147767768727,9477.647579644026,8422.573696485484
0.03389830508474576,0.061277705345501955,8046.7067523854785,7348.083027347179,7503.718402645212
0.03104575163398693,0.004901960784313725,7819.423470057253,10446.290143404076,8875.81820320974
0.011001100110011002,0.023652365236523653,8896.506846462647,6390.048562656426,7884.7398853711475
0.012121212121212121,0.033712121212121214,16364.96508490677,7359.1321423424215,7907.2355959849265
0.017857142857142856,0.03571428571428571,8864.55004353427,8523.469700014406,6656.812022324491
0.023494860499265784,0.06093979441997063,18427.645341229305,11227.780126426776,9840.95344805994
0.04685408299866131,0.05421686746987952,11821.167880661815,9508.576948944798,9095.182586067926
0.03571428571428571,0.03759398496240601,11548.375904007877,12371.137382164754,8081.6567117752775
0.013570822731128074,0.029262086513994912,9847.976172278088,8267.097648742942,8661.584275186056
0.05161290322580645,0.06532258064516129,12918.271879145983,9603.585567709923,8153.021415807065
0.04228571428571429,0.05028571428571429,13563.755182727908,7935.9537069379385,7083.664760121049
0.009615384615384616,0.03365384615384615,11009.18941944634,7351.308238663543,6503.211915380793
0.029154518950437316,0.038872691933916424,9016.214667280217,7842.675823122195,7479.388615152025
0.051633298208640675,0.03951527924130664,12673.349262173735,13469.608476283185,9705.734986879088
0.03017241379310345,0.0617816091954023,14810.643317731865,11932.047279329667,6379.898206119883
0.007525870178739417,0.031044214487300093,4160.127831993131,7603.771717349458,6123.2838878299
0.01949317738791423,0.042884990253411304,11583.06464639852,8298.461715265536,6882.31280274122
0.03915171288743882,0.052202283849918436,8689.928845938924,8172.808689874839,8682.94174882871
0.010649627263045794,0.03301384451544196,11850.716214578382,6811.355199236851,7081.984951265176
0.021344717182497332,0.042689434364994665,9212.284898583615,9776.020937419755,9258.060015795687
0.010273972602739725,0.045376712328767124,13748.623712426275,4178.70022008357,6294.6420210441465
0.036671368124118475,0.03314527503526093,6051.05243849599,13431.888090601815,8064.354251159133
0.03834510595358224,0.04339051463168517,10967.21720341676,13817.768317879492,9160.052967792466
0.009852216748768473,0.05377668308702791,9958.59202327936,10774.76546904223,8034.022702442637
0.027090694935217905,0.03180212014134275,5626.821288713627,11087.042410220793,6694.528985487856
0.0112,0.0112,12124.96299132029,4906.665732579977,8464.471885921685
0.030864197530864196,0.05246913580246913,11650.867813708193,5759.6426669289785,7457.227941082277
0.043316831683168314,0.03403465346534654,16839.018053267017,15986.06263964924,9252.867422940353
0.035269709543568464,0.061203319502074686,6731.480828913896,5991.149321236188,5405.735451298445
0.021189336978810664,0.034859876965140126,12729.60264169428,15124.831966720369,10182.1006758117
0.021086780210867802,0.027980535279805353,8335.775386835903,9567.92210213955,9759.45751791193
0.040106951871657755,0.04478609625668449,12926.253316273938,10909.19319295057,9164.74346635039
0.007936507936507936,0.040674603174603176,13061.997519478511,15651.121918558012,9094.24580767607
0.026845637583892617,0.038350910834132314,9017.570510783418,6753.128978921775,7019.718677853995
0.043410852713178294,0.07674418604651163,18017.46200405717,9959.07924981647,7724.989010159312
0.05128205128205128,0.057692307692307696,12646.669215836138,12068.744816562012,8773.362461497509
0.0214190093708166,0.014056224899598393,9587.19303873787,6001.107629255895,7593.337772620898
0.01783264746227709,0.045953360768175584,8333.839182994345,8619.9400754159,10036.496443894286
0.03110704483074108,0.022872827081427266,7302.764090009129,6408.083783882316,6988.684957265544
0.02233009708737864,0.037864077669902914,13891.452024648155,16699.09420833121,8797.891637088072
0.017881705639614855,0.026822558459422285,9317.695915346281,8980.866874208163,8927.57793906731
0.01466544454628781,0.01833180568285976,5037.229689482205,6947.682605237895,11112.264432085427
0.004970178926441352,0.037276341948310136,22089.97587860484,6600.1458320262245,8312.213018444689
0.011131725417439703,0.045454545454545456,10190.598354088073,6580.047289347749,9507.179283558718
0.016455696202531647,0.03417721518987342,10306.928065800694,10540.96676002812,7624.198557531649
0.03756708407871199,0.06440071556350627,12275.039268517608,8429.578712968649,5913.956186994665
0.015503875968992248,0.03488372093023256,19921.398024113023,13475.340917944697,10325.156474512441
0.03455723542116631,0.04913606911447084,8778.807066754216,9511.865377053815,10734.85968218717
0.031931069437404966,0.03167764825139382,19163.209734111813,11286.355456139518,13044.733371436416
0.008631319358816275,0.030826140567200986,5982.326267893092,6385.891481656171,7524.604810865245
0.02035928143712575,0.05269461077844311,16884.10316395547,13398.379345749301,9962.21251428361
0.007802340702210663,0.033810143042912875,13685.622649054136,11493.570347168608,11501.708305674845
0.01910828025477707,0.022823779193205943,6445.592909158124,11132.765985636166,10313.592051308475
0.02494802494802495,0.05353430353430354,12471.413675051828,6959.147044942673,5626.558588724016
0.03453947368421053,0.03289473684210526,8542.890076912363,4844.919304696392,6848.70689833128
0.018604651162790697,0.013953488372093023,7040.783249789192,8799.852949734943,9187.66943675319
0.025745257452574527,0.056910569105691054,12408.723759044362,9176.501885363527,7333.0724642188225
0.046536796536796536,0.05627705627705628,15265.631688238294,12088.395428659838,7499.217434237568
0.007279344858962694,0.0359417652411283,14513.352453308074,7808.704696578787,6414.790333059577
0.02973977695167286,0.027261462205700124,16632.955089045296,6336.065714064244,7395.322659823345
0.011612903225806452,0.03870967741935484,9554.497583571947,7875.989889340038,6799.382864235436
0.02975557917109458,0.053134962805526036,12539.460009227923,6162.947642541784,5574.998138240262
0.050314465408805034,0.03270440251572327,8312.435972650277,7657.012262848964,6199.114703266999
0.017676767676767676,0.020833333333333332,11295.722981286348,4345.622806978921,5279.20191130887
0.02321724709784411,0.014925373134328358,7990.862606481291,3990.2615162734,5398.220108367697
0.019473081328751432,0.027491408934707903,15817.961187508858,5009.150490086096,8696.073589490059
0.017432646592709985,0.03328050713153724,14703.221795014735,7571.16221949006,7528.086665273051
0.02527075812274368,0.036101083032490974,8917.492274619179,3567.0880357777583,5879.53594068853
0.04564315352697095,0.037863070539419084,8041.866345339895,8382.987130694022,7241.929814572871
0.017587939698492462,0.020100502512562814,13369.789488871067,4036.2100247943536,10052.575146949905
0.05,0.056666666666666664,12255.395552158237,8414.276303807428,7359.288907619074
0.04921968787515006,0.046218487394957986,7621.867979245289,4476.066229042537,4714.241676198289
0.03876852907639681,0.049600912200684154,11852.627276167555,8453.21543122096,10504.78343338604
0.11810012836970475,0.059050064184852376,9952.67859675425,8392.76801059912,8803.88551121363
0.021711366538952746,0.04980842911877394,7864.397794380367,4735.391807447886,6325.8854702348235
0.07704654895666131,0.048956661316211875,12607.53580125309,13323.083511868665,10860.538807517343
0.02395964691046658,0.043505674653215635,12702.558801934463,6782.679387780309,5584.034466833799
0.006369426751592357,0.046974522292993634,4595.072122864486,5512.4944954556295,5492.886916267495
0.026837806301050177,0.043173862310385065,8725.690101594526,7317.295425995669,5916.847005714371
0.010657193605683837,0.017761989342806393,6560.904816285119,6317.883664711645,9304.510468103408
0.03125,0.043478260869565216,21027.687968020437,11896.678404819862,10815.637176773866
0.005434782608695652,0.033967391304347824,9958.352225543693,4752.827036876356,6897.564895466775
0.012429378531073447,0.01694915254237288,17611.64362910858,7158.895961810429,8426.499794035542
0.014962593516209476,0.03615960099750624,8982.721704761672,6281.890688640892,7266.625753391625
0.002285714285714286,0.012571428571428572,8047.6666272134335,5012.070141331599,9949.814956946326
0.017080745341614908,0.021739130434782608,5453.23204670273,6676.510109038026,7990.8994533029845
0.0598159509202454,0.06748466257668712,8016.024328568773,10167.943525158204,8044.550709542003
0.05263157894736842,0.0912280701754386,12642.418895857438,10980.739113668837,7720.2820677195905
0.040923399790136414,0.06453305351521511,15856.010012686402,6255.390682279221,7633.928677278166
0.013307984790874524,0.019961977186311788,6758.649340718543,9096.244034380792,7247.5575407280785
0.03278688524590164,0.05942622950819672,17257.135089295378,9749.866595689457,8697.0555013259
0.025201612903225805,0.02217741935483871,17908.30362208723,11425.338428832258,9821.825912867473
0.025974025974025976,0.04025974025974026,10465.83844416241,6025.359724318715,7046.242301140861
0.015037593984962405,0.013963480128893663,10688.983110441488,5397.563137714554,6854.143369096359
0.02904162633107454,0.015972894482090997,19675.46062242485,9743.74048204007,12726.85557779334
0.020053475935828877,0.04144385026737968,9908.054907030279,10818.352388605834,7903.476499939247
0.023961661341853034,0.039936102236421724,7478.617624817954,7086.891665600961,6383.371670659005
0.014913007456503728,0.029411764705882353,7009.148908950826,5698.341527679174,10436.229514109607
0.007861635220125786,0.027515723270440252,2264.3337439269562,3044.121777627258,6860.19331277233
0.020785219399538105,0.03175519630484989,7680.415459990809,12107.656285286983,8860.575487017835
0.016260162601626018,0.022764227642276424,12652.979515596653,9153.432397191526,8074.06797728328
0.015625,0.0265625,27580.602115293277,8950.78552561657,8793.723244687037
0.03225806451612903,0.041474654377880185,9364.263900449723,7226.763194844121,8298.05812691959
0.017142857142857144,0.056428571428571425,22575.66973760825,11887.161028842516,7781.156056260173
0.012027491408934709,0.03951890034364261,5653.856298650646,6359.5508861989665,4997.649130619992
0.024427480916030534,0.02748091603053435,14523.90799885328,13944.26104533978,13279.508018449205
0.05393258426966292,0.04044943820224719,6783.871595050587,8200.563321803726,6538.996095252789
0.051094890510948905,0.05170316301703163,15302.81104931936,11119.737639898589,8935.00380659278
0.035606060606060606,0.10833333333333334,13033.795038393651,15224.751667597446,12532.27011259083
0.021917808219178082,0.06301369863013699,9106.625179940098,6541.745488726974,7216.62470759381
0.032564450474898234,0.031207598371777476,4885.334819958512,8733.884323643273,8801.226237616544
0.0237892948173322,0.03865760407816483,9731.873205434904,8234.11620410092,8538.277106007286
0.03617269544924154,0.026254375729288213,11757.718155314085,5820.239723762404,7996.47759379218
0.019206145966709345,0.03329065300896287,14972.928832934487,8544.059114058799,7485.275876997879
0.028282828282828285,0.052525252525252523,16733.33038352222,19221.425047871544,8641.20401621435
0.04153354632587859,0.05591054313099041,13073.38233624673,7816.5137604896345,7649.373699196853
0.008706467661691543,0.00808457711442786,9262.786664310475,5918.027445636699,7705.09828876563
0.03352847259180415,0.021021820117083555,13341.207540669546,10105.365279255058,8173.216346288599
0.02176541717049577,0.028415961305925032,8182.033034498147,7827.136652171198,6361.742437427681
0.024623803009575923,0.032147742818057455,4529.571359346421,6247.880210241672,7058.686431653627
0.046153846153846156,0.05897435897435897,9581.477550628837,7094.0614344744245,7413.952279065484
0.005965697240865026,0.03803131991051454,14548.346980362083,11666.214465484629,9769.65537508836
0.011965811965811967,0.03675213675213675,5884.799791062079,4615.026046610882,7658.72289068432
0.06279620853080568,0.052132701421800945,11668.980426508338,9890.026322433281,8850.905772471571
0.03322259136212625,0.033776301218161685,8983.41190735509,8292.050425106168,6158.526816868486
0.05,0.052192982456140354,14435.510960116404,7307.749627505686,7787.58360634339
0.015340364333652923,0.04554170661553212,13701.499587134931,11245.239208815801,7903.5131172988295
0.036775106082036775,0.0586987270155587,12382.436192058278,7504.162070556388,8046.556501313419
0.02608695652173913,0.019021739130434784,9437.050196257993,10058.978585980716,7608.237275954675
0.01532033426183844,0.034122562674094706,14863.479984881724,10155.459856106501,8460.368591432636
0.026923076923076925,0.03461538461538462,5926.085638924211,6385.699559415827,5178.391374321188
0.031141868512110725,0.01643598615916955,15180.4450399094,5764.437416674972,7225.890075269872
0.03556485355648536,0.027196652719665274,19097.657057865792,15640.762342077425,10226.573201641404
0.031746031746031744,0.06547619047619048,7935.3498571153805,4220.689257136116,6252.945125198016
0.016178736517719568,0.029661016949152543,9414.90351707683,8423.73770852154,7581.426308880108
0.019834710743801654,0.04132231404958678,9623.522254338197,11000.623252400528,6920.759479859623
0.01900739176346357,0.03484688489968321,22019.064094182097,7081.23835040977,7241.79069475643
0.015950920245398775,0.023312883435582823,21674.04429558236,12227.745126644386,8870.944381116531
0.005186721991701245,0.04616182572614108,8899.20155502113,6934.165789002542,8020.757381471469
0.00125,0.063125,5667.818997918024,6352.252965043792,7909.369002261653
0.0030959752321981426,0.02786377708978328,18028.422209741875,11744.841456788761,8268.099654649413
0.03940886699507389,0.0812807881773399,7758.65136886276,10541.881453541384,7912.454039037941
0.0058823529411764705,0.01568627450980392,6132.676403943992,6289.180953325482,7921.896848359565
0.00851063829787234,0.03829787234042553,25388.612253657557,14471.152861412158,9020.338992707255
0.010752688172043012,0.01881720430107527,9902.079223646426,4433.929746366376,7520.507841290148
0.008741258741258742,0.024475524475524476,18654.51110991538,10235.486168886042,8308.130516485819
0.0694980694980695,0.047876447876447875,20564.78782398125,17681.299533610676,12650.466898787468
0.03469387755102041,0.05714285714285714,21472.302669947923,11263.234053580836,7782.255050670555
0.018538135593220338,0.04184322033898305,15285.663865824836,12805.57411998065,10456.343251418491
0.06703470031545741,0.03430599369085174,15517.336160739684,14024.484108783641,8749.626599839132
0.04481792717086835,0.040149393090569564,13474.864208402802,8763.425879469563,8215.747571021417
0.010783608914450037,0.0301941049604601,12025.08280905173,5835.923137772807,6125.44688502982
0.01812688821752266,0.054380664652567974,17827.298628577857,7724.324910697101,6885.143865927615
0.013537906137184115,0.030685920577617327,15642.93834078375,9416.242057682492,8908.252089476224
0.016018306636155607,0.04061784897025172,17640.95856607397,9587.949687643879,6600.82621760234
0.013157894736842105,0.033625730994152045,9087.804743121342,8677.295091637608,5716.556125950901
0.010036496350364963,0.025547445255474453,16765.759966753314,10295.526406687068,8256.399197561188
0.031578947368421054,0.0708133971291866,11409.040087792644,8077.8424275408315,8398.2411905488
0.0228310502283105,0.10426179604261795,6673.1854843457695,20247.94860654685,12064.362811927651
0.020446096654275093,0.046468401486988845,9225.347264989312,9948.308598726178,7395.856623225097
0.04741379310344827,0.034482758620689655,12082.169479859649,13106.288506615996,8351.867727433597
0.014630577907827359,0.028163862472567667,10985.73304060096,11935.734297616182,7945.824188992654
0.029017857142857144,0.05133928571428571,11332.837486315324,11746.922364621378,8091.844262652586
0.04757462686567164,0.05970149253731343,20077.263953651815,12121.35365448831,7143.357588099687
0.02447089947089947,0.044642857142857144,13258.481747760488,11123.520502715544,9972.80112459496
0.060903732809430254,0.02406679764243615,14639.285980855168,10648.009604630159,11589.556724401911
0.016025641025641024,0.052083333333333336,11211.379784902738,6001.596708860635,7397.551488533804
0.017488076311605722,0.022257551669316374,10297.711877266054,9384.6406986014,6528.964102637904
0.04424778761061947,0.05408062930186824,10137.066147694937,8486.33182895262,7525.168896055989
0.030373831775700934,0.014018691588785047,14877.607047882771,12417.217804930746,7532.31838081596
0.032989690721649485,0.06288659793814433,9653.314838665212,13696.441590731905,11722.899654867928
0.022304832713754646,0.045229244114002476,8428.60265671573,4837.66235439812,7137.794007612247
0.008141112618724558,0.036635006784260515,8041.564957017129,7369.091978347345,8891.618335233403
0.009296148738379814,0.025896414342629483,11937.421866910458,9390.119924357188,9445.527450505437
0.02254791431792559,0.05467869222096956,9151.793131192742,9983.04455091918,9803.862550845715
0.012522361359570662,0.04203935599284436,6667.646009077385,6466.8745859389355,6142.532568167163
0.029661016949152543,0.0211864406779661,10325.068319726774,4651.630623816012,6242.192031772183
0.03470031545741325,0.051261829652996846,8359.587127889525,8261.681814161933,8169.932998315769
0.023653088042049936,0.019053876478318004,19985.482351128197,9613.454826232299,8642.652821080248
0.007776049766718507,0.013996889580093312,15415.854206478747,8547.134944634972,7800.80367018323
0.01762114537444934,0.04772393538913363,17674.33501492508,9305.221779487007,8414.669577501802
0.029166666666666667,0.04583333333333333,15834.445699842721,10803.182165119775,9076.440457284583
0.039316239316239315,0.04786324786324787,10564.551502010261,8709.93940196389,7512.9848616563195
0.044444444444444446,0.04666666666666667,6180.270558188922,6735.617562292399,5246.366777850942
0.029224904701397714,0.053367217280813214,12531.044559655567,5512.741347837874,7858.701466628276
0.020309477756286266,0.020309477756286266,13217.768747318081,10857.319437437478,11043.06636898311
0.01971326164874552,0.04838709677419355,9207.407103505295,7440.727391133241,5641.502532161429
0.014105419450631032,0.035634743875278395,15913.797331838923,12033.646895932123,7327.557234627757
0.04230488694383661,0.07512764405543398,7243.8537167061995,6744.113569626203,6170.196438922693
0.008,0.02,6650.514105623068,7429.229417397524,7359.551321596154
0.028058361391694726,0.051627384960718295,17772.060311022142,6894.936039674024,6966.086787355791
0.0273972602739726,0.03120243531202435,8182.634936466011,9138.904274594961,7228.3802564215575
0.011627906976744186,0.028343023255813952,14884.428760182998,6598.643502911551,10789.364519748533
0.009433962264150943,0.03632075471698113,15929.838711492475,13259.492401583062,10594.038219575395
0.028429282160625444,0.06538734896943853,13571.937170227679,7086.396910045321,6707.300414130443
0.01658374792703151,0.024875621890547265,14523.581887304546,8653.301096392714,7045.494025459442
0.02631578947368421,0.03245614035087719,15008.785864629916,14431.959934849116,8770.3214904283
0.013793103448275862,0.04080459770114943,9865.521313254207,9630.11683272414,6458.446486164128
0.05128205128205128,0.04230769230769231,7558.950995820324,7363.2285834883205,5972.236823695329
0.020637898686679174,0.02626641651031895,8065.027619860876,7566.581486757722,7548.597519535784
0.03512014787430684,0.04990757855822551,11414.769112598655,11322.05565897748,8354.108752454473
0.007102272727272727,0.026988636363636364,7891.559209929995,9285.365695942695,8983.37754202563
0.03393501805054152,0.05054151624548736,13104.61758439303,7383.195056779062,7247.655657746147
0.005479452054794521,0.0273972602739726,5132.320974554661,8379.384837496142,7623.504349755645
0.011013215859030838,0.07158590308370044,13770.875440601283,9785.418888491233,7502.684784177452
0.04069264069264069,0.01645021645021645,9493.741286311066,10368.938307732826,8643.689779117653
0.019002375296912115,0.04334916864608076,7583.506503245216,6046.803322299577,6087.5350663289055
0.02723146747352496,0.08055975794251134,7150.8203426242835,6115.149057846693,5782.614750883503
0.049107142857142856,0.05,10442.452144658935,12799.58772411832,8034.230192493935
0.025682182985553772,0.04253611556982344,10558.951646195468,8315.827014891032,7196.073236430552
0.03826530612244898,0.02423469387755102,15202.842510111524,13534.13247384628,7474.630495974309
0.004830917874396135,0.01610305958132045,10251.812664195531,4409.048756886577,7975.743067314155
0.031155778894472363,0.0743718592964824,12345.407905678878,11492.455010402404,9223.540301107569
0.02748414376321353,0.03382663847780127,9680.913599352807,10615.208881762093,7630.803256175559
0.032091097308488616,0.030538302277432712,12748.168822538599,8965.587392470348,7376.802844380088
0.021164021164021163,0.021693121693121695,13205.420755625168,3952.196733697844,5426.517772371744
0.005917159763313609,0.035831689677843524,14619.38765136128,8498.635569983984,10136.855404650569
0.015217391304347827,0.03152173913043478,10687.604926595643,8138.304390073892,8273.276595939296
0.014548981571290009,0.050921435499515035,11033.53650612962,8326.408107839685,9460.857028140234
0.01098901098901099,0.07032967032967033,8980.742710940332,6635.778345133261,7783.44661778522
0.03495630461922597,0.03745318352059925,4801.627912787811,8322.221788907402,7310.706029450346
0.004352557127312296,0.019042437431991296,10666.03909558826,13714.99184631948,6086.210785388886
0.027434842249657063,0.04801097393689986,7707.957307100645,5337.393694125086,6350.515058116706
0.08333333333333333,0.07383966244725738,15074.608350914557,12094.422692610951,10360.165926349295
0.008997429305912597,0.05848329048843188,14524.074712694344,6997.9981581519505,8093.632320971202
0.05227655986509275,0.03456998313659359,13178.777587825072,10114.528406595875,7470.121369742429
0.06349206349206349,0.0625,5611.821589010718,4230.576477641837,6619.546519903425
0.015769944341372914,0.037569573283859,7325.713632273049,7869.8620628859835,6854.2294811552465
0.011752136752136752,0.023504273504273504,14875.862760714203,9950.987808805034,8559.768265038863
0.02707749766573296,0.036414565826330535,10620.844769116284,10871.36190784383,10398.282475608978
0.052269601100412656,0.039889958734525444,16614.61487973038,14235.094614970338,10014.216417438982
0.022071307300509338,0.05263157894736842,11502.707426074747,9944.71575976959,9349.135289693631
0.023014959723820484,0.047756041426927506,12738.92378708474,6428.339441604706,8520.057806194645
0.021897810218978103,0.05693430656934306,10461.281476833314,13919.927764484313,13069.457586389552
0.01963350785340314,0.04842931937172775,9828.293017748842,9750.905510514527,8136.215791260651
0.028207461328480437,0.041401273885350316,10412.84519718978,12555.892408103216,9656.259692949423
0.014405762304921969,0.036614645858343335,10182.495288261434,7894.160579004035,8083.621906927187
0.01664932362122789,0.023413111342351717,14776.515836528502,9357.253845998895,9989.31834847261
0.023776223776223775,0.05524475524475524,17602.148676667955,11540.313486411384,7418.553930072786
0.018396846254927726,0.03942181340341656,16820.714305714013,2972.2072983310136,6667.451128174636
0.013541666666666667,0.051041666666666666,7138.038499920896,7388.687016728473,8370.709765201762
0.013201320132013201,0.0297029702970297,13762.581191493307,6149.56719078867,8745.71041709939
0.01037344398340249,0.024896265560165973,13535.171842981368,12498.009054131471,9511.074898824394
0.019230769230769232,0.08262108262108261,10963.431311028613,7721.867866307481,7371.682028767791
0.004172461752433936,0.027121001390820583,17109.522792947402,5702.233922309399,9132.887104944835
0.0319001386962552,0.047156726768377254,13519.550759099864,8677.569564549618,8925.045395011204
0.036619718309859155,0.05845070422535211,8611.132219711815,12962.310866521153,9640.927097782533
0.001310615989515072,0.026867627785058978,11958.119084277409,14464.754369951665,10598.048788175447
0.02852485737571312,0.03300733496332518,12958.65913758876,11727.094339048406,8587.826491271742
0.01928374655647383,0.04132231404958678,24046.18120805009,11126.120880224453,11444.480795075664
0.019527235354573486,0.029290853031860225,8573.25606625166,15489.818766630533,12371.156802087151
0.03793626707132018,0.04628224582701062,15104.81767183807,10635.553713885041,9333.048768766106
0.002770083102493075,0.03393351800554017,6422.335144862132,10082.273431089352,7527.968880696839
0.03270440251572327,0.031446540880503145,7984.002769136725,15873.390196992614,9974.204631844184
0.020942408376963352,0.034031413612565446,14117.561399867622,13421.681759603909,12797.058652476868
0.019527235354573486,0.03442959917780062,12377.070640335938,9602.648761430883,7807.379813188318
0.040498442367601244,0.0529595015576324,4171.329697651782,4998.3309333732195,6680.460825380667
0.005961251862891207,0.03464977645305514,6560.188780127137,5420.972394782348,8435.35007874958
0.05162523900573614,0.0372848948374761,12326.960965305769,9930.690455983979,9335.555595757762
0.010250569476082005,0.05580865603644647,8577.221677923642,10324.947631686975,10338.688853758453
0.0391156462585034,0.06972789115646258,18607.99701059667,9032.772130298457,8522.45803988102
0.04342105263157895,0.05,13300.930137047528,8555.973602271266,7234.006470490856
0.022935779816513763,0.06039755351681957,10080.54091883076,8412.098886563703,8714.477804100634
0.015414258188824663,0.04720616570327553,9037.206841121575,8990.586890001505,6428.952521571809
0.01881720430107527,0.04502688172043011,11464.231157537526,9122.744388637962,9281.53817397323
0.019672131147540985,0.06721311475409836,14223.526494002317,7542.623546721553,7137.277171745257
0.024390243902439025,0.021106941838649154,13838.646157592322,4815.769294639264,6933.798468569042
0.04562043795620438,0.057025547445255474,14999.61120826858,10372.894630618777,8291.498686927296
0.01639344262295082,0.028688524590163935,8331.233963594022,6862.11182085755,8379.96992566774
0.03700724054706356,0.03821399839098954,12774.215305984093,10756.787196889707,7904.621644494437
0.026825633383010434,0.029806259314456036,7197.154066985561,7390.922769607193,7596.457309347959
0.04735376044568245,0.03690807799442897,8717.94333263293,3737.4894531005575,7410.910899890149
0.02302158273381295,0.03093525179856115,15193.170812897279,10181.244895753283,8394.257129653404
0.026687598116169546,0.047880690737833596,14850.552074387595,13883.07107687395,8851.13798417032
0.031363088057901084,0.054282267792521106,17032.849718270394,10394.225748844145,9127.285122997711
0.007275666936135812,0.029911075181891674,13778.945941922762,6031.077531943287,9126.459616153104
0.021966527196652718,0.045502092050209206,11314.450806991434,6849.361197464947,6454.432908057851
0.01951219512195122,0.041951219512195125,13162.28823987188,11042.7457413326,10409.434033325133
0.014925373134328358,0.04879448909299656,6010.2080118573895,8358.513926712705,6704.801710533177
0.07025246981339188,0.06695938529088913,28039.30789611867,19536.83075964565,10134.534289106963
0.02759276879162702,0.03377735490009515,18634.187281710587,11432.231402006964,9167.58186053992
0.03924914675767918,0.08873720136518772,14655.057191980713,13145.015307074093,11349.710790557165
0.013872832369942197,0.03410404624277456,12031.77293541172,8211.780262566397,8115.6218330896
0.017495395948434623,0.03130755064456722,18083.39375140334,7351.476952871417,9567.985370010685
0.01667735728030789,0.0391276459268762,6155.802871935097,6769.166221848146,7085.311424876578
0.0672834314550042,0.04415475189234651,12577.42469673828,9056.281732992793,8829.775051821152
0.03707742639040349,0.025627044711014176,6742.68032859348,9927.260115155701,8609.903273866583
0.018726591760299626,0.05468164794007491,6761.430198442428,7400.755636280983,7660.964378659042
0.03177257525083612,0.023411371237458192,10012.193602679778,7132.80876483378,9832.855743315537
0.0220125786163522,0.03249475890985325,12378.267350830538,13195.644886241918,11557.713542712383
0.02648578811369509,0.039082687338501294,4947.30330895962,10533.320289498026,13197.889985275366
0.011282051282051283,0.05153846153846154,17316.932461649805,15192.810871189597,13111.497722323884
0.019004524886877826,0.05248868778280543,15300.841691041567,7112.059019700927,6959.976837834097
0.018561484918793503,0.030162412993039442,9973.900601724483,3411.730080413135,7425.731991108341
0.033625730994152045,0.051900584795321635,11935.355088874381,8797.18166173865,9778.100053113587
0.04608788853161844,0.04448017148981779,8579.522991513959,7244.934565304781,7117.297168821529
0.02821869488536155,0.025573192239858905,16175.96616480781,5277.853997429477,8450.275043169248
0.021850899742930592,0.027634961439588688,13097.607046507197,12098.438648709953,7888.905234869548
0.04048964218455744,0.043785310734463276,14702.990089878613,9033.380125699196,6894.823856167943
0.011704462326261888,0.013167520117044623,16888.287336791516,8570.533052827855,11926.56378208846
0.02727272727272727,0.01893939393939394,10612.576134193676,6642.964620070788,6080.37980551057
0.02692778457772338,0.04589963280293757,16345.461861852178,12174.756158835842,8979.823878765294
0.029556650246305417,0.037561576354679806,10103.14922905922,8821.96954689048,6998.530547576293
