0.025089605734767026,0.0456989247311828,31024.529557978018,15852.035651055525,14703.492390432366
0.03678929765886288,0.03511705685618729,21184.814590816215,23838.95730434691,13349.73761401953
0.01939655172413793,0.06465517241379311,16748.140918830482,19183.546416676,10242.748709736532
0.01948051948051948,0.041396103896103896,38099.682830403915,18364.297434266195,16831.446311696094
0.005076142131979695,0.006345177664974619,7086.371956256582,9985.551987046241,10603.242063618974
0.03736920777279522,0.0687593423019432,13842.485818477799,17341.48579781858,9810.076253559573
0.03116883116883117,0.05844155844155844,20261.873679803964,10658.509519818954,15108.43999998661
0.007692307692307693,0.04038461538461539,9726.857023599841,8726.284347562983,13411.957928934513
0.015414258188824663,0.05394990366088632,6796.499973636887,14075.121416667398,14569.891726456397
0.03206412825651302,0.06713426853707415,16156.542750352419,10406.1478270694,13176.072936551895
0.03349282296650718,0.06220095693779904,18788.040788935632,14741.50914013875,13264.316005107772
0.01775147928994083,0.01775147928994083,44685.36356419461,12217.255699292951,11647.779312159611
0.03767123287671233,0.038527397260273974,38964.046125538945,10019.627940346365,14166.792714997102
0.04421052631578947,0.05473684210526316,18801.992241937645,14246.99966367306,12972.915378925676
0.032504780114722756,0.04110898661567878,25794.254466356517,15202.849010196942,12122.038765596657
0.03925619834710744,0.049586776859504134,40018.220118808065,8892.780490755727,16038.30202050437
0.018633540372670808,0.028985507246376812,6912.013181457555,15766.665991080567,12910.385365469809
0.018867924528301886,0.0431266846361186,22081.508589613542,12905.822782067902,12453.827432067726
0.014268727705112961,0.05648038049940547,25685.29112184137,11459.065093840114,19574.107292213408
0.02895752895752896,0.037644787644787646,14647.22743160484,6814.374647060428,12035.51303626608
0.026785714285714284,0.08482142857142858,16858.37789100961,9302.920218248031,9326.461320686161
0.036036036036036036,0.04354354354354354,24057.20373318969,22448.098832044547,15164.53400043175
0.053691275167785234,0.06711409395973154,18817.473386241043,19736.170864253807,12645.14430242811
0.06418219461697723,0.059006211180124224,22968.84257647915,16970.25133947213,12122.3912718041
0.02301255230125523,0.02092050209205021,12589.150841195633,14429.978925738269,12709.632421062757
0.029354207436399216,0.0812133072407045,23393.440949064552,10131.294434649488,11964.112103563742
0.019522776572668113,0.0737527114967462,10085.853256868866,12629.132275343201,10259.668873446617
0.01873536299765808,0.03747072599531616,28674.41301878447,19592.924521931316,9962.381598747848
0.04578313253012048,0.05301204819277108,17109.180723075184,13143.281190028008,15923.687974013981
0.021739130434782608,0.04021739130434782,40257.74413511452,48175.25638727386,30194.6486493682
0.033647375504710635,0.04576043068640646,15988.043195203669,5763.785232425996,12113.55515795598
0.04504504504504504,0.07057057057057058,9856.090741832217,7727.505482576453,8710.125827234713
0.029354207436399216,0.04403131115459882,17414.659009854025,15865.478993025987,12274.749041945606
0.013719512195121951,0.035823170731707314,17555.10352111532,11265.456550183642,11820.135920075361
0.025089605734767026,0.03046594982078853,11762.484315371843,5959.162868001753,9690.695346703567
0.016304347826086956,0.03940217391304348,18747.807492057836,9746.03913807533,12079.837800708761
0.0297339593114241,0.032081377151799685,8563.511202000911,7389.264788553309,10554.536030507614
0.06473214285714286,0.08705357142857142,13408.320635321601,15243.370896701863,10601.769344509583
0.03949447077409163,0.05845181674565561,32606.075712651113,18641.529586777826,10863.852102577395
0.03145478374836173,0.061598951507208385,21200.664805003395,17187.432608367002,14878.111408141038
0.04145936981757877,0.05887230514096186,25326.45274161742,23074.27195089909,17462.637336835352
0.01507537688442211,0.07663316582914573,14185.044315645879,7179.563335599328,11370.600190043899
0.005208333333333333,0.022135416666666668,6152.318375590689,11822.254910400074,15240.464546272216
0.03161397670549085,0.06821963394342762,27339.811086294463,16086.281343119805,15114.257054404869
0.028119507908611598,0.04745166959578207,23413.95626765731,10714.966329048279,11519.902811504817
0.012531328320802004,0.06265664160401002,27295.130894840004,9443.149196976972,13173.11395254132
0.04189435336976321,0.042805100182149364,16709.499550265085,16974.954179064676,9858.508935501612
0.043478260869565216,0.06630434782608696,18167.52384941997,8395.323433786225,10236.98862850643
0.022222222222222223,0.037037037037037035,16737.99066368607,6169.148544223759,8927.177372476815
0.032397408207343416,0.06587473002159827,34167.24473714564,23276.479801386253,13841.032092275904
0.0405982905982906,0.042735042735042736,24648.241917055544,18874.90847347615,12453.740718866693
0.07611548556430446,0.07086614173228346,24684.326168644948,18958.38594770363,10677.751535344787
0.030303030303030304,0.06363636363636363,12312.464780185777,5899.387993449644,10938.210829981419
0.015306122448979591,0.044642857142857144,19459.47723210032,16086.194114828202,14109.05456562976
0.015759312320916905,0.030802292263610316,6207.086416324647,15401.297595358958,11320.0137015116
0.06564551422319474,0.01312910284463895,17997.03107075563,13742.112605876036,13032.419534981324
0.01583710407239819,0.04072398190045249,14243.982120119836,19773.45353257253,12619.444637804074
0.021848739495798318,0.06470588235294118,26589.44528442587,8821.981668811684,9914.220045194486
0.015037593984962405,0.06203007518796992,18271.798502210317,9776.825132853268,9576.387457152246
0.06845238095238096,0.05952380952380952,42667.2852132941,39183.06773401913,23227.88256640552
0.0288135593220339,0.03898305084745763,18409.66868247089,14508.685625581757,11766.776451700478
0.007363770250368188,0.0066273932253313695,4829.9753599093865,5864.65812427263,15437.349287659123
0.08310991957104558,0.036193029490616625,27997.483461240794,8870.30795752449,15337.166171539266
0.036923076923076927,0.06230769230769231,21088.22314826729,21502.201831936378,15153.47126732362
0.037082818294190356,0.059332509270704575,22667.571459740877,9503.289343203443,11189.770572628273
0.025089605734767026,0.06810035842293907,13815.616332111253,7747.5168210395,10109.05620646665
0.03515625,0.068359375,10485.561823113838,7702.980087999211,8181.71401403663
0.02631578947368421,0.04986149584487535,15352.36068238592,11068.288820359934,10245.410739910245
0.03650793650793651,0.04523809523809524,12732.456557231717,8569.033633580926,9092.666578665183
0.08116883116883117,0.07305194805194805,18356.722538360613,22829.906736523604,15392.332578015314
0.06514084507042253,0.05017605633802817,26009.770661669678,13599.018894312208,12595.88163266133
0.02663934426229508,0.028688524590163935,21078.334880885955,6275.520430848416,11079.961469557735
0.046189376443418015,0.028868360277136258,16499.94720097517,10270.587397414041,13476.335663273663
0.03058823529411765,0.07058823529411765,30027.442947772157,12528.306921808678,12788.21146280357
0.02531645569620253,0.05515370705244123,13030.494012901692,17794.382894910985,10452.318864913666
0.020869565217391306,0.043478260869565216,22213.605667172407,9412.896132436968,11830.78146032978
0.03969754253308128,0.05198487712665406,14412.31412799714,10029.361791635074,8937.598025773897
0.0064,0.0304,34097.71866347191,19064.507959505765,15085.711716874752
0.04145077720207254,0.07642487046632124,15639.974545255282,14752.361516822039,11121.307267411314
0.03289473684210526,0.046052631578947366,14337.188724127074,9450.77856976094,10826.481186043655
0.033582089552238806,0.03544776119402985,24859.875193927157,13668.287217765848,11860.86901549074
0.007832898172323759,0.04699738903394256,5862.900545786276,23727.54272223713,12932.130486481972
0.0272,0.0456,19744.52083391398,9878.824518784204,11376.691640078703
0.05679862306368331,0.04905335628227195,15551.46371089574,9515.909123872356,14595.707673399
0.028634361233480177,0.039647577092511016,32324.3091956711,25971.607290225584,12797.263019669668
0.01166489925768823,0.03234358430540827,9389.443226477211,15053.508429083433,15170.132995805101
0.016442451420029897,0.043348281016442454,33663.31961903644,22390.56136996498,14304.574635780733
0.013157894736842105,0.06672932330827068,39538.25660168352,18791.544399326114,15126.296037870088
0.037037037037037035,0.041666666666666664,35040.60869782199,31071.10815339474,13306.27207895091
0.011695906432748537,0.04312865497076023,16722.662914149936,15325.454349032732,13323.804378344794
0.009111617312072893,0.07175398633257403,10189.762930749628,9561.086088197939,10142.685019860437
0.025,0.019642857142857142,32786.996663480575,25239.45557193467,11156.672505965127
0.028925619834710745,0.05303030303030303,23285.88576287236,16276.524419072006,12610.605309941377
0.036756756756756756,0.051351351351351354,21278.64328898882,16331.785056059858,12614.368842256777
0.019438444924406047,0.026997840172786176,13890.956955269445,6414.235494774409,12233.808453030748
0.016286644951140065,0.025244299674267102,12311.621042053932,10708.974618510283,13993.551682763215
0.011182108626198083,0.02875399361022364,5250.98138202179,16930.497308475053,9929.033909211666
0.02936096718480138,0.08203799654576857,22958.87908693985,22718.09836301476,14367.022116591354
0.023094688221709007,0.03117782909930716,12061.862429097386,13797.164071401718,11093.870550479327
0.02835538752362949,0.01984877126654064,25174.571930263486,21343.809472179433,16194.879306807037
0.08222811671087533,0.07692307692307693,42487.515469419726,38084.08688956323,14178.299405726439
0.06157112526539278,0.06475583864118896,21230.61121164773,15700.911098754079,13136.913604918891
0.03350083752093802,0.08207705192629816,19592.372375393457,20244.682805402976,17090.525638335926
0.026143790849673203,0.034858387799564274,17632.407874405064,23147.52628023534,12829.316972818051
0.013409961685823755,0.035440613026819924,10613.619566971302,8218.724146850716,15512.873509125702
0.02538787023977433,0.028208744710860368,22091.10271648168,26955.754198571092,13547.355080458605
0.03966942148760331,0.03305785123966942,19027.104375674928,3571.47531317192,9549.102587139047
0.022556390977443608,0.05639097744360902,24068.688736288244,7005.81784904142,9843.666045586942
0.03732809430255403,0.043222003929273084,18096.681935497585,14959.426763113419,14982.671825795973
0.04411764705882353,0.051470588235294115,9429.609198119664,9727.051727351674,14302.861187431065
0.036585365853658534,0.06097560975609756,17678.10637880019,10056.586242946783,14790.73201801319
0.07084468664850137,0.0326975476839237,14392.07791144878,9623.808774298068,9628.382519971246
0.018617021276595744,0.0425531914893617,30174.68321762942,10388.260819634746,12526.202918857678
0.034858387799564274,0.07298474945533769,17398.548173035226,13175.226796373729,10846.803645026224
0.04397705544933078,0.06500956022944551,6952.529619138594,10943.07562130354,9679.428106523757
0.024752475247524754,0.057755775577557754,26928.79738160109,15695.446555798826,12459.949675758719
0.02766798418972332,0.06258234519104085,22396.01548600659,28347.168596903288,13761.670979646931
0.01583710407239819,0.038461538461538464,27219.544336850453,13636.46004152523,8376.671795213773
0.03333333333333333,0.04871794871794872,29831.57597285967,25235.822825930638,14608.997440836567
0.053217821782178217,0.04455445544554455,9117.484456639835,10739.14244631379,14091.659722930313
0.040257648953301126,0.09178743961352658,37951.84014887739,24103.206273566702,17310.524117489007
0.01583710407239819,0.027149321266968326,18712.054467936345,7682.7168548134605,8886.509650548884
0.03835227272727273,0.05823863636363636,11242.568061372593,8047.139258374599,8678.781912077337
0.011857707509881422,0.025691699604743084,27842.812487545885,14478.441619210276,14251.75108107302
0.05008944543828265,0.05366726296958855,30771.02630712852,19935.81807550525,12810.653015580048
0.04854368932038835,0.05339805825242718,33727.47047862365,11752.06069668282,12620.643292426836
0.03825136612021858,0.08196721311475409,19065.829077647824,20053.897423548184,14609.894034658164
0.03441682600382409,0.045889101338432124,12583.488876301686,16315.826314887838,11387.384152599414
0.01567398119122257,0.050156739811912224,15374.527778927508,7177.718625096352,8955.721722786391
0.019886363636363636,0.046875,24796.110928717797,29501.307001108245,14416.369214966422
0.034904013961605584,0.04363001745200698,19146.215147651754,17096.808162271755,14503.531058673267
0.022151898734177215,0.0981012658227848,6937.888738903233,10845.420811692245,15177.702705230009
0.019522776572668113,0.06290672451193059,23075.525524541077,14182.712516488895,11975.236438485494
0.012077294685990338,0.036231884057971016,42268.10600870956,17687.915020420696,13584.895715385315
0.01293103448275862,0.036637931034482756,15099.414245434724,12045.076096749088,11730.055604525221
0.032210834553440704,0.03953147877013177,23635.78315462699,12146.28740159414,11833.655792723854
0.03302752293577982,0.047706422018348627,15984.161340740797,14442.976758192692,14480.752334170718
0.010624169986719787,0.021248339973439574,30663.110365213517,18386.223773476286,18732.749087599026
0.041935483870967745,0.050806451612903224,40193.9826444868,18712.436330707333,16501.530783993217
0.0025220680958385876,0.021437578814627996,8136.599669194085,30461.815190426714,20799.117907639127
0.03664921465968586,0.0549738219895288,10981.838540118313,11173.065177158842,11307.806057142303
0.02254428341384863,0.07809983896940419,23010.509559106988,17849.386907137898,12750.052572785302
0.04047217537942664,0.03372681281618887,33893.00494996922,19705.454815928206,14774.805521771212
0.035955056179775284,0.035955056179775284,20926.629521299335,15493.33665965593,10900.846131076318
0.03431372549019608,0.0428921568627451,12611.930589400507,13733.64234947139,10608.17062193679
0.015655577299412915,0.02446183953033268,32249.29271953006,13807.946078951736,15894.663654895132
0.03731343283582089,0.05037313432835821,22543.964613285993,17863.834699552288,16383.20653187437
0.03125,0.029605263157894735,25392.3397186074,6059.799967312608,11361.430366247665
0.019438444924406047,0.026997840172786176,17524.80118408246,12868.744941135137,13648.80839531494
0.04229607250755287,0.0770392749244713,20927.90864323774,13117.378461425178,9772.232201930225
0.03917525773195876,0.058762886597938144,24991.59590001998,21888.91480471942,15532.151485864584
0.018963337547408345,0.03792667509481669,22076.22024940122,13499.616632384375,10141.964191018606
0.00909090909090909,0.028409090909090908,9814.115687494697,3178.296142271169,7764.585396357685
0.034653465346534656,0.0327970297029703,26968.299325346037,20450.77004694689,12279.414194649704
0.011764705882352941,0.02689075630252101,19484.597274961852,21762.699504046257,12721.904272605494
0.058637083993660855,0.06576862123613313,24431.442926090105,17652.464006947663,17389.151019779118
0.03773584905660377,0.039832285115303984,16444.508987917106,13090.175739993037,12364.349932291176
0.03409090909090909,0.056818181818181816,18989.10184373452,14953.285850317385,11466.129663992082
0.025048169556840076,0.03757225433526012,8683.098325697927,9601.640654279114,10712.441046743881
0.05997001499250375,0.041979010494752625,12101.164076841704,11045.216474359664,9343.565737624562
0.05871886120996441,0.11565836298932385,14961.601418637212,12411.72553452047,13287.358378729952
0.012727272727272728,0.017272727272727273,50217.08324488205,26677.337971350902,11358.305018137173
0.01890359168241966,0.046313799621928164,14665.7447795714,9271.807947062383,13947.722701363507
0.02882882882882883,0.044144144144144144,15579.503808778023,11242.078053377529,16460.102976135997
0.030373831775700934,0.04789719626168224,8220.511138955366,13395.386443231573,12732.627646702309
0.05045871559633028,0.07568807339449542,11280.556233599229,11758.43853066147,11416.363072573415
0.07749077490774908,0.07287822878228782,18641.1304431111,11452.003954355081,10797.916164659724
0.02286902286902287,0.05093555093555094,17451.514872165615,11935.793288791761,10453.11153209032
0.034482758620689655,0.033468559837728194,14306.603482408189,7576.148610505579,9098.785141436418
0.02771362586605081,0.06466512702078522,37080.990829323346,20839.12382446481,13166.16709415642
0.026915113871635612,0.032091097308488616,14314.073027844388,10548.665300022842,13333.674682055942
0.0412573673870334,0.06385068762278978,48758.49655533926,13258.796805004153,9875.372210906931
0.03497942386831276,0.050411522633744855,14215.124277610266,13282.530879534275,13954.441165281241
0.015151515151515152,0.03484848484848485,17428.3906300694,16147.54842171895,12934.820758677952
0.04456824512534819,0.04735376044568245,11967.161958785779,12181.43605945659,13856.28790845445
0.023255813953488372,0.04521963824289406,14139.22555396982,10908.487010990024,11907.10290984054
0.07755102040816327,0.05204081632653061,30708.869095467373,27454.77620643275,12368.63915164456
0.019083969465648856,0.015267175572519083,9892.823867418552,15249.72488899788,11473.92662265654
0.04523809523809524,0.05119047619047619,21123.908989595122,12661.933424257872,10494.627110538246
0.036337209302325583,0.04215116279069767,18599.330579712852,15591.330760058318,14947.755993410363
0.01694915254237288,0.03543913713405239,26583.37649848231,13800.755634995203,14667.721011962201
0.03289473684210526,0.029605263157894735,20670.92473460132,19140.901304235103,12408.810293762775
0.026200873362445413,0.03202328966521106,35354.08855736969,28246.11662825984,14006.457322008262
0.033925686591276254,0.029079159935379646,14131.25958631451,12795.331690921681,10533.04721436954
0.033045977011494254,0.06609195402298851,36727.194220219964,23240.281266485228,14041.507673881622
0.027675276752767528,0.058118081180811805,10979.31230859589,10762.056339560448,12452.150179789502
0.024891774891774892,0.06493506493506493,23249.281702934724,20709.90189388369,18297.906243265643
0.07603686635944701,0.07258064516129033,12404.850401085148,6692.476281610816,10614.727181418211
0.024504084014002333,0.040840140023337225,19428.816563864977,13852.701695209229,15362.101925076271
0.004830917874396135,0.04750402576489533,26008.079549856036,20590.474156479682,14176.37241798034
0.04319371727748691,0.03599476439790576,46763.09079285453,17968.423516074243,15457.32937908783
0.029227557411273485,0.029227557411273485,13339.298460934078,10220.200971340391,11088.80706236765
0.006276150627615063,0.04707112970711297,15694.22299536217,12374.976528149642,11684.141009774059
0.04480651731160896,0.04073319755600815,25072.489417298068,15932.75927923682,12249.44448336518
0.027573529411764705,0.06433823529411764,22683.23324017111,11063.483645306778,13549.316914938496
0.025,0.03409090909090909,14803.502202733276,7521.857369199921,13275.242845343644
0.027079303675048357,0.03288201160541586,28333.77077079898,19680.17868203652,10895.633165402816
0.04044943820224719,0.03258426966292135,5849.439938936009,10712.695538219577,15811.827140570169
0.029535864978902954,0.05907172995780591,28778.212349567864,26738.02514916859,16849.864700241473
0.010362694300518135,0.023316062176165803,10875.858322707894,3359.4158817029484,17741.72419719978
0.025110782865583457,0.028064992614475627,14094.75820605351,3019.73663087609,12085.86989936472
0.012802275960170697,0.041963015647226175,26338.146364993645,8609.37413554501,8864.310484583993
0.03260869565217391,0.030434782608695653,20503.49404416852,15627.742368708432,14608.255187089386
0.021664766248574687,0.06385404789053592,16110.372580509948,12359.195391968371,11203.525885486824
0.02394106813996317,0.05064456721915286,27000.200742444875,12155.408297490354,12020.654307253233
0.04460093896713615,0.06103286384976526,16395.882169495573,15152.077520189681,9418.181413923172
0.0390625,0.0640625,48973.3208444371,26316.517210519658,19236.05616703623
0.030456852791878174,0.0583756345177665,19760.251461211214,10413.832229537797,11718.547748344552
0.021834061135371178,0.039301310043668124,17019.116509133848,20671.41390179466,15469.216024085918
0.03732809430255403,0.029469548133595286,29556.160124748014,15462.31068289602,15129.721843227531
0.023178807947019868,0.028145695364238412,18473.36135589056,8659.360832661358,10664.553356043074
0.02391629297458894,0.028400597907324365,25233.94634957347,20884.835904090647,18621.627563795584
0.025252525252525252,0.04040404040404041,16626.506989251437,11349.454454143455,16166.643148516394
0.028070175438596492,0.05175438596491228,31529.820795346513,14262.30748437284,20233.77781036509
0.027079303675048357,0.033849129593810444,10442.576167220266,9507.306055973624,10315.747884490018
0.032520325203252036,0.052845528455284556,17240.324837718566,9987.03124979167,10267.989567260855
0.0410958904109589,0.07229832572298325,33585.13640899756,21155.151686671354,16808.703898942756
0.041044776119402986,0.07555970149253731,15427.371566736894,14609.362617228635,10815.279917365473
0.018361581920903956,0.03672316384180791,41297.86049094035,14572.023653270997,14558.640549159873
0.025525525525525526,0.02927927927927928,15167.936993929574,10543.691867309577,14772.47107898279
0.01818181818181818,0.038636363636363635,20405.758724620493,12782.179298124453,11766.400998106714
0.10135135135135136,0.06925675675675676,9976.327647059401,5310.324741253548,11858.329913498354
0.011976047904191617,0.01996007984031936,9859.654396312124,16329.896749448715,15429.59255032992
0.03571428571428571,0.022556390977443608,12394.591359232525,2293.6740550766976,10025.821292333558
0.0045351473922902496,0.017006802721088437,29574.02391056887,23622.80251989965,11476.694810646062
0.005917159763313609,0.02465483234714004,28705.286056727153,8379.32914141471,13626.219305406114
0.03134796238244514,0.05956112852664577,16014.112264165331,8190.645541601851,8168.685997271003
0.046801872074883,0.06474258970358815,9664.661975437752,6426.582280729144,8863.483524021409
0.012,0.03866666666666667,28827.05337094583,17843.249330280276,15489.808988889048
0.015789473684210527,0.035526315789473684,8718.999913950072,17586.21661450589,10578.693685777953
0.03409090909090909,0.05113636363636364,25962.50319979943,13568.908338480462,9964.765458518408
0.012072434607645875,0.03822937625754527,14921.202617119867,11404.446694125963,9590.953035709694
0.03012912482065997,0.04232424677187949,29272.76404943948,19924.028377560942,23237.20503018051
0.009505703422053232,0.06939163498098859,16454.803571768083,8502.037486959554,10684.79930399779
0.02570694087403599,0.03984575835475578,13011.642796561828,13055.994871571116,14779.055485301627
0.002881844380403458,0.059077809798270896,21076.907460266448,10243.908764964273,10999.797760853266
0.059322033898305086,0.05614406779661017,45111.75454378848,34658.59164287386,17237.912989544166
0.12317327766179541,0.10855949895615867,8213.605551073935,8685.928855040418,9203.727318972842
0.043037974683544304,0.039240506329113925,21831.78168727728,11861.672946280773,13542.067885694303
0.014106583072100314,0.014106583072100314,7249.319277734689,8797.1769661379,13191.209508859482
0.022388059701492536,0.024875621890547265,13869.774036504916,11266.401736799278,11810.85809357219
0.022857142857142857,0.02095238095238095,9828.448071260416,7428.7895072604415,11843.445302040218
0.04785478547854786,0.066006600660066,18015.49678356947,15271.705089798163,14109.103426897314
0.02448210922787194,0.04331450094161959,17609.613505213183,12292.229777546898,10768.615117995045
0.010380622837370242,0.04411764705882353,3655.096557247581,6446.818890868849,9873.022481532491
0.026981450252951095,0.04131534569983136,15583.067622453294,9707.680217876576,11978.499929186853
0.045174537987679675,0.043121149897330596,29371.742962332293,19290.387177978388,12170.355519328818
0.0325,0.0625,12602.033269780724,15960.739406044406,10528.098204463058
0.01451378809869376,0.027576197387518143,31287.4542405959,12366.560382520755,13867.669033271291
0.017634854771784232,0.03423236514522822,12667.76399389416,18257.614715779484,14799.634194036882
0.027649769585253458,0.044930875576036866,12930.498312910568,10792.639449255263,12551.76132366329
0.08103975535168195,0.08103975535168195,19827.279121403928,17433.399804072757,15463.468748374466
0.030864197530864196,0.0411522633744856,24832.647358079106,21690.38274769757,15827.570218717272
0.006880733944954129,0.04931192660550459,23616.190235127975,13706.593776265901,12095.605570290163
0.04072398190045249,0.06561085972850679,17610.254121486418,10207.586429654602,9268.053006738299
0.023064250411861616,0.04942339373970346,16769.796291724826,8666.555386223623,12968.81636049529
0.04621072088724584,0.09242144177449169,10591.581653282581,7999.015958548566,9901.984668424362
0.018711018711018712,0.062370062370062374,29715.12505026718,23006.639420271193,16050.429127501653
0.02888583218707015,0.05295735900962861,33363.16936301326,22635.81900591669,16485.625805160376
0.038461538461538464,0.09502262443438914,17715.491563325268,13875.430732054414,10231.991918349431
0.039723661485319514,0.055267702936096716,21002.83245556939,8774.926258226682,13404.9541251888
0.029513888888888888,0.022569444444444444,11397.601404195751,9541.335350562627,10006.958259395215
0.02464788732394366,0.06073943661971831,5781.877450139279,6880.515487661948,11624.86423429269
0.050314465408805034,0.036163522012578615,23789.572515420226,15207.135438234105,11364.682412429165
0.008426966292134831,0.03300561797752809,26605.56152811572,11079.111728825494,15852.900363867333
0.021897810218978103,0.0413625304136253,21739.71946328248,13977.298929313589,16574.944624910382
0.03636363636363636,0.04935064935064935,16388.790745865783,10170.048790916238,12154.41864651101
0.025157232704402517,0.0440251572327044,23203.56785508313,8563.520002428055,10842.45783119678
0.012228260869565218,0.030570652173913044,14891.356383620752,22830.362323609552,15646.199812478928
0.0205761316872428,0.030864197530864196,28443.64294957132,11716.664945945116,9016.279739776042
0.013232514177693762,0.054820415879017016,8531.234418190958,10085.088531470908,12831.401605104427
0.045454545454545456,0.07954545454545454,19592.669831322193,8210.939063594757,8405.278570426604
0.022222222222222223,0.04722222222222222,11742.425520535306,12656.475542805083,12882.786676871929
0.025728987993138937,0.03516295025728988,8144.641593412822,10251.70012025434,8123.614778219034
0.058823529411764705,0.05525846702317291,19858.342282398153,13851.178340829796,11892.97788215427
0.05154639175257732,0.08676975945017182,17467.102399673884,12223.884550308187,12659.8052901565
0.014925373134328358,0.060767590618336885,29709.668741684083,13479.5568268131,13648.238425650397
0.024096385542168676,0.05060240963855422,30747.391808892677,22821.97012375468,12202.778049549797
0.07340720221606649,0.07617728531855955,22238.053501452425,17178.99363931452,13445.956836570163
0.02412280701754386,0.03508771929824561,12865.380777373146,11752.55849944681,11538.701117696419
0.035634743875278395,0.045657015590200446,13687.136872199992,14908.2110236574,10627.653012142382
0.06995230524642289,0.14308426073131955,13838.727622866265,8579.545371818442,9538.452581213878
0.033816425120772944,0.034420289855072464,12488.670450650954,12061.129370174385,8730.310456015604
0.022172949002217297,0.07206208425720621,15815.763921968788,7820.998038380803,8641.669141074968
0.028761061946902654,0.04424778761061947,17255.84792840126,13280.872334396208,10492.440785591802
0.024774774774774775,0.033783783783783786,14693.973789034133,10417.447156286707,9707.365916174313
0.03474320241691843,0.0581570996978852,24196.06634105926,16892.519340009345,12487.808387209048
0.034722222222222224,0.04861111111111111,14577.599305433858,11986.540042172177,15697.042248243148
0.031767955801104975,0.04074585635359116,17475.510676179492,16537.10303245917,10645.12960889652
0.02843601895734597,0.06635071090047394,6505.893045306679,7264.325058436598,9387.827750514976
0.022388059701492536,0.048507462686567165,25090.575609999698,19209.311344286263,14378.323165834829
0.033478893740902474,0.10189228529839883,22907.977555262387,15745.827405806614,16693.635914294056
0.0024630541871921183,0.029556650246305417,37285.376642968055,14875.760167128088,12354.926583344022
0.019120458891013385,0.052581261950286805,8945.069934376985,8972.84083699471,10260.804268861968
0.021052631578947368,0.02330827067669173,17080.129312098925,11857.30577982699,12905.176826872605
0.008733624454148471,0.027292576419213975,21449.63181308949,13038.068938597706,19331.66682870752
0.04208416833667335,0.04408817635270541,17377.686874002837,11899.048751435763,10885.195415635842
0.06610169491525424,0.0576271186440678,20686.959775878167,21210.755654698398,14432.46690710925
0.014240506329113924,0.03955696202531646,42402.49178128356,17336.638743585543,13044.267228373308
0.03512396694214876,0.05785123966942149,19047.33634769405,13837.717121156946,9725.659920400247
0.046476761619190406,0.06446776611694154,13253.93420090057,15985.932199664141,15106.769184824225
0.02364066193853428,0.03309692671394799,22159.769215499276,18708.83071930259,12986.614283691924
0.03735144312393888,0.05602716468590832,39050.98576353355,15580.283504766034,13114.58318447032
0.043701799485861184,0.03406169665809768,17183.49361271624,14137.187189823428,11563.042977652642
0.015384615384615385,0.035897435897435895,25910.489985651308,12719.44145212651,13146.853676404618
0.010158013544018058,0.029909706546275394,12896.040228252903,20736.047901203652,18099.19886340404
0.04873949579831933,0.06974789915966387,30221.42239513734,19658.60180415046,10476.932539700369
0.017434620174346202,0.052303860523038606,26947.239621262514,33181.42590417757,19014.06780672104
0.02669902912621359,0.03337378640776699,17922.854906447847,10643.286986773453,11384.5224861126
0.038461538461538464,0.052564102564102565,19253.89704995662,13102.907825427817,13095.148363645882
0.010479041916167664,0.059880239520958084,19054.895145744824,14255.45458002581,12118.933946506579
0.03202846975088968,0.06494661921708185,9161.245912815497,9727.3578743549,9605.839411937968
0.028833551769331587,0.03145478374836173,19839.884291106016,18346.438339640048,14107.600626852456
0.029465930018416207,0.058011049723756904,13950.01027341672,13799.019984831633,12600.102665878883
0.04116222760290557,0.05569007263922518,16988.3939681764,10253.634725084386,9260.17774959114
0.03978779840848806,0.04111405835543767,16473.844834787575,13976.541019891733,12203.726209120625
0.01405152224824356,0.04332552693208431,11347.64788734354,10431.027744638728,10856.034149543337
0.034782608695652174,0.043478260869565216,18524.402786117687,17252.459188003617,15178.717758676947
0.02528735632183908,0.0367816091954023,26789.19465207411,18222.283917679233,12417.823431611485
0.02862595419847328,0.04103053435114504,20364.76510235366,14586.11683157623,13576.75646934027
0.04723127035830619,0.05130293159609121,21500.679254950046,25049.048164643064,19530.74735669057
0.01644736842105263,0.04111842105263158,34856.732266149,17206.759655053844,14929.035068057152
0.012269938650306749,0.05112474437627812,32334.21610406043,18128.415947713573,13316.356592498963
0.05327868852459016,0.0706967213114754,19689.27207734131,16153.189516763297,16061.452846589176
0.05466237942122187,0.0707395498392283,15880.253886820085,21626.457404636927,11070.97583562418
0.026101141924959218,0.028548123980424143,24879.82531880016,18270.445118830867,13690.265869870518
0.06367041198501873,0.0852059925093633,11089.558626789776,10751.238824178805,9324.391027639802
0.011286681715575621,0.05191873589164785,26411.382141145634,17222.614940755167,14383.599578842377
0.03339517625231911,0.04267161410018553,21667.894103310806,20005.829782513396,13958.518435570768
0.03273322422258593,0.03600654664484452,20970.029436826277,25467.475999044782,15448.856440109294
0.02355072463768116,0.04891304347826087,18805.05360366776,11117.737166631212,12204.169800426404
0.016666666666666666,0.03680555555555556,21303.82123954102,8608.485888677309,10696.390699587317
0.012455516014234875,0.027580071174377226,13185.554742949695,9427.99588849094,17800.754516249475
0.012145748987854251,0.022267206477732792,14539.901675481744,16506.307724757193,12557.80911303441
0.05183585313174946,0.048056155507559394,11731.820215352074,12986.769713385114,12657.389059017607
0.02356902356902357,0.045454545454545456,21711.1491129175,13041.66541286516,11860.99914778012
0.02127659574468085,0.032624113475177303,17271.536751219333,14016.58537282067,14219.980159317765
0.025145067698259187,0.05319148936170213,23670.65466801237,9507.439836594245,11362.719738829042
0.026748971193415638,0.059670781893004114,12114.001165214064,15850.705379882234,17213.52506170001
0.05925925925925926,0.04691358024691358,14039.670076762553,9849.00870286866,13343.938047664902
0.008456659619450317,0.009513742071881607,12296.723199789067,10476.916183740252,12388.062463852508
0.02203856749311295,0.04132231404958678,25319.584767680302,7373.888961632431,13036.830132261024
0.022613065326633167,0.0364321608040201,16388.578246316876,7444.323069583593,9468.821381534524
0.055441478439425054,0.045174537987679675,9907.34715515922,10482.647418734383,10437.191859011902
0.012750455373406194,0.039162112932604735,10608.203446767684,9040.896626105117,9460.71869652471
0.015655577299412915,0.07045009784735812,33842.0599016905,26378.81497097194,20107.5915217987
0.04640371229698376,0.06380510440835267,19959.83231359655,18627.237140218436,12896.038956803086
0.02669902912621359,0.019417475728155338,33593.1117286013,11197.726009194106,13982.193880468853
0.017684887459807074,0.04260450160771704,20432.456198329743,9605.211416907085,14409.31820113034
0.03492884864165589,0.03816300129366106,9456.39697664454,6904.729174324246,9913.163121211592
0.03582089552238806,0.05298507462686567,20853.974635064962,17923.43525901699,11309.541894184627
0.02077922077922078,0.03051948051948052,13992.194498338786,14039.693790294783,15193.108930322049
0.027538726333907058,0.04475043029259897,14914.006077620346,16334.600859201459,12715.862198930632
0.02743142144638404,0.05236907730673317,14042.18236723947,18481.47236068292,13767.48726385761
0.00966183574879227,0.04589371980676329,25503.753720536766,21840.126768003614,16315.354519290562
0.06459627329192547,0.04782608695652174,21379.491240281102,23160.501803289346,19464.594361141157
0.018115942028985508,0.036231884057971016,17798.93512325224,9578.515545269547,9351.528393468074
0.029885057471264367,0.03908045977011494,10284.444657473417,9946.511026839536,12943.95248564263
0.03225806451612903,0.07526881720430108,12720.708168782332,11345.100482303726,8425.004551077318
0.05668934240362812,0.04195011337868481,16522.144998609256,13671.71535741117,11105.07450878757
0.03822937625754527,0.04024144869215292,24275.451830511083,11813.67662862745,12324.940268679547
0.014184397163120567,0.014184397163120567,9377.515604177446,2850.4499923017247,13362.957682105573
0.0389344262295082,0.045081967213114756,19172.561591782167,17336.09674918854,13926.773758062443
0.04591836734693878,0.0663265306122449,14004.270477211378,7623.661866466825,13397.932214936152
0.020942408376963352,0.02356020942408377,13654.916344336267,6887.933875541483,9547.369577028228
0.019801980198019802,0.02695269526952695,22044.97025923749,23965.085286097394,16634.085237975
0.03248259860788863,0.04988399071925754,23197.93844287349,13133.14669084861,11356.238633282366
0.02386934673366834,0.03329145728643216,24723.753101377697,12548.683331103237,15313.73504237622
0.027586206896551724,0.02528735632183908,22167.343036768438,13531.475680485832,16150.756484348794
0.06635071090047394,0.07464454976303317,22932.319809560962,22864.320149894542,12982.526550090051
0.01278409090909091,0.03835227272727273,15473.97217044485,14318.330356494178,14524.33133536941
0.045180722891566265,0.05271084337349398,12438.852898579527,21837.932993335187,12907.516008842551
0.04,0.029333333333333333,9600.472509194129,12690.110214422382,11426.622318316387
0.017142857142857144,0.04,9322.49280980206,5829.5445425830885,9035.913549841041
0.02186878727634195,0.055666003976143144,11002.360105306412,7988.431744154759,9704.341564561306
0.020700636942675158,0.03821656050955414,20356.860230614482,12839.536825367702,9858.70404351104
0.014705882352941176,0.05422794117647059,7760.117940146786,6448.819619850508,13471.570801543932
0.04299065420560748,0.10093457943925234,17508.85683528087,11494.319706365599,10995.376097657927
0.017928286852589643,0.04880478087649402,21555.98610714817,16757.15009661751,12212.75567900583
0.02242152466367713,0.04185351270553064,45745.20941851795,22457.170497263847,21688.880331408713
0.0,0.08220720720720721,nan,8545.943872983271,10591.726399984023
0.034782608695652174,0.04492753623188406,11475.545797058958,12600.244466471722,10298.042202459279
0.029473684210526315,0.04421052631578947,16372.57476229704,10372.257324187618,10602.638254145484
0.0273972602739726,0.060882800608828,18306.85495208138,10817.299030698228,12463.166518922731
0.01790633608815427,0.05509641873278237,24935.759584498916,22987.792239538176,13158.88865274196
0.036414565826330535,0.0546218487394958,13669.161085619098,14225.50997582572,13543.173254359928
0.02962962962962963,0.06388888888888888,27201.837297618145,17564.582851342162,10465.737120119678
0.04771784232365145,0.04564315352697095,7015.059977646452,4309.893285621751,8385.26313569723
0.020560747663551402,0.058878504672897194,30625.23704315439,20812.30500159624,13211.223278049874
0.03506787330316742,0.0667420814479638,11013.65902575424,6404.148691667384,8201.419994503822
0.013311148086522463,0.042429284525790346,9818.068081378102,8723.358043661536,19923.200230803017
0.031185031185031187,0.0550935550935551,10196.266221420643,5150.194652845735,9218.711529078022
0.02465331278890601,0.04699537750385208,16891.54906979691,12807.079366739485,13709.755871259238
0.02650602409638554,0.03975903614457831,37266.23292839496,15290.807922407766,13036.720271635497
0.016241299303944315,0.03248259860788863,12751.809950486495,7332.903163369852,11522.733297573803
0.031578947368421054,0.07799043062200957,26088.784144057165,18739.700617922717,20084.912613881246
0.08052230685527748,0.055495103373231776,43898.96088566912,25257.653772103462,23094.150272799412
0.04904051172707889,0.057569296375266525,8775.71253496657,10520.429422424466,11733.05099901053
0.061488673139158574,0.0703883495145631,27796.26742688614,19926.296339487257,16399.986780121926
0.027472527472527472,0.05860805860805861,7977.923744953722,9422.518903218926,13447.26001212972
0.027190332326283987,0.030966767371601207,23925.419741719452,13869.301833622674,15062.001001073988
0.02694136291600634,0.06576862123613313,23477.088265307582,15373.911440078491,12370.231985360579
0.0351288056206089,0.04800936768149883,13876.960640322077,16385.655379697964,11019.878441087598
0.035,0.065,24503.501259784192,25519.56668164641,14182.667952465956
0.037815126050420166,0.05357142857142857,12590.365120659211,9835.027170336343,12834.97843895374
0.0529595015576324,0.11838006230529595,10532.69308356976,7412.5495777252345,9115.560743237189
0.01764705882352941,0.03058823529411765,7748.23003764934,9487.036877433951,12005.598179721615
0.010869565217391304,0.049592391304347824,17481.155388522096,17931.75853449852,17810.858506955778
0.01618705035971223,0.03597122302158273,18510.305519830374,13599.008457496286,12999.19086510447
0.017006802721088437,0.03741496598639456,9174.81674340748,9311.174266605514,11052.610714811832
0.034375,0.0609375,12963.139879819635,10793.461638020872,7750.2472988291
0.04554079696394687,0.023719165085388995,24546.394611907268,15670.785575904536,9697.977907546709
0.026595744680851064,0.02127659574468085,15848.762163001535,5926.517325556323,10296.698947365787
0.05974025974025974,0.08051948051948052,22196.86248621217,18350.1610327579,13798.651048185706
0.016339869281045753,0.042483660130718956,21879.139116631475,21171.909367776847,12652.433017815038
0.04780876494023904,0.03884462151394422,17399.2734514371,10711.972500685762,13727.215475921688
0.03977272727272727,0.041666666666666664,19846.554074637657,13082.012322750823,13490.098529810697
0.01932367149758454,0.07004830917874397,20117.390987071325,20881.117541336727,13142.652455250953
0.0472972972972973,0.04054054054054054,16365.025132293862,9405.400007549499,11210.165230108878
0.018433179723502304,0.04838709677419355,24441.22174863559,11747.013191684813,12286.240228733088
0.008130081300813009,0.047764227642276426,63151.75577718764,24910.945558853422,12269.737318734195
0.02154398563734291,0.04757630161579892,29673.367699241473,18267.41211119971,13037.61059790887
0.05514705882352941,0.04503676470588235,25101.75048062469,17583.736980099035,15487.72193009696
0.008310249307479225,0.027700831024930747,24413.285270256707,15392.833752415318,10135.524582946005
0.006622516556291391,0.017660044150110375,48818.99145618427,23425.512674357466,16056.260890526906
0.031862745098039214,0.0392156862745098,17145.38026645242,15862.048754621275,11679.446065580953
0.011214953271028037,0.04299065420560748,18761.75303471693,15566.981985822023,14183.636282808575
0.031746031746031744,0.03968253968253968,11388.206317218477,8122.473600683384,7988.427380191118
0.00686106346483705,0.024871355060034305,22144.65839109364,9704.811999118885,14783.39769700943
0.00929368029739777,0.03531598513011153,25923.98796877401,14152.821241741753,17417.366551705556
0.02402022756005057,0.04298356510745891,15861.919564066155,5764.924683816079,14431.07380398686
0.023529411764705882,0.04352941176470588,8691.25273674937,13375.070249631328,13087.779820786525
0.04024144869215292,0.04627766599597585,5452.563581300946,7972.4034552822295,10580.599095553036
0.03115264797507788,0.04361370716510903,34250.43130016107,20031.304289057345,14532.590031818809
0.01680672268907563,0.025210084033613446,30628.19599252141,10929.590815511405,13882.668290391135
0.04365620736698499,0.0572987721691678,19156.927092389953,18360.48556285183,12514.479653910437
0.015463917525773196,0.030927835051546393,25546.318395439503,6438.472212416401,11599.846748108352
0.05652173913043478,0.05579710144927536,11595.94467043443,10294.089592214152,11964.346989902411
0.06756756756756757,0.09009009009009009,12037.07614820545,10764.209518446305,7807.131071931773
0.014827018121911038,0.03871499176276771,14190.21670927571,15776.627007747167,11979.037772674095
0.011516314779270634,0.0345489443378119,12281.87859917122,9078.233284381298,11526.132560807173
0.10497237569060773,0.10082872928176796,16607.140556073904,14301.609456975344,14647.580370262242
0.0633116883116883,0.04707792207792208,19042.54306938114,18136.13010817093,11135.658036489278
0.026915113871635612,0.031055900621118012,12971.457551584359,7921.954871768602,10945.268401569765
0.031096563011456628,0.04991816693944354,8874.374703677773,9375.68483243797,8984.104682702104
0.04507042253521127,0.07464788732394366,13291.092250845773,8034.825424081494,7845.28144861888
0.05422647527910686,0.03827751196172249,15289.054781904955,8769.854721599457,10662.767874741101
0.0142602495543672,0.049910873440285206,28234.170799107706,19145.5352180351,15835.165041901497
0.02959830866807611,0.02854122621564482,26471.55546697148,17025.669038585387,12027.961362255926
0.025684931506849314,0.04280821917808219,16623.22496684582,9477.685014262202,10030.23465639967
0.05357142857142857,0.05357142857142857,14651.606919930746,11523.381195107033,9456.991911958448
0.028831562974203338,0.02276176024279211,15006.905731219664,9451.4294102855,11110.494510164051
0.03425774877650897,0.03588907014681892,28342.867369714946,12211.93500100915,12672.783771430895
0.020833333333333332,0.04734848484848485,15592.692031365996,15060.922159193156,9818.084614262694
0.05694760820045558,0.07403189066059225,15635.746632434177,15023.081360188475,10215.680231752005
0.021551724137931036,0.04525862068965517,23994.992937256186,13298.863708882604,12176.173066582924
0.043227665706051875,0.04899135446685879,22614.762885564214,15954.884549407743,12628.07900923154
0.051075268817204304,0.05510752688172043,36429.09969483756,25697.286771909738,15399.073074938495
0.01906158357771261,0.03592375366568915,22087.315153238203,8908.985206813522,8892.91804093727
0.011194029850746268,0.03451492537313433,13861.408151826285,11605.30723472996,9595.916488592913
0.03587443946188341,0.0515695067264574,18334.374170765073,8778.049627010352,11992.740539339848
0.015081206496519721,0.049303944315545245,23847.064865336935,18719.499480926737,15476.834041298789
0.022375215146299483,0.047332185886402756,14175.057379134532,11622.849372918936,13155.593840341064
0.015345268542199489,0.01278772378516624,38516.09900865623,29731.323153528745,15887.278454186013
0.014204545454545454,0.04190340909090909,14431.981236293874,9083.033596176521,14852.028001820769
0.038781163434903045,0.05193905817174515,9982.04768758852,7956.49746319739,9702.284161941716
0.02857142857142857,0.02857142857142857,19092.487111585528,8512.15849046795,15080.932261202623
0.046762589928057555,0.07314148681055156,28915.379089195205,18613.395190912746,19882.971515142835
0.004106776180698152,0.029774127310061602,20540.182622790308,7902.440414006136,12097.9037386209
0.04719101123595506,0.08651685393258426,14334.79149453879,9650.401107111691,9739.474165538868
0.021834061135371178,0.03711790393013101,12836.832146528366,6209.296691974472,14028.477598696294
0.029619181946403384,0.06276445698166432,28068.10026660423,21806.46175704909,15353.066766389082
0.021739130434782608,0.05570652173913043,26000.3828070524,14452.780658687865,15461.20258003932
0.025974025974025976,0.036525974025974024,23031.54322675897,16580.161565908595,14251.087217824315
0.018421052631578946,0.02631578947368421,19913.543050209544,20605.37408031958,14341.058923033219
0.017107309486780714,0.03732503888024884,22467.744301132927,13526.331319693936,11851.12190899599
0.032327586206896554,0.08081896551724138,16752.02465281653,16186.70859397524,10911.959496832056
0.0550561797752809,0.0696629213483146,24689.048285359077,21464.701584411712,16311.600998683898
0.028846153846153848,0.04887820512820513,27642.18197756653,17300.564047215026,14838.921274984017
0.031496062992125984,0.04199475065616798,20052.002211949348,17615.431350688214,12996.478321813147
0.043356643356643354,0.06853146853146853,17758.91568601074,10942.624054732343,11343.193631836013
0.034129692832764506,0.032423208191126277,36933.47939256487,33795.23980382838,14987.534384626819
0.011235955056179775,0.060995184590690206,10849.613724233608,12853.426902732572,12632.434186578841
0.01812688821752266,0.06042296072507553,12099.889575492774,8185.916561025893,9458.8857490249
0.027139874739039668,0.05323590814196242,13632.693758537089,10208.042474988773,11931.122870389258
0.06303724928366762,0.055873925501432664,21857.04390942528,17132.455953447065,17670.77718878525
0.005813953488372093,0.046511627906976744,34901.20761623358,7832.832034266895,13373.599274382928
0.027868852459016394,0.05819672131147541,21624.28664846964,14429.630752474366,10793.305849253939
0.04893617021276596,0.07659574468085106,25423.974340748005,22249.086451521525,12159.57013728724
0.018617021276595744,0.06648936170212766,12165.698801915913,4705.377194707852,8597.138713397682
0.020442930153321975,0.04770017035775128,9743.925653431126,7908.689921412349,9873.369728162343
0.04595588235294118,0.05698529411764706,17478.46947856165,12588.908238302201,14797.450575850007
0.04793028322440087,0.10784313725490197,36311.83947020506,19717.806598864285,13679.599808205749
0.010471204188481676,0.01832460732984293,29906.001186103513,13138.215076863005,16822.712944432988
0.02924634420697413,0.0359955005624297,36997.768274641,20677.742598228084,10232.425721159123
0.03415559772296015,0.058823529411764705,12237.212758718382,8629.278579093032,10999.282213858101
0.0071090047393364926,0.07345971563981042,21589.182998271728,20368.07556583681,11134.763894513779
0.029850746268656716,0.056716417910447764,14978.870927623992,9908.089586778167,10406.251244204808
0.028011204481792718,0.05742296918767507,21456.88826212191,6900.034622589746,11560.35567576061
0.028645833333333332,0.07877604166666667,27894.95560004258,19101.023392444924,19138.230768380094
