0.016826488149086303,0.026687172064411072,24203.054697636846,19354.141088216904,14212.631440924853
0.008823529411764706,0.021743697478991596,25297.65912856893,15902.778338810389,13562.550065133673
0.011179173047473201,0.01761102603369066,28808.109510501297,17490.49196828096,13202.77478363772
0.01440922190201729,0.02761767531219981,30713.5442538883,19407.880867142754,14055.151710056109
0.012554321583775953,0.019193626267503622,25470.835915162694,24397.477365902603,15872.115567862997
0.01520086862106406,0.01972493666304741,27196.857380896985,19724.106543392572,16828.412330911804
0.018448795180722892,0.021837349397590362,19266.04538011204,20739.811455068037,15559.744593687257
0.02348993288590604,0.023583146905294557,19982.659943762385,17259.58527947514,13070.136301985724
0.016954732510288065,0.03111111111111111,20604.994734982534,14276.045743982539,11689.126055084927
0.015120403210752286,0.025947358596229233,19275.32400679471,13850.620988545157,12522.292366901582
0.007137192704203013,0.012291831879460745,20585.834010669736,15033.210274277306,14838.341839556071
0.010761421319796955,0.017461928934010152,39319.78416757402,16677.580731934457,16077.193117903653
0.013929113225761965,0.016204661426010205,25224.699875187765,17888.396630615636,19165.048567473008
0.01610095735422106,0.034160139251523065,25402.06552610035,14214.5673245307,16243.544414084683
0.01126126126126126,0.01936936936936937,25417.457827633163,14172.893438423578,13350.131877733867
0.02410006101281269,0.030811470408785846,11835.77212835786,10762.91805353574,12825.839510529038
0.01547427652733119,0.02120176848874598,17914.62067590798,16432.39240120074,13419.41378774347
0.017690513219284602,0.029548989113530325,14327.461412708462,10788.957859169319,12150.64928409466
0.024377984418195525,0.025006282985674793,16565.86867251955,17743.57544714152,13290.355419755166
0.019256308100929615,0.025813413014608235,21244.67586249886,15358.807552168086,13885.963970936682
0.02763521515988946,0.03197789182787209,26672.918631403136,19279.78155168869,19696.195813034734
0.0209366391184573,0.01818181818181818,24159.63240203035,17273.66268441582,14786.460727910477
0.022929340196537203,0.03380907814693496,15292.81837462498,13950.392172761924,12037.253179178853
0.008396641343462616,0.0312874850059976,22146.969596931107,15144.474353598966,15606.53261232569
0.011920752182672936,0.028122901276024178,22984.733410253466,17444.777245969526,14119.224798490894
0.01838781575037147,0.023309806835066865,29921.540288979104,23335.523635600395,17036.900434894596
0.02192386131883073,0.029061862678450033,22442.429404319922,16312.837820603889,16194.705703486481
0.011806981519507187,0.03516427104722793,13899.707598262015,17890.97893252087,15542.649302234851
0.020454151499393308,0.022014213901889408,27244.1415017313,23696.67801172058,20406.224018727284
0.013412351840299439,0.024485339987523395,27267.569313186523,20478.242139731992,15706.813891580518
0.014701558365186709,0.04116436342252279,21257.495290256775,14368.28993725272,12824.123477460313
0.013169642857142857,0.035825892857142855,21337.309028845182,11431.175705787073,12763.64532015359
0.0191131498470948,0.03316131498470948,21607.742895785857,17910.8706967148,13811.161844416007
0.013562386980108499,0.024261603375527425,27871.14431295369,23849.77343302196,14827.208872793231
0.013632162661737524,0.03373382624768946,18894.236561687583,22815.33459195191,14907.494790403967
0.026702720973466283,0.043265168159540304,21390.62963081569,21186.92455083523,16591.193116421986
0.01322418136020151,0.03012174643157011,21367.19412436625,15366.341807341467,11091.70458580737
0.020328959526889668,0.028552947699131397,18581.664014239723,14992.456440345508,11983.016582383352
0.014367816091954023,0.025981800766283526,17094.7435415268,14915.054458277466,13646.82633645399
0.017913760304375397,0.023779327837666456,16319.36473966961,13914.974567644947,13899.36862038023
0.02373562169070659,0.04290670074858499,14157.448283325359,12372.428793356528,13514.960834769128
0.019411764705882354,0.03058823529411765,24283.080271713963,18991.57265594422,15685.685147519865
0.023506577528574508,0.026525770972611603,15665.944968560147,14664.393913486987,15197.169180846591
0.011496844003606854,0.021528403967538322,21851.20049065625,17168.895820223002,15380.630995074232
0.021691973969631236,0.029451026197230102,27470.93647887537,19492.11931320618,16446.528643855523
0.01965766247659802,0.024538646696977803,31820.283411694334,24550.67723942765,16104.523458017286
0.019489247311827957,0.038306451612903226,14289.612317122406,15282.536495263781,11387.009705257125
0.01743780516159033,0.02545919553592188,18433.959390075524,18022.70229359015,15337.121214992123
0.007542262678803641,0.020416124837451234,22384.292526477162,13886.161436883436,14164.804334032528
0.02101730837160014,0.03161427057576828,19923.313821629166,16821.384850625793,13537.471136668613
0.010596546310832025,0.02295918367346939,29388.07779090108,16464.340322944794,16187.025035341989
0.013286713286713287,0.031818181818181815,14704.265436456015,13041.009496469298,14763.75609172134
0.015810276679841896,0.019598155467720684,17417.72599652541,12452.008899611628,11822.43713509579
0.009853890587835541,0.023020727149167516,16230.322361038216,12737.69608041524,14357.660703831247
0.019009100101112234,0.03083923154701719,22163.554652654457,13525.80070642574,13830.143889653005
0.01074956420685648,0.023242300987797792,15992.673679479643,16072.74524125661,14507.1430134371
0.04033161550526552,0.033609679587721264,15217.359753332632,13361.064174088344,10952.019717268806
0.018285714285714287,0.023523809523809523,21442.9084769823,17518.046147144025,15616.573878290366
0.016939738961399612,0.02638156067758956,35393.010081407556,20417.944440563606,15638.221983539552
0.015333850931677018,0.0265916149068323,26018.293212279576,16945.711000891635,13541.799189460287
0.010470037870349743,0.023613276899086655,23834.09640572523,19831.023076102374,15974.903515035756
0.013915243516761544,0.03900484925152857,12421.20249166767,18167.658395596343,15979.468486588155
0.04850831245729902,0.03974037804600319,33036.54467374677,18061.276346819122,15812.742607537475
0.02448341725994096,0.027001215488800138,24708.425160500403,24328.267374725143,17516.697487475947
0.016180540770704705,0.028422397274856293,27169.34829399276,20439.877956609816,14868.727202848368
0.016876183915963492,0.030136042707077666,24445.307012633202,18039.316878153997,13170.79311452461
0.00935074100211715,0.028228652081863093,22320.903213263264,18679.009990203464,16011.899055338134
0.01746880570409982,0.023083778966131906,33269.24968859907,17774.80568243604,16452.071704746697
0.02276277616603437,0.032582012943539386,26829.623160902822,16090.634824078057,13890.785309148583
0.0223271790468012,0.02973379132674968,28930.070682046935,24140.01619616744,15200.76549141982
0.011540797732334481,0.02338530066815145,19596.155729755348,19508.304254258586,17745.137127436778
0.022809394760614273,0.036133694670280034,28149.294907897434,26488.907941734804,19216.9855731135
0.01586433260393873,0.03186542669584245,21363.30359841618,16013.997752277959,10323.927772074001
0.015265621819662121,0.030531243639324242,25186.258052391415,14385.700264971774,14271.04274698102
0.014766355140186916,0.015607476635514018,37544.61547905441,24215.42707230648,19116.303577628772
0.014106939704209329,0.02354948805460751,21897.1671894844,23725.503702591406,20222.828562587438
0.015983676245536472,0.014283285155585785,19193.738606890383,19188.696188872662,16673.506122346855
0.026235652377605997,0.02682126961817756,17739.289861582667,20598.635557816913,13931.550009450342
0.009427292010370021,0.024039594626443554,19472.51344421858,14533.23567331979,12238.94239717268
0.018417991469561846,0.031407522295463355,17687.84342994352,12465.439229628397,15200.553930456177
0.023748268355432416,0.023847219473580053,21050.429638086312,15427.353276933709,17058.256961499894
0.007465618860510805,0.01807465618860511,23694.025873008493,21737.111175288148,18193.66458736291
0.02744107744107744,0.030134680134680136,21164.14248467054,22967.012554184046,18271.22208300285
0.024091703905187487,0.02370312803574898,26042.31432926557,19177.66859618224,16569.952221223826
0.022922102124487514,0.01621319418561312,19494.236757010218,20720.119440146394,15106.72176045481
0.01276978417266187,0.022482014388489208,19460.503452557496,15336.158690580964,15104.965202202846
0.011752577319587629,0.022783505154639175,19795.44261043715,21732.904430776125,15606.529581973064
0.018123355743934522,0.022069570301081556,27910.04835989238,18136.482608307913,16832.235764492543
0.024531956100710135,0.030557348827200344,29079.44127285063,19655.319619554273,14437.675833777937
0.012526435659671384,0.02635431918008785,14098.19790545401,15530.238093525113,12347.28206262757
0.023952095808383235,0.025253840145795365,14563.589078294923,16073.330194568496,14337.565877531786
0.02347897100857493,0.03031849734585545,17007.782848879713,16927.15448813974,14439.766445220612
0.02998661311914324,0.027710843373493974,16986.5080317144,12649.568203737028,14339.232590292488
0.03586712859180762,0.03596902384348889,38067.245550675405,18967.64607506673,18576.2753241366
0.012471131639722863,0.0302540415704388,26949.752329770665,15850.977351806707,18587.172198027765
0.017190484459107484,0.030039937489147423,28813.241752001024,19855.640106612427,18117.80965292123
0.007292445774121167,0.01131264023934181,25344.198909413044,22623.523690777714,18342.22361830201
0.026365745623286228,0.03701750685509386,22596.588514542167,19992.919143222236,14584.559130327947
0.025972006220839814,0.03211508553654743,19284.610671137656,18371.096262105926,15732.862915302447
0.02225519287833828,0.02744807121661721,28957.097657525454,23904.31892550041,14914.552537223777
0.023958927552766685,0.03698421753185016,20951.501208309655,19564.760355353512,15970.689051785354
0.012467532467532468,0.021558441558441558,22371.300123626566,22968.715473645192,14801.222836098494
0.012795905310300703,0.031269993602047345,14370.479943383969,13583.299618884681,13203.398740731362
0.010731148948347403,0.024610101588210045,28326.96666467915,16689.302813791135,15308.744590972065
0.02161507867888639,0.02360366591734394,22670.05585622156,16741.201342359673,16404.85195099048
0.02391713747645951,0.021092278719397364,29549.760545583096,12315.164798881367,14119.736271278824
0.034606205250596656,0.026352426412092282,23645.670359159434,18943.00798792858,16889.78269019821
0.011407618659604808,0.021694846200855572,17744.713980290075,17858.317412500204,14133.498416287259
0.016872160934458143,0.02227990482370755,29952.2980651631,19345.561117851466,15398.250200347986
0.03093812375249501,0.03313373253493014,32347.13551750999,26243.80893030031,20764.489180762615
0.007892527287993284,0.021662468513853905,26865.873572740096,18249.25717446473,16476.172666401762
0.02390438247011952,0.03696325807879593,23746.615871014965,19114.013051218873,15547.645700099178
0.022862368541380886,0.023205304069501602,30887.30179353534,22163.403944586164,18151.99222840625
0.02323503127792672,0.029579982126899017,18588.68567707356,14426.859054645389,13189.626054751148
0.007624085887661428,0.014159016648514081,28924.55012959307,19251.263458615424,17079.211308900234
0.01640230713770728,0.032534246575342464,12576.011395173971,15328.9680746883,12513.800914456835
0.0529319165682802,0.03817394726485636,33506.52363253764,21548.80926524127,20899.100420209954
0.021488133418858243,0.025657472738935216,18610.4407798404,15556.995262710156,12941.473510968632
0.010973051476520897,0.03364531224786187,24834.311562958304,20195.5757754866,17015.47581215004
0.017013955266679412,0.01385968266105907,18974.30774039663,19995.6708882918,14053.79058289093
0.004949269982677555,0.017817371937639197,19087.136868307887,25611.332778536787,14320.709768605855
0.018867924528301886,0.020677177565262342,21064.631775334303,22351.070676877094,13397.480578109275
0.016792249730893435,0.032185145317545745,25224.68586997343,18074.78242930846,18186.39140098735
0.02423343224530168,0.024851632047477746,18586.681049386436,17440.07193730393,12880.958412407957
0.011779630300833635,0.02355926060166727,27274.840055237346,21817.986001802994,18075.718898704614
0.023519350010690613,0.031323497968783406,20053.67367676801,17760.03427928407,13999.543081898735
0.02835314091680815,0.02937181663837012,24680.03769795474,21062.280473638843,15264.14182834047
0.012723584731698321,0.017794578646505625,29885.89992596586,22112.60621645719,14893.745577065416
0.016270337922403004,0.0229453483521068,22065.33861433292,16207.549832759465,13378.42720442492
0.017587939698492462,0.02328952454580595,25154.61628929407,17373.014542003126,14671.340815732774
0.015628876209377324,0.018357727611014635,21405.541786789603,14839.795055757397,13924.962232713582
0.026901669758812616,0.027087198515769944,26524.65494543359,22374.17009021658,17787.824453142723
0.011534883720930233,0.03274418604651163,27345.324350546845,17382.724023132647,16628.975795864717
0.021445305460443324,0.027302216615606417,25561.342613360837,16623.42474770283,14842.5162713136
0.01352657004830918,0.02502415458937198,19860.649689922866,18969.628426556832,16418.9844587411
0.013123812812985667,0.02408910378173027,19472.10701609283,14201.693855449472,12755.212550309558
0.01818600368324125,0.020142725598526704,20399.14714980825,20648.13637598561,16179.717746801387
0.017276194749831726,0.027821404532196545,13621.516400879267,17144.502570828146,13853.844729947301
0.016029863855950812,0.03052261747913922,25066.615086815902,24264.48401705765,16285.795185322755
0.012882717082148235,0.023088505939434498,30012.44855269295,22149.547426604437,14621.540726668478
0.02822951825713409,0.03567045105860694,29150.725227805087,20392.065580374612,17439.292169207998
0.017918414029736943,0.028402592451391536,31980.096667591828,23810.332327220895,18362.42622203598
0.013005327483547477,0.02436540269507991,24438.2619247671,22342.444376723004,16179.682993538128
0.019796535606268904,0.02309595820731372,18682.635122153184,24571.550655241543,15012.48603922837
0.006506416049159588,0.03162841135008133,22930.436520381838,19303.40023848102,14368.258572473651
0.02877180363244021,0.03740334472217227,26159.321179917362,20410.037949414753,17889.757145301046
0.0127007299270073,0.023284671532846715,19337.14562810335,19572.977267275433,16740.233976153097
0.013381078024877497,0.017621560497549944,22709.368912564423,15428.912126362524,14162.535574556554
0.008376288659793814,0.02190721649484536,19666.64719965353,13200.602905709338,14912.35171841332
0.014307516215185044,0.023368943151468907,17500.90863163255,16077.939629773586,17816.98121735486
0.02840038980927189,0.03125435054990951,31280.536965680127,22290.25734071397,17392.61804250585
0.015953716690042075,0.016392005610098178,28889.550728842463,10480.92938248546,15476.382965998993
0.020024125452352232,0.03112183353437877,19754.05673121864,20742.427536371135,15897.649306324298
0.021569527306103717,0.03086278109224415,20194.001294416936,15490.652638234118,11819.134011887516
0.013922227556409025,0.019523123699791967,21717.647798213213,19460.440203526232,14770.794130226177
0.018456748943740272,0.03391149655325773,18643.482083046478,12968.732501203789,13148.348827612353
0.023076923076923078,0.02201923076923077,14615.613759675032,15192.138255735053,13283.44901276831
0.01647940074906367,0.027865168539325844,18293.938791860008,14387.928318693204,12719.545919977205
0.01621904429717475,0.038978025810952215,18898.0245894911,15286.673305254788,12551.120321072589
0.006623931623931624,0.018482905982905983,22180.06684966035,24492.879407828626,16185.145802657042
0.018568840579710144,0.027853260869565216,27956.19457661352,21014.232678126118,17305.977889138612
0.026998826137994,0.026281466023216384,21313.5838546066,16167.14039432389,14455.34467013717
0.037561576354679806,0.04043513957307061,21699.920577248733,25572.357920935974,17879.21424873489
0.019947308995107264,0.02822732404968009,18014.22660841076,13817.112363134573,14030.323758259627
0.04068733952202252,0.031404305747580484,30413.497003952438,16811.527378458493,14654.213180994766
0.023021802103979264,0.021497179448086597,18795.179007712253,15850.415826986256,14180.606663687666
0.01437632135306554,0.032346723044397466,24835.53218830835,20682.89646489475,16370.399169493103
0.013803680981595092,0.025136332651670076,15595.059328264917,14514.927739928275,13015.97875891184
0.021624670928920647,0.033189168860473864,14279.639424034342,14459.83356621586,14503.123666903997
0.012517630465444287,0.028561354019746122,19984.54975832756,12726.203017509939,13487.565717114107
0.015320639089516306,0.02068286277084701,26717.98416637863,26984.149015041614,19379.417809495433
0.008675893410452386,0.027576946911795085,19436.172585222117,31182.368066392843,24972.845462184243
0.012599160055996267,0.034297713485767614,12156.735373432737,12862.849302333527,11869.66980886888
0.024776500638569603,0.02848020434227331,31999.228369163906,19530.728507337313,22072.90770281292
0.01424079896430553,0.022655816534122433,16485.65620557334,15344.554529296733,14108.570775539345
0.00820217246730215,0.021724673021502994,24010.715189332404,16708.884322606726,15294.05928669353
0.025196568977841314,0.023588277340957826,19911.47527388655,17813.021613896988,13788.164152667301
0.011129144447020635,0.031996290285184324,18357.81553397267,19797.809974442876,18863.193906471373
0.02264413865180282,0.01628636126110434,29866.49583708657,17211.699424060644,17097.241327330936
0.014700339238597813,0.020260082924990576,20728.96193804917,15060.341780431729,13593.200769961708
0.032070555221487274,0.03617959510924033,18211.991293532752,15674.500293934272,15693.421881455408
0.012192418532476169,0.0300376856572822,33104.53008647849,16375.218748848622,15430.973366642142
0.017351598173515982,0.016894977168949773,27963.640861827873,17828.91641028811,17323.880811749583
0.013874873864783047,0.020560040363269423,28479.92581484927,14810.228305882929,15837.95101574747
0.008706467661691543,0.02327647476901208,14716.612965792885,17879.891255211278,14431.048400169637
0.020754064337599448,0.0512798339674853,24095.406769565066,18390.598495979953,15387.755720232386
0.01826136579798364,0.026440935894997148,21932.58672700235,21223.172356110335,18859.294451121987
0.011960969468051622,0.021246458923512748,12849.866068626672,11503.496378633547,13672.104404119073
0.011084984884111521,0.019566677863621096,28968.681551877038,18270.359204173237,14554.068804900897
0.027762803234501348,0.03261455525606469,8719.417977127367,8727.260539774285,12460.313355992805
0.010740402193784278,0.027993601462522853,26066.472520432188,16576.05925300715,14555.643795808694
0.009634457353357892,0.017497874752054405,17347.616327290212,16395.732128197647,14003.127701270687
0.0404244567963618,0.04135085059794509,43989.619191871774,34608.42832279978,20963.695255366118
0.016771488469601678,0.03029350104821803,22834.092673516152,19325.635263545642,13056.84146241096
0.011746280344557557,0.024960845732184808,24600.71886723227,17170.089354286363,17123.112903928362
0.019157894736842106,0.025894736842105262,26217.7366132462,19822.058302935682,20215.85150985121
0.016195206218959188,0.03012308356726409,24822.336138799797,16113.209626785409,14628.518284995216
0.024430740037950663,0.04364326375711575,30846.81299100979,24153.254650996845,16522.2950715532
0.015253062167783684,0.023226253755488792,32021.72347919383,20011.160622257947,14919.29281026996
0.015977175463623396,0.020114122681883024,29597.054820676392,21575.870531812667,17004.925493064075
0.013580246913580247,0.017181069958847738,18187.386388948606,12818.170745314974,14757.340659851152
0.014519906323185013,0.023302107728337237,16518.531258260184,20472.608928398702,13987.913419764896
0.03008562832677621,0.030432770192085165,24522.396079995986,15527.329464557111,15052.404858255466
0.01855351314207181,0.02551108057034874,21229.68952583568,21328.019544642186,15847.5760612116
0.019398159661775678,0.03071375279781149,25690.851264436787,20318.32981948504,17083.61591253982
0.022244897959183673,0.020510204081632653,40876.69824715823,15122.572574565906,16203.705259084076
0.016109785202863963,0.0256563245823389,26711.059980743645,15558.949346323972,12147.367865294022
0.01434878587196468,0.0235467255334805,20732.6283020279,14554.842372579762,16197.512043243683
0.01569423929098966,0.02344903988183161,21014.90070919814,20365.75703808931,15472.755229567094
0.01594488188976378,0.030905511811023623,19654.22216842481,21403.082107924423,13157.548370436187
0.009137730520019937,0.024256521016780195,29528.0198738102,27638.448503609812,17691.10959820055
0.02089764901448587,0.02897174067917359,23011.414157474428,16809.44796505571,12668.185269649475
0.013526266121421831,0.033265177728845546,16805.83981329349,15171.539434400283,13196.217109853824
0.014305310601606898,0.018028610621203214,17574.862612657555,16679.37622253734,14593.026400022134
0.01118995633187773,0.026337336244541484,21353.49031635968,16463.69370660394,12503.807632190306
0.02004593860931301,0.029233660471914804,16376.883378637103,16744.46721991526,15645.337048303549
0.024551117625503847,0.034353242946134115,17547.190222050118,13225.136172474486,13078.708139336182
0.02132579650565262,0.03301644398766701,14842.160622611984,9487.317731639589,9895.731337859943
0.02156514006224989,0.02879057358826145,17416.780138580565,15478.641657945147,14414.47537678528
0.01523880319643189,0.022951124326333394,26326.516144050307,27001.63488189279,15120.63773516145
0.014032496307237814,0.027603397341211228,24525.077258188725,16341.436033274174,14563.446990627757
0.0260407115349349,0.04006968641114982,32620.745955564227,21326.20977630149,14448.89050658697
0.017615176151761516,0.028342366757000904,15103.195102902655,14874.009924810223,12732.638439371038
0.012987012987012988,0.028361344537815126,36563.649417398425,19674.664069218612,15881.216337153162
0.013131976362442548,0.024458305975049246,18095.031513799524,14602.021455162278,15074.758835076238
0.02504334424966288,0.026873434790984398,21082.55766592976,18271.366908572534,15639.32258526891
0.022226173541963015,0.02329302987197724,25332.902134603984,17893.482113844453,13607.491083664325
0.021754894851341553,0.02767706067198453,24438.410626811772,23836.269998710533,17431.05114952907
0.027128297362110313,0.03259892086330935,22526.274517736296,20341.57989319217,14747.157896788467
0.00902230971128609,0.02526246719160105,16166.650241795836,22460.10830972183,17791.349186767387
0.016344888108819657,0.02122641509433962,27639.42661404641,22856.672731327002,15953.146530454898
0.021628239134870435,0.03162619873495205,27095.87881975647,20006.39261644567,16697.5299447245
0.021869983948635634,0.025581861958266453,15533.614219858819,15832.649052448778,13563.705068253523
0.015770144739684598,0.017390365089652193,22864.881293048937,17237.66292764776,14292.968669657328
0.02702209238634289,0.031769216724484205,24467.469603293564,21282.494346689084,18798.152826155474
0.02504251043437935,0.028211470088112537,24816.808180599037,19659.1269618011,14283.23327224138
0.01977848101265823,0.020490506329113926,32002.588113845086,22231.40395357653,17767.26180587182
0.020527859237536656,0.03391984359726295,19898.213257259136,14813.690481117323,15198.868908265329
0.02391920623671155,0.025513819985825654,37717.379924187095,28239.318013032233,21921.636481404665
0.015524311657879321,0.02606912712360867,26714.322537044256,11879.089285667633,14159.96266740944
0.01534330648254699,0.020713463751438434,23706.963813805934,19609.847022982514,15896.155715934263
0.01639344262295082,0.024846311475409836,21678.67019611475,19683.21530625298,14910.309062157017
0.02149822695035461,0.022495567375886524,18175.449872951674,20090.882829893104,13182.197341959993
0.013771442377385841,0.03309978255617299,24774.560912529567,20817.77999412206,17175.007426347347
0.02133502323616392,0.02165188001689903,17697.15878296992,14275.45046654761,12954.41738035937
0.02097315436241611,0.030306208053691275,17820.04343522534,14061.16972349763,13427.348841254874
0.02630063351890958,0.032635822614705316,13385.001250689293,13019.325727241056,15340.816576826146
0.029544599171998493,0.022675950319909672,31558.487833405525,20310.228051438542,15820.016282005321
0.02401129943502825,0.031275221953188055,19142.443193334217,20470.947620401723,16768.159366705342
0.013401403956604978,0.024143799191661347,22008.37453643922,21171.16497105077,16046.455965721869
0.02002152852529602,0.03293864370290635,23600.907318568003,20529.229750588573,16981.32339524014
0.013739802490339202,0.026620867325032202,29226.981926935125,19272.376541151807,16371.415017910893
0.024824081313526192,0.03625879593432369,23215.24122568462,22537.615724900366,19035.823759620245
0.01741001564945227,0.028462441314553992,27311.002393509418,21094.870173570274,18129.020863861966
0.024863138686131388,0.02645985401459854,30795.819844280326,19320.238004015515,14767.934767411873
0.013871374527112233,0.021017234131988232,28196.636451175174,22277.490214505033,16336.40375650888
0.012881227505209319,0.03315021784428869,16415.119042479302,22320.90637672564,14070.189149070306
0.019321500786340148,0.028195911031228937,14597.81152594185,12679.32343379673,13322.08146634008
0.02770330652368186,0.036528150134048254,19159.4887290044,17968.570160570445,17820.661859894153
0.005994702356057437,0.01756587202007528,15698.00913233112,20055.647168035095,16537.168750301196
0.028205641128225645,0.03110622124424885,20686.718966354452,18004.142692390884,14402.176253584745
0.023420479302832243,0.03431372549019608,23859.84883777705,15126.576681552218,10967.85725664392
0.013335802926467865,0.02185589924060011,27216.768566955583,20050.607019590607,13885.167983552066
0.012795275590551181,0.031003937007874016,12569.732173655,12935.576753933665,12524.526088910168
0.013630463003028993,0.021743833838165295,16394.997584348752,17121.354525690767,14127.106355853952
0.01771182383915749,0.03398755385351843,16276.551920573309,12363.022816954612,11575.131201308182
0.01684352366515075,0.029728819268991073,14025.165211394587,14976.672379074787,13380.94031123497
0.022867194371152155,0.03616974494283202,19778.81127375517,19068.34463752925,13583.913761976884
0.028982649842271294,0.027996845425867507,22474.964957142995,17919.55277411448,15901.690045310816
0.017483846446218167,0.026890916001520333,31040.688002687322,18017.127959586654,16282.607565471057
0.021780503277648553,0.033833791499259885,19483.059729146593,16605.319718427963,15266.075521172737
0.03313201035375324,0.024072476272648836,18094.511926515097,16983.198161020773,14325.018373359939
0.02023565573770492,0.02920081967213115,24732.525601780537,18169.835928752505,14960.616184675455
0.01845889675896115,0.03402017600343421,25003.63787688492,24795.789878209813,16590.985222334166
0.01717391304347826,0.03358695652173913,23034.612942361622,18369.186850816495,14238.994430164466
0.025153244557176074,0.027795392094694567,24263.718522533873,15597.51305036289,16335.365762405068
0.0148989898989899,0.026641414141414143,31415.589885560625,20970.2584671965,15387.609911294532
0.010070257611241218,0.02622950819672131,26380.32983076181,14745.528637394003,14119.705536296888
0.020103388856978748,0.03116025272831706,16771.145509777292,22445.653108469432,16835.917698248944
0.019852262234533704,0.025469375192366882,22169.030397101367,22118.55967491095,16377.838490230115
0.020163487738419618,0.03092643051771117,33201.95526483364,23547.72728394804,17976.096535951765
0.024659696192542907,0.02791477608995857,20938.333361025707,21561.502978840228,13800.593580106428
0.01594896331738437,0.019238437001594895,22050.09711810884,17753.115808531,14643.026518344275
0.02060782681099084,0.027789342214820982,22509.193223762297,17528.390232072543,13409.0866749932
0.017740429505135387,0.03478057889822596,28996.770417859323,14578.927167849219,12797.70738589075
0.014495889225443532,0.028883600173085243,16797.453700242084,15851.032534533822,11999.08306285467
0.041666666666666664,0.04532358156028369,24918.766686061055,14589.80479398049,17171.017538644894
0.02620899560365235,0.02519445383834968,18811.332397290822,17233.33143794533,20541.978440341965
0.01837440553393861,0.03512753999135322,12639.426350487998,14349.132190175054,11006.178331415844
0.011473229132025274,0.023279015630196208,14816.330817532882,15208.880607088386,14773.42002079206
0.018964259664478483,0.028446389496717725,14444.246617463645,17644.50561750375,15372.288028093233
0.012276487856952229,0.02949025887376568,15282.787162656125,12511.280248957151,15068.81405016933
0.04516317016317016,0.029574592074592076,20769.51267918519,18263.751581590077,14934.674843185156
0.018642803877703208,0.025540641312453392,30238.39907192533,22819.995102005098,17069.090971437567
0.0172069825436409,0.03117206982543641,24372.062812965538,13555.751637439187,14243.476694253653
0.009989297181591153,0.03621120228326793,23672.390994232603,23476.222283884465,18554.337750831153
0.015750727615134394,0.025423728813559324,27092.18722506558,21853.7998992093,17152.965859399497
0.014204129447942597,0.033387025918875386,17017.33077821869,14720.440747248016,15668.264339415138
0.021802608526377262,0.0368892349620401,24433.856462884512,20114.571904235512,17989.06068936523
0.013579246047831374,0.019355492501013375,14352.272545208834,11960.657812757008,10593.963542546568
0.021657250470809793,0.0288135593220339,20089.562032260965,17033.49230770418,14433.625053132613
0.027086788280818133,0.03427307904919845,26203.857683798513,16280.492253052525,13442.01352038377
0.01517706576728499,0.026349072512647554,20747.35903268697,16283.748010485013,11733.8959774805
0.01762632197414806,0.035840188014101056,17800.24805198755,20268.205720928672,18096.87617607931
0.013874924592801126,0.0322742811180374,13525.061068943181,18444.57863244334,12651.386597474291
0.011856710393541877,0.03002018163471241,22981.120780877412,15449.081759967443,15938.791595185437
0.022171388351222947,0.029033960936125286,32050.376300517135,16374.67372235011,15826.253837126957
0.021150855365474338,0.023950233281493,21203.86938687691,20075.365497299437,13093.854421719485
0.019454163750874737,0.031350594821553536,25598.064224374313,23641.247049732057,18255.983376464155
0.008975797403430037,0.027408238499759575,26379.38754223839,18354.205265371358,15186.862932704995
0.012862287772251757,0.026925055736580345,17370.32889500906,13243.153194397937,10044.81812752671
0.01867572156196944,0.025709434877516372,26414.08852923175,13352.513800416134,16871.783115473765
0.02277766579318686,0.02570046361620641,24306.022766629474,18808.70270342218,17196.972114225606
0.032640949554896145,0.036138194150063585,16354.199751587576,18886.491714074295,13299.081855523007
0.02160337552742616,0.02312236286919831,24477.64447780427,17394.385773661048,16228.147977372317
0.053983456682629515,0.03722246408358729,31194.522853142116,21087.66912851738,15957.284688237089
0.021016166281755195,0.029214780600461895,20796.891710077754,17301.865190762546,12456.040143758331
0.01928754182247589,0.033457980712458174,27343.72576383071,18482.088346062566,14694.556038034843
0.016673614005835766,0.029908295122967905,19525.753197379978,13651.42276646723,12489.314776035204
0.013544973544973546,0.019153439153439155,25239.372803547914,19856.77566737886,16553.35760153135
0.015543034777540314,0.02720031086069555,23133.82181753854,15640.646132699021,13026.461599591832
0.01751998639224358,0.027045415887055623,27723.02797073414,19649.505377320274,14301.58158264875
0.013286713286713287,0.019230769230769232,28690.846344430494,19152.006198374776,18983.040755555518
0.02097723202865183,0.03172166794576618,18361.06541116179,13869.810164595066,16411.492795681235
0.020474550325296593,0.022770761576731725,25600.73018719228,12882.402829480929,14932.111142868298
0.012333736396614269,0.022249093107617895,17738.625789492635,18225.989828776786,10868.707362132083
0.023030029351998195,0.029803567396703545,18242.02886805414,15749.809751009683,15809.854276524027
0.010403120936280884,0.037897083410737505,17687.3833305075,18174.47395807376,13499.082516426992
0.007706727765048948,0.018746094563632576,18774.788752220167,19843.427491300412,13266.720834470167
0.02276176024279211,0.027735626369920757,19260.108856718685,18177.14619314677,17643.306965384127
0.01692126909518214,0.027497062279670977,16683.871367275548,15219.313799369651,15740.604598810763
0.0204868154158215,0.03498985801217039,17627.526547726586,17453.783527155672,13508.391670532093
0.02866439417415556,0.037108769755190577,29408.648428125893,19165.611145395116,14816.59872288473
0.01274685816876122,0.04452423698384201,22380.023150350597,21018.19156924171,16688.44738143692
0.020222634508348793,0.02458256029684601,19581.537839877827,19364.761638608044,16906.851683291916
0.017140631086871836,0.019185820023373587,19482.638302823216,20744.880916500133,14706.388845923613
0.011757520232096504,0.028172240036646815,28881.77105851233,16375.407833080357,13193.834601553968
0.008823529411764706,0.03190045248868778,22899.888571173615,16902.157905774155,11712.357296593287
0.015282730514518594,0.01260825267447784,28858.66455363705,14183.374831967256,17716.685529769005
0.02503561978424588,0.023203745165886424,28565.039036478396,17057.8581407481,17307.576093152413
0.01437908496732026,0.02969187675070028,15228.823079856282,15363.995640494348,11864.241360238366
0.018564872757613683,0.024196912807676264,22445.719954343556,12366.841841315281,12397.120698121582
0.020418084589207585,0.03330092367525522,19593.221098476497,17662.603572755237,15187.462324307753
0.0248046875,0.0234375,22456.816991683354,16781.60243119894,14005.60247432687
0.009186954524575103,0.028938906752411574,17040.80874309106,18385.161659917572,15166.91983700921
0.017079121645172533,0.023701638201463926,18317.213739140694,18580.650092653086,14587.17289577412
0.025141297992594035,0.026505554472812318,18478.651866250333,15022.769892771135,12586.34206199231
0.024145902902645774,0.0342923195479065,21874.076307362862,14415.102746614377,13696.011993765333
0.01086715457972943,0.030383677090263916,24039.44599633832,18375.13040632528,16646.055229222435
0.010587612493382742,0.02845420857596612,30785.19604455702,18435.191304509342,14777.585584416718
0.009942270686337396,0.02237010904425914,24650.248212579856,13029.533240176082,12343.193081361354
0.019853056120056275,0.02555885571361576,13025.661387189291,13821.604503885008,13171.179587809096
0.02108087389804523,0.025392870831736296,25391.395220266724,18938.564116056164,16214.881955556526
0.013523527232308262,0.026491293071507965,16417.987562554794,13389.949742506695,11522.382010323116
0.02331390507910075,0.018838467943380517,19161.40055201566,13921.980602016507,14522.910665707741
0.015313563441905688,0.022605736509479824,24155.15519043763,16773.640987473344,14104.807974705436
0.02473341232227488,0.026214454976303318,17913.26959634976,14490.120425880814,16636.939978995415
0.015077424612876936,0.027404237978810107,27747.1948295712,17657.385255805988,16428.29394295361
0.00980392156862745,0.020479302832244008,13928.896135555684,14667.664847014328,13518.202844634285
0.017063989962358847,0.025094102885821833,15541.01086123778,13488.434716211017,13581.539093701038
0.009708737864077669,0.026280549045865416,32175.63554256201,20389.28088388789,15666.487492986973
0.023950131233595802,0.03740157480314961,22750.736450813954,11672.450749649837,13118.653715163755
0.015728476821192054,0.02673841059602649,25392.966633400127,15706.797322354329,14680.075610243186
0.018582755203171458,0.021927651139742318,29102.055010853474,13686.346325771105,15678.667857624067
0.02414885193982581,0.03711401425178147,27060.896427745734,17807.394738830662,17974.27239921093
0.01609868283504077,0.030106627639556762,38047.19969703997,22721.255694076623,16054.953154223136
0.025197628458498024,0.0327733860342556,21414.54431687761,16905.500124485417,19777.95842522954
0.008266129032258065,0.02379032258064516,23370.601334542902,20053.406719814673,14446.005866790107
