0.029850746268656716,0.05863539445628998,7489.568325273273,6582.577002696476
0.012129380053908356,0.009433962264150943,12818.53013328658,2993.301602156523
0.019538188277087035,0.047957371225577264,9540.394256625113,11754.988448902477
0.04639175257731959,0.030927835051546393,5197.914496456417,10369.365236592077
0.027649769585253458,0.02880184331797235,17180.958846460242,13564.579111249293
0.02119460500963391,0.028901734104046242,12639.898696016266,10389.308808375297
0.04225352112676056,0.07605633802816901,16283.072627512804,10619.043842492505
0.0580964153275649,0.06798516687268233,11918.249518187215,8627.456983265381
0.011961722488038277,0.023923444976076555,8747.474710422513,7651.857715159296
0.011804384485666104,0.04131534569983136,6108.238375849635,8693.620239755179
0.044897959183673466,0.05170068027210884,12192.133907525238,8899.422202796752
0.06850961538461539,0.0733173076923077,16187.675638399884,12964.642562232666
0.07879656160458452,0.04512893982808023,11418.017252555761,6966.265156529652
0.01583710407239819,0.058823529411764705,10507.44899116163,8431.06852227345
0.04046997389033943,0.04242819843342036,11705.264090192793,9500.35904457783
0.08505154639175258,0.11146907216494846,22219.99553104382,17435.626176616865
0.003861003861003861,0.02895752895752896,9219.195819591376,6822.95467239701
0.04606240713224369,0.06835066864784546,9979.927308157447,8424.017593580793
0.007518796992481203,0.02506265664160401,13033.002409872412,10267.946479531898
0.04556650246305419,0.07881773399014778,9020.441729140815,8788.786933600773
0.032467532467532464,0.02353896103896104,18451.639519044234,18564.093488596536
0.032663316582914576,0.0728643216080402,17438.07185843077,13291.475563264208
0.020958083832335328,0.016467065868263474,10509.744460399568,4951.210728529728
0.014492753623188406,0.04606625258799172,8813.504379209373,10661.824996522802
0.011764705882352941,0.03137254901960784,5870.993597032352,10135.490473144246
0.0670995670995671,0.08766233766233766,11235.248850938278,6455.1626903874685
0.027548209366391185,0.01790633608815427,11371.954587780245,8791.020253133744
0.03711790393013101,0.05131004366812227,11844.416513036253,13805.110073286347
0.04815864022662889,0.056657223796033995,6565.461462773506,5230.338843537417
0.02027027027027027,0.04222972972972973,6920.574860293673,6788.113988684949
0.0449438202247191,0.04157303370786517,12648.836464906075,5105.871602023191
0.01916376306620209,0.042682926829268296,16496.850453260908,12838.451856943948
0.012953367875647668,0.07772020725388601,20172.983661088394,14177.19119753421
0.05228758169934641,0.04411764705882353,12216.02620143109,4304.693168005894
0.012987012987012988,0.025974025974025976,10182.95962379875,9475.750178502436
0.033482142857142856,0.05022321428571429,19097.77389399895,11787.245401624725
0.013157894736842105,0.04868421052631579,5581.525663426681,12027.82102849547
0.026685393258426966,0.061095505617977525,8401.288535484757,7270.156284664165
0.019880715705765408,0.015904572564612324,10558.031121451293,8411.510133795779
0.03204047217537943,0.04047217537942664,13906.264065554276,12414.778167841738
0.023391812865497075,0.02729044834307992,12326.130623305406,8455.884379041569
0.02536997885835095,0.0613107822410148,7262.953184223184,7473.684410557556
0.035555555555555556,0.02666666666666667,10131.052023936241,8379.699388290188
0.020674646354733407,0.023939064200217627,4959.600351325322,7360.503961884178
0.03329864724245578,0.04266389177939646,9561.368907572793,4218.539976337991
0.03259604190919674,0.025029103608847497,8761.118170718482,7720.842318159653
0.023965141612200435,0.09368191721132897,12807.095818985905,15651.57189829581
0.037848605577689244,0.049800796812749,12119.514914476786,4475.040294184233
0.0,0.02154398563734291,nan,5335.348499047824
0.04986522911051213,0.04649595687331536,9880.296211082683,4034.77642634519
0.07125890736342043,0.060570071258907364,16715.21193934819,15106.807805620567
0.006666666666666667,0.035,3183.170921628247,9867.43287334495
0.031654676258992806,0.03741007194244604,26853.981763938387,12237.498146030626
0.005025125628140704,0.01256281407035176,4474.05294361543,3437.5332929062934
0.022222222222222223,0.025925925925925925,15324.130478211046,7425.607178703252
0.011804384485666104,0.02782462057335582,4541.200725213398,11162.312297644476
0.03582089552238806,0.0791044776119403,14218.13708703892,9981.623996207818
0.043897216274089934,0.04229122055674518,16412.01873363012,10282.793069628162
0.03314285714285714,0.03142857142857143,19665.508578148267,6970.81344104888
0.061224489795918366,0.06836734693877551,5620.577799656589,4804.5658988604155
0.02097902097902098,0.02937062937062937,7395.102231729929,9022.355216041386
0.04918032786885246,0.08196721311475409,9879.927980768154,8730.402413064856
0.012939001848428836,0.024953789279112754,8303.177034742124,9219.123469074759
0.023943661971830985,0.04154929577464789,7738.0985757104145,5449.230480831077
0.0379746835443038,0.04746835443037975,7382.734322848452,6004.799363971509
0.025089605734767026,0.07526881720430108,12960.281685371361,8914.224719057564
0.025477707006369428,0.04617834394904458,20768.37462822423,12809.660966004718
0.02278481012658228,0.053164556962025315,13616.340166427746,8461.89154690663
0.043041606886657105,0.05380200860832138,13640.03099406876,10158.365777209094
0.008492569002123142,0.028662420382165606,11257.172656450843,4816.381816399398
0.016194331983805668,0.038461538461538464,12426.876676696866,7481.419530260332
0.04157043879907621,0.061200923787528866,13977.914958079502,8516.317608692774
0.03522012578616352,0.04968553459119497,21832.757848240515,12011.401249583629
0.05357142857142857,0.05357142857142857,10807.432649015776,5323.365004141232
0.05396825396825397,0.046031746031746035,3788.961686859715,11070.607230013411
0.042704626334519574,0.042704626334519574,6349.702341706128,4899.791353517888
0.007653061224489796,0.025510204081632654,8148.814823098623,7327.599687324686
0.030599755201958383,0.025703794369645042,9198.007626959881,9886.051575806267
0.00684931506849315,0.0319634703196347,16146.975623043347,12372.99069572013
0.0575139146567718,0.07050092764378478,18941.849003364834,8663.601629951445
0.043560606060606064,0.05303030303030303,8571.13665302014,4833.363718395862
0.01627906976744186,0.03837209302325582,4522.416685625355,6359.089332055525
0.010460251046025104,0.028242677824267783,29675.163075876248,8146.558039547763
0.0058997050147492625,0.029498525073746312,7846.441532522271,6891.599901824991
0.040380047505938245,0.0665083135391924,21993.521183828903,16295.76359882505
0.09497206703910614,0.0521415270018622,10923.370570779703,11667.859867339313
0.029038112522686024,0.04809437386569873,6891.834579604154,9544.412770601544
0.009446693657219974,0.03643724696356275,11416.42052253659,4110.087185875651
0.05788423153692615,0.05688622754491018,14383.804244557914,8560.773669993128
0.009966777408637873,0.09717607973421927,7203.108594544475,4437.848361153023
0.024193548387096774,0.06048387096774194,20042.107709423315,13688.808045538366
0.06295399515738499,0.05084745762711865,10507.84376036976,6474.92067363841
0.07743362831858407,0.04092920353982301,16393.89889422453,14092.801424467401
0.011464968152866241,0.035668789808917196,10203.110666957256,8288.665258414501
0.0471976401179941,0.058112094395280235,14397.99550905746,11002.773392356337
0.02318840579710145,0.0391304347826087,10687.53363935183,7177.275968130415
0.009375,0.0375,4926.176225744591,17964.675722377233
0.020833333333333332,0.030208333333333334,9373.367736522394,6170.47346979568
0.017350157728706624,0.05441640378548896,8941.063858912328,3129.9980262974623
0.023255813953488372,0.025193798449612403,4395.8288589430485,8370.534110652949
0.042723631508678236,0.03471295060080107,8805.99146881338,10923.849205562949
0.017804154302670624,0.03412462908011869,23238.771275754076,15860.987987323113
0.06927710843373494,0.046686746987951805,7181.497491717653,10268.639387209823
0.01818181818181818,0.03636363636363636,7685.540474941369,4915.849014428015
0.024916943521594685,0.057308970099667775,9998.436291220307,7785.458169900139
0.014652014652014652,0.031135531135531136,8100.533950175066,14087.853268416571
0.020969855832241154,0.047182175622542594,10734.723746466534,8506.96011156528
0.10973724884080371,0.03863987635239567,8147.769622333764,9603.207357509555
0.026584867075664622,0.04703476482617587,10899.882299271565,9629.895651137713
0.00804289544235925,0.06836461126005362,19252.1940451788,6247.56059291383
0.016042780748663103,0.07620320855614973,14900.04211434947,6741.713129365988
0.022727272727272728,0.056818181818181816,5832.443026271996,8062.217994178861
0.01560758082497213,0.0189520624303233,11676.909679836186,11890.34794287497
0.021258503401360544,0.0467687074829932,7295.256528419273,6422.893774201251
0.054945054945054944,0.06153846153846154,9805.65191122844,5285.7289156485995
0.03541912632821724,0.030696576151121605,13743.818373986143,11250.404021826933
0.012461059190031152,0.045171339563862926,8580.967797730862,8711.21703122746
0.011299435028248588,0.057203389830508475,3654.1385431820363,5998.244217494776
0.05582137161084529,0.09409888357256778,9559.960851482585,8979.276840315217
0.03225806451612903,0.026497695852534562,8852.907381337853,7153.911073974305
0.023255813953488372,0.06765327695560254,11628.335329513302,7837.181092365701
0.05078125,0.0859375,7300.044130928781,7894.768915371975
0.008787346221441126,0.02899824253075571,5450.418588668535,6727.284231152691
0.013266998341625208,0.022388059701492536,10270.339386788717,7829.81929899348
0.04909560723514212,0.03359173126614987,17049.78741524117,15642.098859487842
0.0288659793814433,0.07525773195876288,5907.172140014214,7506.7531435068395
0.01935483870967742,0.025,12271.150314400875,13499.361615893871
0.07805907172995781,0.08966244725738397,12451.394923110582,12986.394331801741
0.028985507246376812,0.03768115942028986,18214.552531842804,14623.034234775467
0.007797270955165692,0.01364522417153996,7935.763486573039,7290.39058412739
0.02074688796680498,0.04149377593360996,17939.56724559968,6801.379270112908
0.016842105263157894,0.018947368421052633,6454.637881683833,9077.41852084221
0.01568627450980392,0.03137254901960784,7824.387064375546,11447.72672316141
0.015015015015015015,0.04504504504504504,8744.139505857482,3076.9042224735035
0.010638297872340425,0.03343465045592705,8562.28812227335,7062.677681954319
0.025848142164781908,0.03715670436187399,11747.610350009649,7600.513258469556
0.0020242914979757085,0.03441295546558704,2820.8483854517035,14526.101730903094
0.0021929824561403508,0.041666666666666664,9795.964534655564,8165.388411228841
0.016713091922005572,0.04735376044568245,18182.56177489591,8718.289582422574
0.017632241813602016,0.028967254408060455,17385.023216141173,3278.632097866713
0.018111254851228976,0.0407503234152652,10594.871636789843,10491.112180498425
0.028199566160520606,0.0509761388286334,5866.189662358874,3790.660821162123
0.01174496644295302,0.07634228187919463,4328.021483913843,5048.149327914771
0.03188405797101449,0.059420289855072465,9732.495593640399,4482.904395112173
0.012759170653907496,0.03987240829346093,11946.816085923521,14658.500851430848
0.034220532319391636,0.08555133079847908,11119.373885496556,10988.932926340007
0.015068493150684932,0.04452054794520548,12781.040610621585,10237.21792512603
0.03471295060080107,0.038050734312416554,8186.075127373522,10037.761018897218
0.05067567567567568,0.05067567567567568,9821.513978511184,8985.030168172989
0.0024813895781637717,0.026054590570719603,10895.065920877547,10642.936594807257
0.007614213197969543,0.08121827411167512,7811.138891648548,9860.223918317846
0.06770833333333333,0.044921875,14330.08585596369,12767.569543321246
0.04905660377358491,0.05849056603773585,7064.817200512005,11353.321141347675
0.021116138763197588,0.01282051282051282,11974.601979434286,10974.63376792512
0.012307692307692308,0.04153846153846154,7410.198706029522,5553.589770015954
0.021592442645074223,0.03508771929824561,16736.406190470305,10574.325765203606
0.03455723542116631,0.029157667386609073,12050.443038698906,10072.917405292947
0.04122137404580153,0.08396946564885496,9188.456436018352,8924.789258104003
0.019559902200488997,0.019559902200488997,8185.642973510327,14159.907194377425
0.008108108108108109,0.03513513513513514,4937.3940488078815,11177.448883408828
0.004934210526315789,0.024671052631578948,11214.574733905873,12729.238858744959
0.04551724137931035,0.04758620689655172,14923.259559435077,9556.944342176314
0.0436241610738255,0.03691275167785235,5187.5396195056,8153.512687887548
0.02459016393442623,0.05491803278688524,12244.151890701898,8224.94069416738
0.03794642857142857,0.0703125,8787.891342077852,8681.079352954528
0.018255578093306288,0.033468559837728194,2690.899296243686,2235.4593562689033
0.052924791086350974,0.06685236768802229,12531.787762057565,10573.13497151996
0.08651026392961877,0.06598240469208211,19072.22645742586,19119.092686403485
0.02368421052631579,0.010526315789473684,10867.152859070775,5221.17832867781
0.016260162601626018,0.044715447154471545,11127.623828573349,7110.778450463066
0.0023923444976076554,0.034688995215311005,6365.95918363037,4102.206059094721
0.03414634146341464,0.032926829268292684,13801.910707705634,7693.745008213008
0.047619047619047616,0.05555555555555555,10471.922591999722,10232.174290530895
0.030373831775700934,0.05841121495327103,14160.996624482077,15388.850302265839
0.061714285714285715,0.06342857142857143,13891.066207259395,8236.380387544517
0.03759398496240601,0.034371643394199784,10407.65781418658,6829.626731133815
0.019189765458422176,0.03624733475479744,13870.728149036824,8048.149843573491
0.025236593059936908,0.06072555205047318,18908.3773542348,13446.137173917788
0.02564102564102564,0.05056980056980057,7191.616669240349,9254.425990379608
0.08566433566433566,0.1284965034965035,9408.945339922802,8281.013350419584
0.013333333333333334,0.042222222222222223,7485.969573435799,3858.1909575471363
0.01977401129943503,0.06073446327683616,8595.412070026237,3986.606864152678
0.03455723542116631,0.047516198704103674,19237.37102399623,16356.959136155416
0.014734774066797643,0.03536345776031434,12486.867690130304,5674.515870866872
0.024714828897338403,0.03136882129277566,15164.03574145656,9854.708567745849
0.05346820809248555,0.06286127167630058,14259.75338801018,6965.511345704316
0.014957264957264958,0.03632478632478633,7662.498038408916,4833.326435718945
0.040993788819875775,0.0422360248447205,7563.4181733790565,7698.343278715925
0.02774108322324967,0.04227212681638045,12629.998807948894,8034.6319850124455
0.0426098535286285,0.02929427430093209,8697.90919425527,8164.643967774874
0.04479578392621871,0.019104084321475624,9786.186695879012,6252.213737270952
0.017769002961500493,0.051826258637709774,20861.57679244791,19073.321589375217
0.05918057663125948,0.042488619119878605,18384.203581372716,8044.094543266526
0.007017543859649123,0.03684210526315789,17188.84939921263,9016.750854497903
0.06063947078280044,0.07993384785005513,13456.892892539587,15315.340104833183
0.030821917808219176,0.05136986301369863,13769.4520604903,10562.765757420671
0.00819672131147541,0.027663934426229508,11277.259864641837,6082.275962743657
0.04565217391304348,0.02717391304347826,10812.032819617345,6821.213380347534
0.03962264150943396,0.052830188679245285,17560.771735807135,8688.582936929351
0.05053191489361702,0.0797872340425532,13443.022483014814,9492.375410236755
