0.02240325865580448,0.032586558044806514,10889.728966566201,3973.0760510219284,4024.734955182853
0.004149377593360996,0.011410788381742738,405.4599458451112,4847.0205168653665,3719.3965255618286
0.058823529411764705,0.06823529411764706,8129.9559718752525,9309.447304786256,5045.140008706494
0.05432372505543237,0.03436807095343681,5217.041561032679,3272.580157205325,5101.682812484433
0.027135678391959798,0.03768844221105527,5601.186428449565,3335.319544018393,4432.918018803454
0.0011507479861910242,0.01668584579976985,1834.0933620759497,7259.021166795615,5315.712712652339
0.01646090534979424,0.01646090534979424,5562.722631659037,6859.484498401211,6278.761138766763
0.024761904761904763,0.05714285714285714,12335.306624456452,8690.864787711933,7141.821748123478
0.022727272727272728,0.05397727272727273,5721.320726283516,4952.9769743870875,5775.767283782953
0.00878293601003764,0.028230865746549563,6783.629105210299,5283.834217427618,5165.919582209851
0.013257575757575758,0.0,2032.196371050457,nan,4758.18627269417
0.009776536312849162,0.031424581005586594,6999.907590051115,7635.51808984274,5520.987467160316
0.031031807602792862,0.03995345228859581,5931.090365501916,7569.369430980294,4910.188251969248
0.013054830287206266,0.07180156657963446,10844.329379309711,6400.518312718695,4920.868544672034
0.017241379310344827,0.028735632183908046,5990.485404117185,2270.792665855663,3018.861454622449
0.05805243445692884,0.05898876404494382,6905.508762362512,4225.10247921244,4212.274271716374
0.025766871165644172,0.024539877300613498,6128.150488361649,3309.2604451092157,3851.1523634074006
0.03479576399394856,0.03177004538577912,6508.431486223547,5780.069451183958,4042.5367460871184
0.036337209302325583,0.027616279069767442,4846.54324153909,4828.049247858383,3572.4563779943455
0.004835589941972921,0.033849129593810444,7346.167310108789,6369.5508221028595,5289.897486058614
0.011142061281337047,0.027158774373259052,12152.042985147338,7327.881727864582,6826.84689965436
0.0125,0.08214285714285714,5947.440950144139,6133.340007380369,6054.6414965442345
0.010817307692307692,0.045072115384615384,3310.7695248263585,5635.672518808127,4460.312384040368
0.01486988847583643,0.0604089219330855,12880.043239275481,5256.191992757388,5585.012767964085
0.045548654244306416,0.046583850931677016,10183.091343246364,6896.875264734688,5604.776577173032
0.032327586206896554,0.07974137931034483,4227.011365362972,6579.794534332297,4404.94281300563
0.026627218934911243,0.028106508875739646,8541.76191398124,6671.540556553158,5267.844553900078
0.014972419227738377,0.030338849487785657,4890.680953546324,4656.497872996642,4401.18914714799
0.01238390092879257,0.02089783281733746,14669.05955792723,13063.762753310333,7929.838832021319
0.012448132780082987,0.035269709543568464,6225.637804893868,6581.348085039766,5419.867829190089
0.03314121037463977,0.008645533141210375,4600.284671020182,5776.586556457213,6176.58634267787
0.029312288613303268,0.015783540022547914,11895.345311610137,6979.9629326309905,5846.467181177652
0.020151133501259445,0.04408060453400504,4726.7178077484505,3034.326352281804,3421.716650221667
0.007407407407407408,0.03287037037037037,6339.059769557427,6446.621440261209,5273.562273937169
0.07931034482758621,0.04942528735632184,8426.056034051508,4868.079981913121,5270.99490963274
0.02631578947368421,0.02819548872180451,13481.519579661777,4108.975039866719,6295.736484124734
0.01312910284463895,0.019693654266958426,4806.410423206381,6350.65310133678,5274.183961526887
0.010050251256281407,0.03015075376884422,2143.829181436592,5589.6551046052045,4244.731533183107
0.0,0.024208566108007448,nan,3578.206195129508,4911.125641097212
0.0012755102040816326,0.04591836734693878,6745.383704770122,4501.855068474977,4986.008878610796
0.011123470522803115,0.048943270300333706,7412.198402576316,7365.776031226778,5165.317404597629
0.01729660474055093,0.03843689942344651,10484.849567369629,7676.301657835396,6545.8585770001755
0.023474178403755867,0.03051643192488263,8098.28769815694,7533.745904498029,5150.399058305212
0.015463917525773196,0.011597938144329897,4560.232619301655,5128.01477444788,5494.342649334036
0.04186795491143317,0.04428341384863124,8408.071885701238,11673.100844262162,6986.558175552662
0.006423982869379015,0.058886509635974305,12257.184353943414,6652.812033726465,6315.52043825803
0.028208744710860368,0.027503526093088856,4784.403351294491,2777.490593557916,4151.396126955881
0.02140309155766944,0.04994054696789536,7598.170791318687,7427.38352402728,4944.959524271638
0.015228426395939087,0.038917089678511,5424.710202812941,4402.656395058661,3493.821660621907
0.046511627906976744,0.05813953488372093,9661.45489733331,8141.96223938581,4992.814943304025
0.00964630225080386,0.06591639871382636,12139.388169012855,5338.3835339348225,5279.843580532465
0.018270401948842874,0.029232643118148598,7375.484262231764,6283.870261640332,4652.913418125785
0.042767295597484274,0.030817610062893082,3151.6366289263556,3082.5934727555646,4484.8865967578795
0.006435006435006435,0.01673101673101673,6132.719600708272,5562.743321428013,5960.346426220819
0.009316770186335404,0.034161490683229816,6801.879318372212,8032.200567675925,4367.318907848004
0.033092037228541885,0.05118924508790072,5333.084030513531,3458.1673573229805,4211.224871773679
0.014492753623188406,0.03542673107890499,5721.377030125834,4635.251495581606,4339.149741488271
0.004511278195488722,0.03609022556390978,4079.7259116886285,5607.266760828908,4875.261641663099
0.03807615230460922,0.01903807615230461,4654.956886278057,6940.980125918402,4651.017279833447
0.023758099352051837,0.07775377969762419,8212.475333615303,7304.500463763867,5081.522658802959
0.020954598370197905,0.017462165308498253,4298.3054641917515,3663.962436764007,5763.918866049907
0.012950971322849213,0.01942645698427382,11258.909075721156,7099.913609045632,6989.440155744834
0.013062409288824383,0.045718432510885344,2962.065651779477,2289.151382880255,3431.286772958257
0.016415868673050615,0.05129958960328317,3840.8608349036003,7304.2198374393765,5840.546623401296
0.022788203753351208,0.01675603217158177,8940.379488217734,9502.53340247213,6298.3796440423175
0.03153745072273324,0.0328515111695138,8117.428227841124,5116.432019743571,4999.61818290397
0.011264080100125156,0.008135168961201502,4771.145735556406,5000.5770937786765,4278.320032168781
0.00631578947368421,0.045263157894736845,6380.67168601351,4757.510204248655,5465.856447723127
0.03986332574031891,0.03132118451025057,5772.792191060166,3889.1983751499056,4443.230021317346
0.047674418604651166,0.023255813953488372,6806.0962510275895,9911.964208300438,5045.59616334614
0.037914691943127965,0.03949447077409163,13253.014507193075,7267.722353819745,6038.150398764479
0.02841530054644809,0.03333333333333333,8313.614308449185,8030.3858112535445,5307.921002952079
0.0069124423963133645,0.07949308755760369,13149.450564333694,5347.344581474158,4869.72150134072
0.006932409012131715,0.02859618717504333,6645.865778666285,3547.396692092145,3564.6147178763763
0.009876543209876543,0.022222222222222223,6680.553116170775,3643.4547710135967,5182.400036172822
0.009409751924721984,0.037639007698887936,5891.501926877096,3595.0753691827836,4437.601636155955
0.03054448871181939,0.049800796812749,11561.892330172965,7103.508148877225,4044.348925390913
0.02932551319648094,0.03812316715542522,6921.821897846811,7052.5742930093365,4159.84132957488
0.012285012285012284,0.038083538083538086,7381.872754730643,2589.1106717968023,4533.020962671997
0.016233766233766232,0.021103896103896104,8624.711038543433,6188.7794408346235,5796.913949612064
0.05227272727272727,0.038636363636363635,6370.7581625698485,5859.549824351884,5917.397004965754
0.008138351983723296,0.049338758901322485,5512.11161052855,4710.259511685493,4509.969487703006
0.010638297872340425,0.027659574468085105,2507.28294906674,2450.3363845924896,5161.298168791278
0.03445065176908752,0.029329608938547486,11319.604203062197,4333.995647461966,4557.941706932462
0.08440797186400938,0.043962485345838215,6106.122425858946,6869.24280225698,4605.354003204138
0.02269503546099291,0.03333333333333333,14638.460348029086,7987.653193435943,8384.338318852966
0.01804511278195489,0.029323308270676692,10384.51061524448,12964.312762089081,7953.06109961238
0.15677966101694915,0.1027542372881356,9745.341208564216,8549.875472243852,6104.651074618156
0.014727540500736377,0.04197349042709867,5375.690324351517,3553.2192766991084,3776.340358347521
0.017130620985010708,0.03854389721627409,10379.189154136071,5848.556861812196,5253.79392596415
0.0,0.023636363636363636,nan,5721.6192547748615,4797.650000544905
0.03254437869822485,0.03698224852071006,4205.798823330791,3543.7632650406554,3658.479049289908
0.020689655172413793,0.029310344827586206,8274.667035171447,3502.415418905047,4774.235003182803
0.018484288354898338,0.04713493530499076,5919.1132353441035,5016.477515848228,3877.494293913996
0.012130401819560273,0.011372251705837756,3434.542188347601,5493.990592284714,4922.209042915536
0.015544041450777202,0.03756476683937824,8454.900298056864,4644.726904558055,5668.668446944867
0.02315160567587752,0.0638536221060493,6006.141457666389,4559.17485422172,4282.954248005224
0.05433186490455213,0.04772393538913363,9329.742083093324,8002.307762583098,5801.310894470678
0.026347305389221556,0.05029940119760479,6764.339526302866,7101.007694122311,3735.66817946791
0.006147540983606557,0.00819672131147541,5138.732481249742,9077.79827739483,5876.513402986173
0.011615628299894404,0.061246040126715945,4579.169673469807,4220.905306162309,3963.2832948151877
0.02576489533011272,0.04669887278582931,4919.316020756918,6678.259017029691,6637.605096217552
0.021917808219178082,0.08356164383561644,5557.198321483802,6361.157267603758,5207.44944639121
0.0653950953678474,0.047683923705722074,8452.330646076414,5684.543686601122,4629.944286018731
0.0034071550255536627,0.039182282793867124,1669.7999193809471,6610.420803245315,5575.472215471697
0.006235385814497272,0.02494154325798909,2836.910993039788,3891.432775351576,4282.945482228015
