0.0,0.02054794520547945,nan,6616.882016507221,4071.2665876041265
0.02147239263803681,0.04447852760736196,2112.260145718403,1734.2404976914204,4712.494373887239
0.0234375,0.041666666666666664,9858.32925841344,8173.407422951168,4999.442431725684
0.0034904013961605585,0.07940663176265271,2804.7446040094055,3236.384327757045,3981.634680409129
0.020242914979757085,0.020242914979757085,10069.459587096966,7975.396331015401,5606.749520652462
0.04964539007092199,0.06382978723404255,2943.091937558019,4889.36150797097,5680.953941081383
0.006993006993006993,0.006993006993006993,6009.152940640947,943.7256042722402,4086.442353810597
0.006622516556291391,0.0380794701986755,8334.377586319204,5206.755359298761,4749.772590275471
0.019817073170731708,0.022865853658536585,8475.187294988991,4757.325980742464,4316.172707706511
0.03571428571428571,0.06043956043956044,3396.60763953947,4830.852010765303,3779.8086851753246
0.015299026425591099,0.08344923504867872,9989.095144930807,8075.81536321447,7302.705930043022
0.013358778625954198,0.08874045801526717,7692.917877984016,6330.639852774975,5040.04038562064
0.0031545741324921135,0.03470031545741325,1425.330660477699,6837.918610005893,5782.394310326368
0.0234375,0.0263671875,6378.967805486997,4316.182927419971,2896.578810220706
0.004878048780487805,0.05,3215.517520193718,3852.0244527467494,4353.940939124465
0.0043859649122807015,0.043859649122807015,766.0017834028695,3205.3980166233496,4757.565906909927
0.0,0.011904761904761904,nan,5376.584269659907,5215.463964060432
0.036458333333333336,0.06510416666666667,9015.00656209547,9727.08374076022,6158.445876573089
0.026470588235294117,0.06470588235294118,8147.232846502517,6169.8815268966055,4801.840478199787
0.008928571428571428,0.03236607142857143,4338.539212273944,7772.9568081877305,5690.09570697209
0.0,0.02727272727272727,nan,7827.949717549189,4085.977401924453
0.018518518518518517,0.037037037037037035,8838.060857392937,10008.640145391324,7745.801998909341
0.03787878787878788,0.045454545454545456,3935.4939558816104,4970.7154542886,3768.959658963636
0.052434456928838954,0.04119850187265917,3445.8082132720006,3852.3547013501025,4151.5436933604
0.0,0.034220532319391636,nan,6759.2756368507125,6337.895419721219
0.03431372549019608,0.031862745098039214,4472.9659445501175,5263.16458435376,3319.8516999922062
0.027649769585253458,0.02304147465437788,4812.721411578946,5844.446724820681,4453.647090065928
0.029556650246305417,0.019704433497536946,10967.47723197077,2783.9103422668895,5419.110206213763
0.013636363636363636,0.022727272727272728,8214.41586875359,4355.535430873026,6294.009298783475
0.0,0.02857142857142857,nan,5462.481394822096,5810.696388533961
0.04285714285714286,0.03333333333333333,13950.975190670135,8267.802829130518,5224.62541826589
0.012658227848101266,0.0406871609403255,7079.806494639336,7151.599376639579,7195.614390890074
0.042105263157894736,0.07192982456140351,9254.769849733575,5633.497917332681,6297.948141327035
0.03950617283950617,0.04197530864197531,9711.354216578347,9402.18921249644,6045.502189131256
0.029411764705882353,0.034926470588235295,11279.443270488726,8299.662877397655,5484.259307375748
0.03021978021978022,0.06456043956043957,6551.080240249898,6382.9244142819925,6273.110964088078
0.006756756756756757,0.0472972972972973,2869.5095663639495,5401.3123837615885,4748.236590386424
0.11834319526627218,0.08579881656804733,6807.911202969559,5025.280160149499,4363.605750140693
0.0072992700729927005,0.014598540145985401,23310.017230577734,9442.973556605324,5117.575796374658
0.012987012987012988,0.01948051948051948,3313.096489350754,3186.0231837872325,6250.926572122117
0.0,0.0,nan,nan,7838.944516511967
0.04659498207885305,0.08064516129032258,7029.57911655966,4010.8230047001366,4839.388867179627
0.017543859649122806,0.043859649122807015,1863.8630942086693,4130.070642616743,2743.4146045484326
0.009216589861751152,0.05069124423963134,3288.5785319251245,6336.175288592201,6503.312416600239
0.011904761904761904,0.0818452380952381,5236.605236540948,6574.151118805835,4529.356409185426
0.017761989342806393,0.03197158081705151,7716.772856418853,5675.609746201665,5007.326258608833
0.0036900369003690036,0.02029520295202952,8082.356831064747,2439.5611011058736,4181.24497261213
0.0033112582781456954,0.056291390728476824,2033.4135673344554,5961.510926433092,4493.409847561809
0.020618556701030927,0.03865979381443299,8999.382470936569,4684.852196819583,6678.246906800327
0.008,0.02666666666666667,4994.431630736955,5315.845868618248,4133.015223914334
0.026881720430107527,0.021505376344086023,4470.646254926566,3171.5543754441983,4655.727376622877
0.004081632653061225,0.04081632653061224,5754.546315374599,3647.109840094107,4469.7066557220605
0.0,0.041304347826086954,nan,4595.096369542047,4335.596498032885
0.0028328611898017,0.06515580736543909,2466.9274125049633,2942.674591300634,3793.6298978174323
0.048458149779735685,0.028634361233480177,5493.844390566533,4097.9875516090115,5987.972922743802
0.06854838709677419,0.07459677419354839,7456.937688241121,7698.02084944978,4873.867463264304
0.046413502109704644,0.10337552742616034,10827.806335530464,5258.398659710366,4738.789197084706
0.0056179775280898875,0.06179775280898876,1284.2451264876945,5432.733668975064,3782.46141597218
0.010676156583629894,0.051601423487544484,2887.59752644151,5047.970585164293,5921.985999467327
0.0,0.040123456790123455,nan,4314.6793245852305,4573.74982344234
0.018648018648018648,0.05128205128205128,6558.486049912422,8023.383094539353,5642.954237871505
0.021621621621621623,0.03513513513513514,5946.798313913245,4122.356237918279,3538.819773030787
0.005208333333333333,0.09375,9500.9394887138,5436.377879438485,5992.395802471731
0.09602649006622517,0.10430463576158941,7135.804299598716,6140.499966797959,5320.948670675205
0.013986013986013986,0.06293706293706294,10800.10468622827,3597.7657846341554,5077.883350361476
0.002070393374741201,0.039337474120082816,12683.319789251214,4024.7783306670026,3760.472566796943
0.05235602094240838,0.02617801047120419,8165.53634652913,4098.69953219913,4318.201431973912
0.01466275659824047,0.024926686217008796,18022.89712713185,12458.1999570044,5255.823778227529
0.056910569105691054,0.04878048780487805,8203.68333016332,8067.454128828705,4635.281277274702
0.012779552715654952,0.020766773162939296,7044.550631168306,4837.370705610561,5980.513544189537
0.02506265664160401,0.017543859649122806,14098.974783309055,5644.806720476286,6734.5144592760935
0.03543307086614173,0.04133858267716536,4422.5825399238565,5143.753022298549,7389.191910741482
0.0,0.08695652173913043,nan,4721.288980597169,4817.369988860458
0.015570934256055362,0.03460207612456748,7648.581183298582,11046.734231391616,5939.765281782969
0.019230769230769232,0.017628205128205128,4574.5257136364535,5419.751521621132,7169.962399477717
0.0,0.017578125,nan,9061.90606422432,7453.391052058369
0.0040650406504065045,0.032520325203252036,10415.6960022704,6638.666991264028,5606.008093937958
0.0,0.03194103194103194,nan,11122.132724972686,6406.347032646352
0.037267080745341616,0.07142857142857142,8302.416669085698,6555.453499616841,5060.006124832962
0.01627906976744186,0.011627906976744186,4035.761054928212,4553.6131083205155,3356.025785877295
0.013806706114398421,0.03057199211045365,5514.614359592102,7073.46684000479,4515.815573939167
0.017543859649122806,0.021929824561403508,3250.2407156198733,7059.134911962663,4892.649682761967
0.011869436201780416,0.02373887240356083,6740.956866878658,6505.632724519262,3708.623501605451
0.036231884057971016,0.057971014492753624,6905.06086665356,7284.417737636892,4230.6966185517085
0.10355029585798817,0.04585798816568047,7860.575913621924,4777.890189129993,4601.929521434596
0.004524886877828055,0.029411764705882353,2442.194197680792,4187.269583963929,4819.238132713566
0.0223463687150838,0.01675977653631285,4727.362569191563,4202.979937579185,5983.575650900641
0.008064516129032258,0.024193548387096774,1113.6245841496275,9311.476892155764,3857.490100275976
0.03958333333333333,0.014583333333333334,8539.210561052756,5376.362201495088,6153.294954041271
0.011494252873563218,0.02413793103448276,5985.222860489577,3622.3252591406135,4494.4709307499
0.03899721448467967,0.033426183844011144,9120.677324380764,1273.9165347324215,4664.707543676553
0.016853932584269662,0.04353932584269663,3207.2884837939823,4497.701179250465,5755.8275456511565
0.0121580547112462,0.025835866261398176,3901.401122627695,2680.3682935867014,4110.8119936144985
0.0072992700729927005,0.012773722627737226,4853.704743851047,3128.983926906872,5454.304310478564
0.0029940119760479044,0.04940119760479042,6702.782446524134,4160.505224622514,4217.232648043478
0.031088082901554404,0.054404145077720206,7906.844681653068,7382.597177448532,6185.155082823987
0.025362318840579712,0.028985507246376812,3515.6409499629635,2653.502942641927,3695.6898219329128
0.029197080291970802,0.051094890510948905,8491.001294251066,4764.635339478994,4256.999186787675
0.006309148264984227,0.04100946372239748,7472.162053587049,5854.994020543847,4814.266247489941
0.04477611940298507,0.06965174129353234,4695.745448317705,3082.632426428196,4148.748492456623
0.03296703296703297,0.03159340659340659,4097.364781626263,3078.2276311633095,4607.407501989852
0.0,0.057003257328990226,nan,4372.03522076317,4622.760972201017
0.015267175572519083,0.03816793893129771,4594.037000065371,5383.6422202186295,4706.186391104576
