0.02097902097902098,0.024475524475524476,5603.4229895338285,6924.354874795494,5706.149685705845
0.03253796095444685,0.0368763557483731,10995.61293026865,8024.878716386777,11307.913636408399
0.029801324503311258,0.06291390728476821,11285.733656740618,11513.437453946695,10842.216690140127
0.0125,0.025,24633.267075689135,9308.118807527113,11026.950136161067
0.022727272727272728,0.06818181818181818,4264.029822469387,5768.148005605125,8100.457971920122
0.009708737864077669,0.009708737864077669,17077.96225771363,7570.076888507576,6429.287995805211
0.018050541516245487,0.01444043321299639,8226.752544876415,6430.588494662066,8201.375833725118
0.052980132450331126,0.07947019867549669,17205.05612511714,11864.434493696368,6266.77745082269
0.02403846153846154,0.016826923076923076,4586.71075418637,5075.049132166917,8520.95405501057
0.015228426395939087,0.0266497461928934,12120.26077016328,11332.468131413389,7435.027640541554
0.007194244604316547,0.03597122302158273,17396.144546925654,14600.741920945124,8763.112461085133
0.01680672268907563,0.04201680672268908,25378.834972578377,4655.124898844985,8615.812502092622
