0.015113350125944584,0.042821158690176324,4785.048771381687,3703.835887201628,3966.0524095722535
0.006825938566552901,0.05802047781569966,8723.53879950155,5892.975787939898,5555.322184881832
0.0,0.08860759493670886,nan,5130.024124261678,4117.422194201703
0.021406727828746176,0.0290519877675841,5795.238375349705,6281.790212218428,6734.489523490145
0.008733624454148471,0.03711790393013101,7683.365408329512,4662.764742603276,3230.1961362973016
0.018796992481203006,0.02443609022556391,2317.3749988579034,3090.4283947666677,3654.657238044525
0.01532567049808429,0.013409961685823755,6027.0555270797595,5771.6995911606045,6632.9187494963
0.002824858757062147,0.009887005649717515,1449.9091370701353,6602.848358103777,3969.148076489156
0.04090909090909091,0.05227272727272727,12062.931161464365,9257.634314499554,5644.530624745129
0.017391304347826087,0.029347826086956522,2866.7220092696025,2336.7508526077954,3411.1209464499702
0.010752688172043012,0.07706093189964158,4144.610492526925,13746.065844541215,7855.499412253757
0.0220125786163522,0.02830188679245283,2956.824581586007,5613.017037821922,4289.754907733351
0.014669926650366748,0.004889975550122249,2911.588177498361,2541.8091295016975,3844.5379991147793
0.02181818181818182,0.03636363636363636,5288.81759480829,3267.0522443448144,4950.4664870586585
0.0,0.0048543689320388345,nan,3564.326073103446,5782.558426758385
0.033264033264033266,0.32744282744282743,5430.19835306055,4336.887756061287,4297.953148747129
0.07563025210084033,0.01680672268907563,11545.045182048545,3831.133719206128,5134.114659435801
0.012477718360071301,0.04188948306595366,9625.635396851972,6481.735829904918,6429.284434670688
0.009259259259259259,0.013888888888888888,4795.522584547036,5118.133577894309,5300.943192138587
0.0,0.04093567251461988,nan,6265.697917774402,5747.520128590129
0.00821917808219178,0.023287671232876714,3402.793733218465,4600.1212271630575,5499.392774177336
0.05714285714285714,0.045054945054945054,10550.131493104926,6800.705720047206,5908.857160117647
0.006802721088435374,0.022108843537414966,6724.883424081722,4629.958763194805,4810.4592576364985
0.0,0.036544850498338874,nan,5167.248870766758,4678.41737635842
0.0,0.011111111111111112,nan,13823.795458259749,4011.3909235067645
0.0034129692832764505,0.05802047781569966,4705.9814348457985,8844.624137137796,6840.939694818418
0.038348082595870206,0.10176991150442478,9424.483743305962,5305.2427840095925,5148.4609598440165
0.02832244008714597,0.05010893246187364,12297.46180151196,8224.47334939401,6285.241720908108
0.010582010582010581,0.031746031746031744,4395.943678569883,4912.911429855059,4095.5367327162726
0.0625,0.01201923076923077,8101.300431368609,10011.782161629835,4317.773550003884
0.015037593984962405,0.06766917293233082,8641.477260884487,6735.484324248881,7607.806587612327
0.04776119402985075,0.07014925373134329,8356.031589344464,6212.553403572265,6153.318628688796
0.005649717514124294,0.02824858757062147,11206.202276362772,5226.927613410813,4056.499942517809
0.01,0.025,3794.2554335891855,4106.007657695915,4029.144077333039
0.03349282296650718,0.045454545454545456,4264.739820180854,4021.13421974781,5349.958005169029
0.020253164556962026,0.05949367088607595,11447.989293130522,9921.419533883867,6327.956096143589
0.02576489533011272,0.027375201288244767,6282.065637651147,5268.869742917118,6819.614901339473
0.02054794520547945,0.0273972602739726,4313.015584737322,8520.401208319312,6135.311137271234
0.04824561403508772,0.017543859649122806,8158.118140473403,5371.55347901257,4301.186223754994
0.02857142857142857,0.03142857142857143,5286.454007932907,6469.962529543628,4684.401915728237
0.0029069767441860465,0.024709302325581394,2915.5307879212705,2517.862566327413,4647.247726237158
0.006622516556291391,0.039735099337748346,5553.4373818762,4007.7403873263647,5013.565907656373
