0.008138903960933261,0.02685838307107976,13957.63653135891,12740.007701495268,10049.122007831527
0.018788343558282208,0.02473159509202454,7124.673832246936,9923.01596143767,8715.814696938402
0.007161125319693095,0.02557544757033248,15706.408438316865,10019.326000866233,7910.420666985307
0.01984365604329525,0.03126879134095009,14197.789708446915,13476.836455715775,11181.137284125787
0.04303510758776897,0.034258210645526616,13368.473115047562,10310.754562543909,9940.248371465324
0.01851072780816155,0.02250736222128734,15075.683687314246,7955.0865734580675,10603.832930259488
0.002952755905511811,0.019192913385826772,16794.79639734174,13248.42001822879,8802.354988607161
0.01334604385128694,0.033841754051477595,16432.10775070405,9965.177948279397,8190.50052631715
0.014238773274917854,0.033680175246440305,23091.353392354325,10907.666721926304,10493.603272412209
0.022967101179391682,0.05741775294847921,15949.22635977325,15585.543507779477,12373.937948226272
0.01814797580269893,0.04443927408096789,13940.838278376927,8949.282075579946,8345.085058220033
0.0053404539385847796,0.03237650200267023,5019.503453149064,6687.225223411131,9317.735431862066
0.008870214752567693,0.024743230625583566,12458.15493156063,7124.011026098349,10586.68802683184
0.025964912280701753,0.028771929824561403,18192.087644429037,13401.961468086027,7776.904580251462
0.014892443463872035,0.03419746276889134,18236.293200486638,10576.458205662959,8707.915987116767
0.015664160401002505,0.02850877192982456,21559.306017252537,10729.216449950769,7263.113010786749
0.0032703488372093025,0.018168604651162792,7460.877615156253,9628.777193686767,10058.172134438386
0.01670792079207921,0.03001237623762376,17387.69652644625,11809.656258273862,9037.68817494891
0.01807802093244529,0.04376784015223597,13569.608326727224,10426.291420798829,8980.117633046977
0.005919854280510018,0.033925318761384333,20781.248097235915,12536.351008767479,10058.35146567138
0.021253985122210415,0.026567481402763018,11804.072449667476,11278.66108778071,10890.879043681134
0.02027306578402979,0.05213074058750517,12446.557798429294,15801.99309536018,10587.691214465003
0.010113780025284451,0.04329962073324905,19055.91941951861,10234.980866233713,9986.947897512193
0.016897746967071057,0.029679376083188908,8734.50352726275,9855.503350912943,7326.570762961118
0.007671480144404332,0.021886281588447652,18574.079025033392,11665.140256669332,8936.284252512347
0.00934065934065934,0.021153846153846155,14562.574973349856,11319.90466955547,9272.880293828388
0.011437908496732025,0.026143790849673203,6490.529079830509,11787.590162665467,7726.800548565452
0.019471488178025034,0.02086230876216968,14232.60474959195,10374.341383581828,8848.562740455653
0.012121212121212121,0.027878787878787878,14456.71941081988,15108.073095891574,9630.606941302798
0.02008686210640608,0.021715526601520086,18059.18019302683,7276.6390967173775,8565.573886275113
0.014867485455720749,0.01971557853910795,12616.192544827534,10869.087245103563,9676.746807768019
0.020985010706638114,0.03747323340471092,14936.783242793565,11152.613247332109,8562.460796657126
0.008636363636363636,0.014090909090909091,10255.113010173058,9458.401219650821,7774.404901505306
0.006781750924784217,0.02681874229346486,11387.880265005962,15094.431087797626,8680.481366881448
0.030115146147032774,0.042515500442869794,11500.119154703178,6721.155227228485,9375.475707542068
0.028629032258064516,0.04758064516129032,18060.758839505008,12710.917413474635,11245.995497949409
0.017229953611663355,0.031146454605699137,12756.073897357313,15637.82813808559,9207.93681962353
0.014616595457611873,0.02192489318641781,10489.759295111005,9785.889517587919,9743.13061381173
0.022566995768688293,0.0380818053596615,13130.306250484327,13280.299344301337,10831.085178896026
0.008600917431192661,0.03182339449541284,8581.888391433251,4953.962330459981,6186.472109616709
0.013043478260869565,0.031159420289855074,15477.458793644839,10234.283189751519,9091.03362854282
0.008094186902133923,0.03237674760853569,18382.5431889763,15837.913831817417,14266.883524223373
0.010582010582010581,0.022222222222222223,5310.707377385101,9019.651097840253,9297.516324063517
0.01834862385321101,0.013278609367455336,17972.42825447538,13527.416131478196,8572.294540675135
0.017094017094017096,0.027302943969610638,18680.09805390183,10455.84646224857,10277.517189884487
0.0029296875,0.02197265625,28695.61648420905,10013.3337479661,12228.621270603197
0.017783291976840365,0.01881720430107527,11086.385389124334,9721.417461631305,9931.810978682537
0.023901310717039322,0.03161141094834233,15909.886013381285,14093.733324049172,8134.564867711877
0.01070399341292713,0.03128859613009469,9308.666823840022,9830.599976494052,9074.536625168716
0.011904761904761904,0.015731292517006803,20218.493230845696,14066.15000613628,9073.048916915151
0.007674144037780401,0.02804014167650531,13273.525578608156,12636.792908567504,9056.273466799552
0.025,0.04008152173913043,7874.366325011687,9614.719787350174,8889.892921871135
0.02681992337164751,0.035919540229885055,13314.44505532182,11039.34798649069,9033.502436788895
0.017916390179163903,0.04263437292634373,10523.683280287774,8689.307837487304,7756.577794942216
0.002718622564567286,0.019256909832351607,9288.663437431924,13167.456529858646,8940.611241251318
0.0210951526032316,0.03500897666068223,16934.887802349484,15620.726041931091,10814.736954647393
0.009339080459770116,0.040948275862068964,10011.272077205047,8685.759155694248,7433.508663927508
0.01689021361152509,0.04446100347739692,12725.660889111497,13303.957005185073,8636.177757498255
0.013956734124214934,0.06036287508722959,10987.956694309789,8516.61177134684,9035.780800174623
0.014111006585136407,0.009172154280338664,16128.600452830655,10413.117501328323,12508.45081777838
0.058929645219482865,0.037582681900180395,26550.819631780407,17526.885235216196,11551.961067352173
0.01197852127220157,0.026022304832713755,10618.036041745661,11720.661267957677,8347.748320421553
0.007972665148063782,0.018507972665148063,20421.27377790216,12763.078995711663,8802.071212535706
0.008276899924755455,0.0346124905944319,12031.433927519409,11592.4895612241,8142.880731381499
0.02846715328467153,0.03795620437956204,19868.872312503147,13689.563056062245,12562.261851100791
0.022306597057427623,0.04129093497864262,11135.40869499982,9636.491584957099,8220.909532741349
0.011860174781523096,0.028089887640449437,13516.128992274233,9476.973283084613,7921.04489942538
0.03072033898305085,0.024629237288135594,11438.26495288272,13391.831755662246,9625.392624727288
0.013789299503585218,0.02785438499724214,8202.08190764183,10728.936527887834,8595.579408243822
0.012309920347574221,0.03222302679217958,6822.1419018088545,6369.878629046335,7266.618505042939
0.01061320754716981,0.038620283018867926,13912.355110825934,11203.715480590008,9723.41186630362
0.014427040395713108,0.021022258862324814,11982.503442153326,10274.628677034889,7299.339959433499
0.030357142857142857,0.045089285714285714,11720.336392259329,5075.802264225498,7500.3748021683705
0.009282178217821782,0.01577970297029703,9183.278246759011,10650.87215366508,9545.925703305722
0.010912265386294195,0.03731994762112614,11859.26739055383,9005.990911242181,8535.895555971147
0.017162471395881007,0.02545766590389016,15372.301676787665,10860.656243747544,8995.223319252347
0.01927386822052891,0.025997310623038995,12408.923060258843,13089.29261654206,9710.267278575531
0.016053511705685617,0.025752508361204015,20709.56366550567,14522.31359720106,10672.834319941683
0.009174311926605505,0.019054340155257588,12653.59231755529,8561.016036847072,9455.095070975562
0.0036036036036036037,0.014864864864864866,12841.014210990648,11639.109496919242,8783.839982725076
0.010309278350515464,0.029896907216494847,10834.164909544388,6527.492036725741,6995.9509816152795
0.004629629629629629,0.024305555555555556,10826.192031689065,5736.593558985751,8120.999622625426
0.01443298969072165,0.026288659793814433,3790.5957211975933,7429.625739556863,9094.143152664297
0.011608623548922056,0.018933112216694307,14348.193011798976,8708.859476191114,10189.492016453056
0.01311680199875078,0.037476577139287946,15866.495510583933,15879.581485191422,10613.441245139196
0.009418282548476454,0.022714681440443214,8725.07907423511,12215.300230670588,11519.60856199754
0.015251652262328419,0.036858159633960344,12367.473016368709,10759.908984468419,7734.290838307646
0.021505376344086023,0.029309746791536594,12794.180549968758,9178.372255445222,8470.223941365299
0.015455950540958269,0.02472952086553323,4363.392653149306,8024.377148506792,8492.333148119978
0.018222222222222223,0.02666666666666667,14795.261135413697,9354.244238615875,7233.302082379796
0.014611872146118721,0.02968036529680365,9502.69817016089,9817.651799873933,12564.55603990546
0.01481042654028436,0.054206161137440756,11700.682287768237,8209.17037784735,7367.646431274266
0.0099882491186839,0.02497062279670975,10508.492450499649,9448.149176883395,7836.046195981369
0.02522935779816514,0.03727064220183486,10990.4817670525,9733.161711147173,8717.862347759255
0.016083634901487735,0.04563731403297145,18134.67982280343,10070.8768172611,8694.375037359767
0.027013251783893986,0.05045871559633028,15745.910248606724,9050.578771823813,10007.726611159138
0.012789281364190013,0.018879415347137638,15113.678349219224,9244.566380896276,8008.967126984389
0.013909774436090226,0.033458646616541354,6988.873834804682,13532.806091690733,8613.438510462764
0.022482435597189696,0.026697892271662763,9108.174388898613,9954.846320727891,10602.898994877156
0.010978043912175649,0.02694610778443114,9470.140696636308,11085.740936461223,9164.17295230132
0.028153153153153154,0.024774774774774775,10898.71579343529,11205.828075625355,7982.2579335116425
0.021344717182497332,0.03335112059765208,10592.976602692444,10113.576284805977,7746.822330518257
0.007380073800738007,0.043542435424354244,9849.935573065515,7053.929422933688,8535.4616134882
0.016853932584269662,0.027808988764044945,5389.034030648398,7251.634930745127,8667.253728217374
0.008849557522123894,0.034292035398230086,13043.950205000729,11777.49222808353,8218.49563890453
0.0117096018735363,0.019613583138173303,13998.80821336676,9179.106030844549,10188.951758044857
0.011533242876526458,0.023744911804613297,10098.583419879524,12545.420780487262,8976.793735214578
0.028600612870275793,0.04136874361593463,10698.244766230957,11460.284166755431,8641.714837250285
0.020454545454545454,0.05284090909090909,11700.338984674343,9713.947514790167,8842.273827533652
0.010859301227573183,0.023607176581680833,14452.45388850227,13808.71740457971,10331.304001862245
0.01976047904191617,0.025149700598802394,13370.467387168103,11807.226336665908,9251.589775340131
0.005991013479780329,0.025961058412381426,11657.925544602398,12787.465459833786,8999.350983606932
0.007962657880285558,0.03322350356946733,11979.50576085306,15589.363859812502,13214.894389382234
0.02171945701357466,0.0334841628959276,10574.012771396616,8103.670433449279,7548.793831974855
0.006460875807609476,0.0416367552045944,16733.646264107607,12711.982114316865,10037.06352972503
0.026872498570611778,0.029731275014293884,18504.41476781546,13961.129358885972,10109.400594828096
0.0039177277179236044,0.029872673849167482,7729.691365172997,10050.073648387199,9151.691642123773
0.03299152920196166,0.03611234953187695,7788.091845874879,6606.354471660159,8068.795262990346
0.012074643249176729,0.019484083424807903,15801.732794936797,11115.829268781443,9458.05954919895
0.007784120394395433,0.01401141670991178,6148.034225409135,5202.903875531011,7609.4212024381
0.01394169835234474,0.036755386565272496,15192.497146899515,11287.889175411756,8648.468119611158
0.014705882352941176,0.03799019607843137,14138.479596287065,12854.644193412938,11078.061340832874
0.014776505356483192,0.027521241226449944,10262.760819482384,15373.686924487818,12736.399839689071
0.010752688172043012,0.02956989247311828,9400.600261753672,11579.203183038742,7541.051170608648
0.03391684901531729,0.02598468271334792,9762.162274123535,10222.836787458458,9056.950054457875
0.007412898443291327,0.026686434395848776,14849.080399825238,9094.163582489613,9445.429928525215
0.013922227556409025,0.0256841094575132,12210.896209033393,11129.77680410303,7820.198320590927
0.009169054441260744,0.029226361031518624,12944.741708505964,10227.384414896802,9092.595116002753
0.007341373885684321,0.02962768746722601,16217.907200886297,13342.646135963132,9789.514523561773
0.005298013245033113,0.02682119205298013,17839.67983406347,8046.631927662935,8431.447806858932
0.012576219512195123,0.021341463414634148,17243.888660523022,9099.130628507459,8726.595897590829
0.008542713567839196,0.02386934673366834,16501.166926973267,11296.204746510997,9514.857781726814
0.011614401858304297,0.04065040650406504,11097.03251688438,9388.247288614342,7820.471060984353
0.0036525974025974025,0.028003246753246752,9580.420525253667,6837.551181660598,7128.719537649585
0.017641129032258066,0.028981854838709676,14186.930813221605,9755.390998368473,10252.723966638046
0.01509223029625489,0.02627166014533259,10570.082218730853,7653.268436057726,8973.902283569365
0.019375,0.03859375,12745.853969445407,9154.317198043123,8952.433640723497
0.00974313551815766,0.023472099202834367,17288.944357747718,11249.440269031646,11664.688595122603
0.018101545253863136,0.05474613686534217,19599.925305741835,13899.784248246719,11438.462576153375
0.01725327812284334,0.04175293305728088,12420.73540030834,10546.218507188683,9865.379816704535
0.014278159703860392,0.019830777366472766,13792.700908679019,11307.976276005422,8575.207797199562
0.033503277494537506,0.04224326292789512,10012.60161363702,7213.776624602974,8616.079196748233
0.013153567905294311,0.023512002630713583,15289.832062728718,10394.736591702953,9012.4377051568
0.025020177562550445,0.02986279257465698,8945.824039892608,7919.7776012078775,7998.124670431535
0.01060070671378092,0.04004711425206125,14066.235865576957,13039.801717124732,9948.695444834519
0.006825938566552901,0.015823766677008997,14394.375050966408,12140.172496244659,10118.929556218183
0.01556264964086193,0.028731045490822026,13366.939140145047,9602.11479667577,7960.685801627124
0.016973125884016973,0.022866572371522866,12418.804669797986,16693.456388828046,9229.838417019739
0.015632401705352912,0.028422548555187114,16809.311576709955,12837.396405027835,10410.468313326157
0.013444598980064905,0.03824756606397774,15790.192674659887,11598.713171894096,8350.44616533581
0.019382192610539067,0.02786190187764991,9758.788852958636,10129.019211655526,10250.08110785334
0.020242914979757085,0.03475033738191633,9760.685722240221,9280.485206928717,8989.510541544738
0.01821668264621285,0.022531160115052733,12076.304704422428,11587.278531750253,10113.863038681677
0.018673218673218674,0.03538083538083538,15519.415939964927,11168.802520831761,8429.420259773446
0.02212166918049271,0.023378582202111614,13522.733968909213,8338.936823339354,7257.73141475222
0.008645533141210375,0.028530259365994237,18766.668688071928,12521.095676611216,9040.824651513725
0.009265858873841768,0.015146115466856735,9319.24328733718,8339.746976363245,9635.815436301617
0.018963922294172063,0.027983348751156337,8895.920020963507,10632.260040843801,9801.817428693703
0.014719411223551058,0.025068997240110396,10792.923676530256,7959.122963797014,7698.7712032937525
0.01833976833976834,0.02968146718146718,14960.396135172556,6669.72834004809,10492.688810010353
0.014148273910582909,0.03169213355970572,6954.865812507471,11610.501826425458,8628.371939425295
0.00955631399317406,0.025938566552901023,11583.932903228095,7967.779362930482,11042.124716835553
0.010422094841063054,0.022668056279312142,9061.564783753918,8875.901303897468,8315.49678313549
0.022714981070849107,0.03326122228231476,8649.083840852578,10309.156441375275,8036.9387374565495
0.013103037522334724,0.034544371649791544,18636.84400240565,14062.430338645547,8734.094648418111
0.010982976386600769,0.018396485447556288,10270.111034363548,13296.670250740754,9924.22849698613
0.011342155009451797,0.022999369880277253,20812.61430199596,13937.803892450911,10550.067370937892
0.019975031210986267,0.024344569288389514,20666.343021070214,8208.020144250757,8610.259068476724
0.006729475100942127,0.02288021534320323,10756.079650146607,12638.297590689323,8422.94682967844
0.03467561521252797,0.04623415361670395,16923.01939661199,11218.944030813025,9390.639268824338
0.02069351230425056,0.041107382550335574,15592.049727105134,12775.95101945866,10414.1704985096
0.013736263736263736,0.026373626373626374,6911.326034847007,6649.918795048906,7553.228726331857
0.01685613484907879,0.03430027440219522,10860.817255554972,11458.129586031495,8634.863222126336
0.012927054478301015,0.02585410895660203,10304.552925564712,8747.766305240426,8918.359165642009
0.009499683343888538,0.027232425585813805,10952.53989243511,10054.36976578078,7264.798975667917
0.006981290142418319,0.02652890254118961,14230.226492378444,14140.824509508682,10234.240052163872
0.0076263107721639654,0.03360343183984747,16379.608927184356,8084.177850518159,7239.180699274035
0.0059235325794291865,0.03500269251480883,17827.43608387682,14050.85258769715,10314.245778097018
0.008547008547008548,0.02678062678062678,12814.619137903659,7144.934218550689,8054.88713265019
0.01893491124260355,0.03471400394477318,12455.295499684435,12051.516139485728,8815.622962168902
0.01995798319327731,0.03440126050420168,15830.080215573054,12979.369504448827,12044.267558775924
0.011779041429731926,0.021324126726238832,10096.328523757245,10377.873605289002,10592.765814649738
0.015536723163841809,0.029896421845574388,13167.922910584088,12021.008778087153,8291.599298495863
0.010021474588403722,0.03113815318539728,14981.456016024184,11619.008909692697,11358.626859907497
0.01918158567774936,0.024296675191815855,16955.269897404876,20331.366168809178,12328.128542967233
0.01486374896779521,0.038604459124690335,7897.418201412592,8865.259868142122,7912.329187403466
0.008586525759577279,0.023778071334214,9375.217879113574,11340.90942424472,9323.746111944045
0.011314186248912098,0.034160139251523065,11680.673581068815,9764.14625077023,8688.687825327956
0.017615971814445096,0.0369935408103347,20257.82496702339,13115.945585646507,9286.946970956473
0.007368421052631579,0.02026315789473684,9621.28481665566,9311.025395570105,10563.959612231356
0.029394121175764846,0.02459508098380324,15244.38505266841,18703.967296067178,13113.591030085436
0.018433179723502304,0.01935483870967742,17397.69009799188,12678.528760837957,12090.953466002537
0.020238713025428127,0.045926310326933055,14740.448576995414,10551.739997314806,8853.629811066261
0.013526119402985074,0.022621268656716417,15245.233219813477,12080.924361104948,9237.619497371015
0.028683181225554105,0.042590178183398525,14160.711296421377,12236.03440286808,11465.201137571063
0.009428032683846637,0.0147705845380264,6781.068274071221,8168.645834528214,8187.853681674212
0.003963011889035667,0.031704095112285335,11647.018488995427,6266.634811504288,8594.255462392384
0.022026431718061675,0.027808370044052864,14637.828494360278,12040.519908439797,9600.949636819381
0.02042711234911792,0.025998142989786442,6482.358599719327,11251.568667502246,11017.46171069812
0.01888276947285602,0.03147128245476003,11938.772708725017,9374.454674680497,8814.465091863676
0.007088846880907372,0.022684310018903593,20652.40519064273,10140.643535588157,9062.226151112398
0.012738853503184714,0.016502605674580197,7560.667914055963,4919.616472366941,8929.067900484211
0.008232065856526851,0.017836142689141514,18760.878406028325,10811.69639909566,9458.132597551104
0.004702194357366771,0.026449843260188087,10166.850376146174,8523.781189323985,9211.44565156837
0.011958762886597939,0.031958762886597936,7024.205601216818,8939.186939835257,8194.83788634489
0.011133603238866396,0.03576248313090418,15701.643132582874,15360.080839026416,10419.818203312256
0.017075773745997867,0.03601921024546425,6932.885175547121,8876.57850357958,6768.4217623330005
0.013504823151125401,0.02765273311897106,13523.818292617518,13520.718702080765,11032.926616966974
0.02569960022844089,0.04454597372929754,6578.76512887214,7077.67500426067,6649.398672651909
0.03204524033930255,0.026154571159283695,16652.732206433182,13446.521767857972,8839.192297466889
0.01953125,0.055013020833333336,17300.80056709517,10328.553246835996,8788.781251643546
0.017045454545454544,0.04261363636363636,9630.370305079741,8984.707719434142,8379.635121496465
0.0037799244015119695,0.01007979840403192,5821.780016798845,10752.056445304579,9237.65264527599
0.002008032128514056,0.020080321285140562,18367.953423087933,9779.0833897629,8229.518687423102
0.013434841021047918,0.03045230631437528,16322.496245680904,15204.008905396226,12661.50643038446
0.032642258491398325,0.0388178209086899,12292.988950129284,10173.773307333162,9906.5325848212
0.007518796992481203,0.03441295546558704,29342.333192411563,17807.61421596579,10466.293431047507
0.015024038461538462,0.030048076923076924,15560.970853598665,13350.370811013192,9592.398918931765
0.009596928982725527,0.029030710172744723,10417.404356249725,5985.8687132579535,9316.60685560952
0.01410859341598974,0.021590423257802478,11132.63181057735,9084.843526980108,8267.317589807288
0.013103706476974916,0.02283788843129914,20619.017434587764,15817.71455277411,8731.656664747356
0.030881527231892195,0.03116226838854576,10291.974734739126,10024.75678849209,10286.0914719539
0.009529481834425254,0.030375223347230494,22523.37691478409,14526.46312795295,11763.406228111167
0.022355507088331516,0.03189749182115594,14409.109219234271,12433.434235852135,8124.351706823683
0.00624512099921936,0.01092896174863388,17228.772206698333,14261.754185420668,10113.993359748656
0.015267175572519083,0.030240751614797418,12341.364137479473,11226.301938242772,11236.33310634282
0.005824111822947,0.016307513104251603,18898.06324935498,8819.013748564392,8135.318366899913
0.015258215962441314,0.027288732394366196,13371.439112923934,8984.474346756859,10163.570082481461
0.01588310038119441,0.03907242693773825,7493.333843207942,10612.965800888744,7688.903202018701
0.012160228898426323,0.02682403433476395,16145.332811085686,13723.335259406873,9941.279640291214
0.010727056019070322,0.013706793802145411,27882.64614018823,18313.452314546015,10844.349698298505
0.016101694915254237,0.02457627118644068,5694.635906776893,10733.971507145627,7376.284308612776
0.019119608714984436,0.021787461093819474,13397.362035951035,9828.625011460575,8940.995196952246
0.01413760603204524,0.02709707822808671,8692.429093482539,11016.470903360645,7908.838145722259
0.021538461538461538,0.05476923076923077,10721.912234543466,10832.420272171476,7548.717471468502
0.03854389721627409,0.047109207708779445,17120.128984641007,10738.365563097035,10094.795983555183
0.01583949313621964,0.02481520591341077,18122.03511143633,11860.9069804339,9669.024616000215
0.005737234652897304,0.02983362019506598,17267.949108092358,13766.39266738869,11580.30360861552
0.014540337711069419,0.024155722326454035,11279.688798278958,11784.682079782067,9225.180082752486
0.015172900494001412,0.025052928722653495,19979.48864191637,8834.508358786674,7834.888594965806
0.004106776180698152,0.01457905544147844,16695.7202353641,8108.874332732286,9067.622205007989
0.013497652582159625,0.018779342723004695,9024.382325023418,7398.438579679241,6649.137787648687
0.015957446808510637,0.031323877068557916,13767.290041276363,14286.45817283144,8502.133301581234
0.024736267733721354,0.029283375773008366,15076.965190665374,11484.72715635054,9592.905017026498
0.006161971830985915,0.022007042253521125,8545.287699672264,11411.874156853963,10807.995237112546
0.019628647214854113,0.03262599469496021,13855.222990290871,9106.135550725987,10764.828764020926
0.019388954171562868,0.057579318448883664,7290.271394727092,7182.7669497589595,8048.600459720919
0.025759577278731835,0.026420079260237782,13414.0714980306,9181.029228512289,8612.600979448443
0.0043343653250774,0.025696594427244583,19851.058039104082,11265.241467647335,9751.524601931142
0.02187631468237274,0.02440050483803113,16868.58452956908,16029.83997992986,10534.589233033852
0.008584879534754916,0.028939351980060923,8948.60241468042,8792.849685553729,8602.735743498228
0.011419249592169658,0.04200652528548124,10878.412087299925,8975.256715862643,7997.119116857148
0.010588235294117647,0.014705882352941176,14859.100373538406,16489.302505894328,11570.2771662497
0.01588065447545717,0.01900866217516843,8866.837778314872,6243.260561065363,7779.181298301677
0.013267813267813268,0.01547911547911548,8216.737781280894,14716.994503031818,9188.47458390555
0.012180974477958236,0.05075406032482599,11649.186119947795,10371.589444340869,8986.220202268163
0.012675418741511997,0.02127659574468085,12697.308163364596,6779.563968620126,7987.4889071702855
0.01263157894736842,0.03684210526315789,14508.333667081679,9629.773565721642,8056.4419041322235
0.008999470619375331,0.020910534674430915,12554.92290406932,7889.122020627163,7554.696943433104
0.016593886462882096,0.04104803493449782,19149.752907168073,11908.377324682044,8769.878471632324
0.008676789587852495,0.019739696312364424,16368.477151647108,14507.482887069367,10806.635892706208
0.02127659574468085,0.027503892060197196,11424.73443075493,10511.975880527327,8192.29771223409
0.015472779369627506,0.029226361031518624,12327.338539993756,8883.313064092552,8588.563179004772
0.021388216303470542,0.033292978208232446,9167.56809310473,9861.72029722116,7952.321019532541
0.017842660178426603,0.029805352798053526,20836.380847491197,14896.960521621808,10322.574352793872
0.014968336211859529,0.02936096718480138,18831.901798254934,10171.253784155542,8470.351598020354
0.02138728323699422,0.023699421965317918,8637.023700097883,11294.455719522868,7772.358078898005
0.018091079226450407,0.046787273861509666,9836.263510157047,10676.773791754938,10472.352160811584
0.02009825815096025,0.038633318445734706,13143.714532030815,7673.101675284737,9185.515005946228
0.017293997965412006,0.030010172939979655,16104.632499356409,8390.37800972298,7775.809702356254
0.014423076923076924,0.019970414201183433,12176.596989589649,11029.85134370032,8703.740163784965
0.017720499395892066,0.031816351188078934,9129.46485770517,8022.701298122261,8328.267520660454
0.03273577552611068,0.041309431021044424,7928.745063887625,8445.89547359657,7390.453243214919
0.01410105757931845,0.031433607520564046,20542.65593397363,11102.659577787099,8885.754077738757
0.0255741127348643,0.032359081419624215,12853.039644376066,12920.584977582377,8880.386998649956
0.00729483282674772,0.016717325227963525,18584.818012961063,8637.455397666687,10089.321965691717
0.01426126640045636,0.03223046206503138,11572.948170732243,9325.18825148416,10030.889026713825
0.017598343685300208,0.030797101449275364,12060.799038313547,11162.69804529648,8993.523708315643
0.011034482758620689,0.022758620689655173,12232.553998268526,6857.294922501402,7913.754214127457
0.012490034546904066,0.03281955886260962,15999.65790042727,14226.236509893195,12696.478140582689
0.01596169193934557,0.04229848363926576,16388.892998425457,10106.157375036044,8618.359359889866
0.01673469387755102,0.035510204081632656,12108.654862223124,12472.563719151865,9425.596032656535
0.02168021680216802,0.036585365853658534,12675.83280391685,7970.89615021682,9543.02655289192
0.024154589371980676,0.025845410628019323,10783.261981805264,10390.397848122833,7680.698805666657
0.02190280629705681,0.04791238877481177,11342.982468268823,8565.26820090936,8437.173735301418
0.008246289169873557,0.030236393622869707,11994.6711863916,14031.507422379758,10414.483050279126
0.010012515644555695,0.03754693366708386,11787.56823942056,7673.212422905066,7445.050917079585
0.009809932556713672,0.011955855303494788,11575.47248703333,10226.832641729694,8452.667903464315
0.017811704834605598,0.03265479219677693,14352.809096262457,10125.894443717629,8064.900607381983
0.009366391184573003,0.03691460055096419,6119.480013539742,8129.625070560324,7633.728500904869
0.021828103683492497,0.03512960436562074,10313.18370156716,10006.065163525325,10438.945935961538
0.01291248206599713,0.032639885222381634,8301.508886364007,5899.202457554803,7094.8798383114645
0.02244258872651357,0.0634133611691023,6975.878130789004,6555.768445687176,7550.142475269477
0.004972032318210068,0.014916096954630205,14402.793238212345,11828.790673771453,9185.869900399553
0.009844559585492229,0.022538860103626945,12890.890532837613,14995.654781538175,7482.677518716834
0.0029411764705882353,0.022941176470588236,16666.551627926896,12739.679982274616,9943.042462433361
0.014363546310054482,0.03194650817236255,16158.828536040832,10737.334550872562,9524.308492483635
0.007696254489481785,0.020266803488968702,8899.63215374849,10550.266778664269,9881.879722876296
0.00899795501022495,0.03128834355828221,17620.960467106812,9840.888970437507,8211.96909730588
0.00878533231474408,0.016042780748663103,12731.783495636482,10520.236840042167,10953.300921060856
0.01910828025477707,0.029786436867740726,16511.412887820206,8499.054684439738,8905.953670066385
0.004461221688400824,0.03517501715854496,18996.991382308377,13103.899664059909,10980.16731892531
0.0044585987261146496,0.020700636942675158,8655.478397955229,6960.54298008374,8017.826947005684
0.014110150204824761,0.040964952207555756,12209.268854927064,10701.750805621377,9717.851740181155
0.011318242343541944,0.02663115845539281,15777.616090201731,6985.862559866395,7961.0687080281805
0.014803849000740192,0.02146558105107328,21105.461081260135,13549.015699030435,12084.268738765322
0.013265950726468731,0.016740366392924828,9504.453266117298,13438.177857367396,8234.035081325728
0.034059184812953655,0.057509771077610274,9654.582637717087,9478.249928079225,8513.384981834775
0.008617312965139052,0.015471993732863298,8056.356526275021,8828.784528112448,9584.050284903247
0.0077279752704791345,0.02801391035548686,16024.808450743225,11634.35990628131,9867.812122305124
0.006244424620874219,0.03233719892952721,13168.289697509634,12923.973881283342,11732.936926427374
0.0125997480050399,0.015119697606047878,11886.568603023703,10205.833531310203,9562.594364429704
0.026373626373626374,0.028388278388278388,14652.92593323387,7934.181212684455,8046.102756871122
0.011747430249632892,0.02753303964757709,13042.123897921192,10627.389115688637,9422.509909742841
0.011306532663316583,0.02229899497487437,12790.241710069091,8873.969763752299,8789.596787433207
0.007323943661971831,0.01971830985915493,16543.02496951781,9503.129987326693,8806.49764613844
0.014077897700610043,0.028859690286250586,10081.491458416791,9612.255889918393,9824.290257001896
0.007175226586102719,0.02737915407854985,20735.727043586434,17487.80957826774,14181.15606835327
0.016967126193001062,0.036585365853658534,8323.667227766164,9428.744605592783,8859.144806878543
0.031588873173031586,0.03936822253653937,16217.25024168133,11296.938929126984,11011.173026569419
0.028306742151312403,0.05069480185280494,11119.179910068953,8789.549771116312,6273.036187734391
0.004132231404958678,0.014462809917355372,6834.397677039801,13627.017531519185,10124.741945665795
0.010416666666666666,0.03958333333333333,15223.822832475122,11423.082380994525,9090.266011817032
0.026402640264026403,0.044279427942794276,17946.276214530862,10922.266080728521,8243.921352337942
0.015188335358444714,0.04374240583232078,22799.724009774265,11151.787315213509,10374.419248116308
0.020700636942675158,0.02786624203821656,10641.163351938798,9518.6748491721,8523.52557653133
0.01691216584833606,0.022913256955810146,22351.578890997338,13285.521887265382,11692.105120661654
0.008916629514043692,0.01761034329023629,14281.410626636924,11641.47983753283,8391.897755866488
0.02632964718272775,0.02527646129541864,8729.10407636598,6326.087458823585,6849.880898324569
0.01660612350804359,0.0467047223663726,9321.639284040864,11597.541278262504,8207.853260067684
0.014508928571428572,0.025948660714285716,16773.584693807574,6600.061307392801,9057.75754998146
0.012131715771230503,0.03552859618717504,6605.327944278272,6194.570091065134,7461.9423701874075
0.007133592736705577,0.02885862516212711,15548.787586992288,11571.192607253639,8872.610952501258
0.0160857908847185,0.03351206434316354,9460.329266826026,9601.531173694497,11300.271772061382
0.023622047244094488,0.04330708661417323,18761.301968381365,11360.496989361636,8585.0468120646
0.017666201766620176,0.03533240353324035,15568.561316347268,15064.87540487079,10836.150402027548
0.013416387158600862,0.029468136080498322,9852.00294794657,10477.73537091866,7565.245754828348
0.018468223791417708,0.030146659424225963,17206.520884760666,7488.687713152159,8309.267034446793
0.009556907037358819,0.019113814074717638,8289.463260308798,5683.029821781685,6776.978198254996
0.016060862214708368,0.012468300929839391,16949.52363170535,8683.195336207882,11926.013191969705
0.003188097768331562,0.021253985122210415,5292.152887124511,7119.363422248542,6320.52789700234
0.019053472649047325,0.0519360786724032,15604.00215618875,9975.492686201529,8520.969462064635
0.017308766052484645,0.03433835845896147,9910.777248139324,10769.93025141476,9339.939328163757
0.025684931506849314,0.036244292237442924,10143.83048559798,8725.340385951042,8318.857636961158
0.016546018614270942,0.02326783867631851,19335.325366073095,7577.699419235905,8248.417890099363
0.009795918367346938,0.028979591836734694,9899.040161731224,8749.725472200817,10640.931871558741
0.03343166175024582,0.03048180924287119,21149.851780454053,10271.2721124147,9828.930912125366
0.01670061099796334,0.024032586558044806,12809.012258910727,11899.836007157062,8606.651603904858
0.011291779584462511,0.018744354110207768,12233.197706360494,10352.167286074611,10518.65954323166
0.010727611940298507,0.018889925373134327,21841.137735755343,15472.284879472112,11577.996285240868
0.019195046439628483,0.030804953560371516,13944.090514333615,11662.961588595253,11021.651546081228
0.0170261066969353,0.04880817253121453,13156.424709545092,12186.778264996143,11580.488633619818
0.012755102040816327,0.0274234693877551,10563.458580168153,6677.655620204953,9453.173764706738
0.015020482476103778,0.02002730996813837,22377.567814429025,19099.84378702418,12596.584400254702
0.009402283411685695,0.03727333781061115,16400.766179483122,12647.3293171077,8887.356651364718
0.00847457627118644,0.01937046004842615,7085.8500632737105,6877.511482827502,8786.991474560587
0.011046817464492372,0.0291951604418727,12170.24119145182,9924.013320358294,8908.566953469268
0.003980891719745223,0.029060509554140128,7726.914142976582,9771.619887177463,10355.889780392921
0.011660188784008884,0.02915047196002221,25641.610600979693,8538.196922186055,9976.779577300731
0.013786764705882353,0.026424632352941176,12431.427735543688,9559.114642434604,10692.738414924106
0.014225941422594143,0.027196652719665274,14062.438836900315,10768.816019898866,8798.419294974592
0.012917594654788419,0.02093541202672606,8607.72849483544,6233.093065758749,6277.538819533088
0.008134805345729227,0.034863451481696686,19186.40367301144,18598.101104930527,9742.768978903607
0.004069767441860465,0.014825581395348838,9459.631306333904,10469.707910591285,7251.30895808865
0.021669341894060994,0.026484751203852328,10368.061954881736,6948.4723686371035,8133.4680756123835
0.017364657814096015,0.02477017364657814,17500.769759297516,13916.49241902783,8923.829073786916
0.013085052843482638,0.027176648213387014,9260.777886611915,11345.133184371842,7063.54449379848
0.009300444803881924,0.022442377678932472,12812.757408922953,6366.417154560239,8223.20473111188
0.015267175572519083,0.02385496183206107,12325.97530314921,10415.10500441167,9498.85159128715
0.01804123711340206,0.04016323024054983,11653.772443901204,10108.128246906223,8790.454105441559
0.010900745840504877,0.01778542742398164,16890.350738235156,13095.232637909787,7596.946625766422
0.017512348450830714,0.030085316569375842,13112.900566354065,9936.940061361815,8842.54487693159
0.01670235546038544,0.030835117773019272,12175.538837618982,12224.329486493536,9138.348042176593
0.02296360485268631,0.027512998266897747,13651.841980315354,10320.792610988234,10146.327107787076
0.01700318809776833,0.02523910733262487,7964.617371930856,11607.801467563033,8341.851915614738
0.018110795454545456,0.036576704545454544,12531.831581211749,11361.735643024827,9384.089532312362
0.012949640287769784,0.04784172661870503,10459.302118878832,11292.980963524116,11371.471874125398
0.012658227848101266,0.019213381555153706,15602.479820151764,7259.497513165599,10763.493738100744
0.020752895752895753,0.028233590733590733,10924.814891219836,8030.312065301908,10118.318282463093
0.015179113539769277,0.030358227079538554,20576.357134574006,13183.491549678047,10353.506374334325
0.007902298850574713,0.04058908045977012,23577.398897693147,8787.720892818288,9107.05048007751
0.012764084507042254,0.02442781690140845,19028.211357330016,7809.068021879326,8379.399306974194
0.010431484115694643,0.023233760075865337,10430.798566807582,9651.831319414128,9736.978991338006
0.02512562814070352,0.03098827470686767,13832.293031597126,10565.298434770379,9391.369100910297
0.010157618213660246,0.03712784588441331,14932.989665958374,11582.808329299656,11921.711606981646
0.009184224743381956,0.03430578065910319,7243.6359896378835,4979.464487168994,7646.5226150870685
0.007255139056831923,0.030229746070133012,14844.099730511785,13001.234459596553,9147.846988952764
0.0046487603305785125,0.021435950413223142,16303.16610932709,8735.066753784224,8717.487091794324
0.012087026591458501,0.02034649476228848,15209.389586943415,12337.109886105776,10112.012307627452
0.00463678516228748,0.02833590932509016,11928.982971168747,7312.825318990324,8346.323819500387
0.012581781580271767,0.026673376950176145,13836.726701818498,9201.463350317135,7781.550810466374
0.007669365146996165,0.02577758841073711,16151.995808254775,11613.762501871011,10417.441850647374
0.016833245660178853,0.03340347185691741,11051.601310158167,10212.857272223833,9934.213987318408
0.0070389488503050214,0.01947442515251056,10453.996666920899,10699.754541799031,7350.940443939798
0.021111111111111112,0.0375,11672.206287717177,10466.305179284695,8122.84225426412
0.028996865203761754,0.030564263322884012,13786.002755565429,11233.632005683492,7713.8001046185655
0.02258064516129032,0.03790322580645161,18264.753896904087,14144.92348723403,10065.542562680435
0.007780320366132723,0.02631578947368421,11784.351366392797,8348.39028892502,9047.664265662499
0.009575353871773521,0.024562864279766863,16677.772864811355,15302.852822398354,11530.834975437085
0.006555423122765197,0.02234803337306317,13095.632708607176,8370.678315847841,7152.832446444638
0.012827090815802977,0.040533606977937404,11476.995098768257,7540.436423893661,7035.328700530593
0.01413760603204524,0.026861451460885956,15854.3479938103,9960.37865300049,10739.2225032784
0.017699115044247787,0.03982300884955752,11518.065890350612,10902.856427713621,7264.217754120778
0.01818181818181818,0.024545454545454544,18078.755695826454,12249.710498436629,7427.720433205812
0.01303780964797914,0.024119947848761408,8442.063484628323,11269.465529376354,9777.916173160258
0.026737967914438502,0.0337309749074455,14655.866852403278,11252.590777450625,9411.017587046468
0.01835915088927137,0.030407343660355707,8075.89692207018,7204.424815596829,7072.987932948072
0.025089605734767026,0.03763440860215054,11830.421987642954,14451.037376485765,12333.179545091965
0.006497341996455995,0.03662138216184288,8792.504753356492,9129.669886201254,8354.553024387973
0.03627267041901188,0.05065666041275797,19070.4423978795,9455.143849507615,8752.684003306276
0.010031919744642043,0.04468764249886001,20499.26361357731,11907.52310875397,11964.13668181085
0.01662971175166297,0.027161862527716185,15094.375642733345,10171.906615609934,11071.367321797752
0.03227232537577365,0.03801945181255526,18154.805226308523,7944.667574024073,9201.879235419305
0.03119682359614294,0.03800340328984685,12452.655778677725,7908.6106358615825,9739.996361698384
0.019529293940911366,0.041061592388582875,13078.575337752824,11648.712532540612,8897.486547364557
0.028711484593837534,0.01610644257703081,10570.813296005936,3851.396529994223,7256.931462903605
0.013872832369942197,0.03236994219653179,21022.08178902784,22139.701398827914,13030.712226101634
0.005231388329979879,0.022334004024144868,11059.63106919273,10672.36711348213,11468.610578431624
0.004223864836325237,0.03616684266103485,8929.252533118295,11507.659937934532,10525.88694085248
0.005578800557880056,0.01603905160390516,25562.77203319839,18858.5590109618,10444.653884382498
0.013319126265316995,0.018114011720831113,16854.215635839853,12320.148616800096,7936.5952158989085
0.010011123470522803,0.024193548387096774,18884.566306130233,14836.013407663455,10427.91668945868
0.008152173913043478,0.03838315217391304,11396.339746597167,14687.446975278188,9463.0011562681
0.014354066985645933,0.02900717703349282,6228.3483084047075,8810.910656256568,7251.972749744974
0.020226537216828478,0.042071197411003236,13940.623516157235,10631.390631591472,9105.210696179316
0.013157894736842105,0.021616541353383457,15132.364982258714,12285.643478598187,9583.024032905825
0.021341463414634148,0.031402439024390244,11344.271079939626,7884.203981595806,8455.353140360454
0.014431749849669273,0.02465423932651834,7608.641680964291,7343.405463435304,6649.578091265093
0.008103727714748784,0.027282549972987576,13894.716945266238,17822.981022238964,11673.972649445497
0.011336797354747285,0.026452527161076995,18508.00611302855,12602.206372113695,11756.635228166519
0.037520391517128875,0.026373028820010875,14153.999503896946,17858.929315465342,10786.067927629874
0.0046449900464499,0.019243530192435302,8612.879213870963,8298.353186771246,8577.734122779291
0.011961722488038277,0.03618421052631579,14788.711750179215,9134.363376833222,8829.339558669095
0.027154046997389034,0.0216710182767624,14594.807120948397,13115.68036293646,8178.560609161948
0.01488095238095238,0.017261904761904763,21237.6826922892,14396.332903600383,9302.140199146777
0.029902642559109873,0.03546592489568846,13643.545011008773,10627.709109052666,11962.911116152261
0.034834324553950725,0.0437553101104503,12783.091696896845,11810.0793858004,11601.415026947976
0.0169061707523246,0.02937447168216399,15478.775919760246,11979.749221553537,9606.315818353716
0.009205983889528193,0.017836593785960874,17534.013461477058,7923.686678082146,9209.125029142457
0.021505376344086023,0.026148582600195504,16040.72108756369,10235.117549664667,9083.749048069285
0.009843659525188187,0.019687319050376375,20521.435905357765,5527.531248930017,8661.40479778931
0.01853448275862069,0.025,12613.309640646703,6792.963276883161,7423.5501579506645
0.01683937823834197,0.033246977547495685,9226.515708094794,9368.828901583529,8903.58671490186
0.014667365112624411,0.04007333682556312,11237.264590533934,9206.65155254303,8165.12460282292
0.03619047619047619,0.040952380952380955,13583.91117678528,11818.384090140857,8225.512574685088
0.009666080843585237,0.02921792618629174,22029.712824809652,11125.418362451039,8916.7433680204
0.008174386920980926,0.03678474114441417,10314.003257470358,8410.36410437185,9455.76848536864
0.032719836400818,0.02556237218813906,16504.653630320696,14355.397575375484,9926.575225948409
0.007282658170232135,0.017068730086481566,11999.656249225203,12167.229494137318,9097.551056926186
0.020486555697823303,0.03169014084507042,14564.988893021782,11971.40808392431,9739.276773934886
0.018261964735516372,0.01920654911838791,13618.758311138301,9800.159630379145,8345.49635287171
0.016675351745700884,0.0341323606044815,19371.470062016255,10586.940322060398,8905.176877600528
0.017139479905437353,0.031914893617021274,10536.79995892556,6745.07640941018,6894.088906514547
0.021516754850088183,0.016931216931216932,11458.878402919265,6995.457460662874,7380.799679231632
0.012690355329949238,0.017766497461928935,13834.208081282999,9977.93500699134,9254.01378055961
0.013294797687861272,0.015895953757225433,11095.544215103717,10527.21111406116,7780.963921929478
0.003954305799648506,0.025483304042179262,11130.079270725051,9307.199657218165,10293.84333398671
0.031118143459915613,0.0535337552742616,17157.523394084423,13632.605003525703,10810.8956449652
0.014621409921671017,0.022193211488250653,12796.465737104507,9679.031850368192,9514.356921262957
0.008064516129032258,0.01646505376344086,9838.89725191575,14289.161860775032,10179.899463425429
0.033783783783783786,0.04584942084942085,12800.493466662469,10513.024475439746,8450.784684006114
0.02745995423340961,0.03546910755148741,11454.10216879534,15330.322763410008,10102.496104071484
0.019083969465648856,0.05089058524173028,13395.333970576723,12092.31041391735,9162.339297103423
0.012508229098090849,0.02337063857801185,8563.273706818838,12305.157471075929,8097.958532455702
0.019962859795728878,0.032729805013927575,8559.979155315954,7999.33248484174,7788.834498338322
0.010288880094974277,0.03146022952117135,13722.191622847728,16764.081780030745,11373.943911153165
0.007425742574257425,0.0231023102310231,14816.037684415925,11142.175912288603,8916.698303778967
0.010938924339106655,0.02871467639015497,22937.022290876834,12909.123788175284,11085.928262035459
0.004273504273504274,0.020417853751187084,8475.473370283386,11573.962447132888,8970.87055054746
0.01647834274952919,0.028954802259887006,8637.924877824329,12831.927134849968,8819.7805987065
0.007042253521126761,0.012910798122065728,10244.343504537665,15721.111226176099,10664.562902670425
0.009192383453709783,0.04005252790544977,9155.016881310608,9790.965806017504,7136.694720267995
0.011396011396011397,0.016025641025641024,15802.52456538594,11504.551727006121,9566.23796785723
0.008344923504867872,0.01808066759388039,4743.294856403551,10478.809348729836,7884.52508178829
0.02291825821237586,0.02024446142093201,9145.112180412076,10435.838681048977,10080.83869804569
0.011448196908986834,0.025186033199771037,18015.669938223968,12333.725241445301,6906.439384356772
0.0128,0.036533333333333334,6023.422879173344,8299.99299908478,6715.592545923496
0.019130434782608695,0.03695652173913044,9821.398916442331,8774.902371066737,9474.590178305398
0.0088339222614841,0.05335689045936396,18177.33170331988,11205.80785121166,11864.183097602096
0.016,0.023,11948.223218282827,7528.029249384374,10211.096317056936
0.018063583815028903,0.03070809248554913,14714.440476794403,9476.827942485743,7366.901377231743
0.012770682953914493,0.026929483620210994,8080.205368073806,6753.581065587362,10092.782236059933
0.015096304008328995,0.03461738677771994,11190.122018074897,10581.332270814655,8350.90302523548
0.015803336259877086,0.03160667251975417,12190.679360974082,15795.593163179168,10064.488410834912
0.004484304932735426,0.024023062139654067,3043.1477941835774,7055.101526266326,7503.910192748397
0.012529365700861394,0.02466718872357087,7720.070565822239,13878.733888924362,10263.381307579102
0.01519916142557652,0.03563941299790356,10983.886582769648,9396.658436097834,8635.4615933389
0.015178571428571428,0.027232142857142858,15651.185765113767,6141.409488348874,9037.520125116216
0.014909478168264111,0.01863684771033014,15341.22736540076,9862.121311875157,8647.3698976456
0.018190757128810225,0.03687315634218289,13715.830219140857,11227.22308942818,9623.512546076847
0.009109730848861283,0.03291925465838509,21835.710361736805,13096.430301601336,14336.25353757252
0.020387359836901122,0.04094461433910975,11429.20895284833,7678.870279952024,6971.20263570133
0.014434643143544507,0.030874097834803528,17439.27382295832,14163.778382134537,8445.448746184318
0.02581834946980175,0.03665283540802213,12698.278288320726,12218.037245523,9631.697905247644
0.00392156862745098,0.0457516339869281,16553.63883254297,8074.43307917915,9229.913408964254
0.005868544600938967,0.020833333333333332,19289.84702298424,10407.609734131713,9556.96153139439
0.01720747295968535,0.03908554572271387,10142.479190971671,7497.1977504302995,7167.125878942007
0.009648127128263337,0.02213393870601589,10680.59839815573,10750.925476804367,8763.044018205337
0.013418903150525088,0.03150525087514586,18411.24295907088,9202.391653689625,10326.135809008476
0.009599096555618294,0.020609824957651044,15555.695064323823,10752.22486620473,8584.064264821798
