0.007135575942915392,0.021406727828746176,14785.643028326445,12524.046877822755,13811.234203024851
0.013923013923013924,0.029074529074529076,23023.36892550786,23898.94972684973,17782.80847733341
0.01355421686746988,0.03125,31550.811905689086,20386.846790079977,12776.894209784767
0.009603841536614645,0.037815126050420166,27562.55264791994,16999.5904353502,11328.084311546925
0.01373283395755306,0.031210986267166042,21566.427435118112,22925.971719915808,13493.644516569702
0.02802893309222423,0.0189873417721519,17270.225375866998,20572.88978681685,13271.40204419889
0.03949367088607595,0.07113924050632911,27045.91020641126,17893.546708247082,17604.007836842105
0.010668563300142247,0.0387624466571835,13600.706975159212,18778.165037937284,14536.24671467847
0.041379310344827586,0.041379310344827586,16692.01140781953,10443.534662324473,14119.143114004053
0.00253324889170361,0.025015832805573148,27363.25393397324,28181.566768795707,12514.578841965851
0.01547029702970297,0.029393564356435642,20709.659820545618,15524.414627132768,16054.573107389335
0.007960199004975124,0.01990049751243781,11875.939398067374,9629.427734391082,12238.133160306768
0.03164556962025317,0.05379746835443038,21344.32611354023,17910.81641810996,13104.573887131539
0.023340627279358133,0.033187454412837346,12359.400564575797,16905.511049536148,12749.826882352318
0.014504431909750202,0.02215954875100725,27825.49111788128,16584.713750942956,16505.02489740994
0.01422475106685633,0.021337126600284494,20614.420419303653,16742.90757227206,17476.692947275358
0.02725563909774436,0.04088345864661654,35560.75463107588,28606.770585957674,18340.481365591877
0.018261504747991233,0.02885317750182615,35116.25418857135,27188.971895599094,12417.693243306345
0.006806579693703914,0.036585365853658534,34761.079896046234,21164.87035108004,20338.33645220624
0.011073253833049404,0.027257240204429302,13741.031010930132,16220.133702034984,11529.01488559156
0.010330578512396695,0.017045454545454544,22769.96607920253,17826.126121282072,12991.596404882472
0.005305039787798408,0.022546419098143235,46405.14601704879,25226.289664617823,16276.961539795424
0.007929515418502203,0.025991189427312777,23880.15667286246,11673.671182707052,12756.548871947356
0.012459016393442624,0.029180327868852458,15966.983343145515,17930.90344279356,17162.950861059693
0.017699115044247787,0.02765486725663717,14034.279716555886,11552.013948886246,14968.647575189187
0.006705783738474434,0.03436714165968147,10423.958441290175,33591.76074131273,19594.40126463247
0.029911075181891674,0.06103476151980598,19259.37069074792,20602.650888310363,14678.175935334253
0.02366412213740458,0.03206106870229008,15031.401822421016,14197.220355825291,13762.860150378461
0.006416131989000917,0.021998166819431713,3697.2393126711063,10681.450851860844,11270.528512689843
0.016408386508659983,0.019143117593436645,20500.935420249865,15617.982055942939,14013.778652743104
0.03156274056966898,0.023094688221709007,16677.513819592452,10977.473540700874,14819.014075372956
0.029983792544570502,0.040113452188006486,37623.99741094251,18340.821994929964,16092.651840437537
0.01936108422071636,0.03388189738625363,18455.818085588537,15395.928146938035,12884.565130140596
0.005936675461741424,0.03430079155672823,35083.32034135861,19506.450648934322,17907.25667599622
0.03267411865864144,0.030524505588993982,14898.712395345376,14235.308982919418,13781.008399774522
0.011721611721611722,0.030402930402930402,21765.100762005775,14000.541532073523,13612.307782383405
0.01599247412982126,0.02492944496707432,16202.675753964577,15001.803248841536,10026.170617866474
0.019849418206707735,0.05065023956194387,25433.70205384752,13483.864908064195,13776.014550219556
0.020181634712411706,0.04591321897073663,29333.414036992843,23875.404027957222,15108.451202630238
0.016295025728987993,0.030445969125214408,12454.299699410238,12219.304146435523,11260.155195533393
0.023048327137546468,0.046096654275092935,15930.786921530153,16988.63432867587,13571.637690915048
0.011091652072387624,0.024518388791593695,21163.436395511904,19946.90765267448,13553.56900509128
0.023336214347450302,0.03673292999135696,27517.099070509546,19101.774953782027,14811.606071434233
0.015873015873015872,0.027777777777777776,13592.756145018864,13734.635520696795,12010.823592001752
0.015667574931880108,0.03712534059945504,20742.144774111315,21571.618519030333,13323.501590545484
0.016569200779727095,0.03508771929824561,18549.29376771433,15706.613483827803,13123.125491842393
0.02361005331302361,0.026275704493526276,16233.047608805891,14013.60527973004,15741.893497012981
0.006657789613848202,0.03462050599201065,16395.746823411748,12737.366525838954,14609.764309755907
0.013370865587614356,0.022519352568613652,22409.356626200188,16991.776653720222,16481.58490477617
0.022244691607684528,0.03286147623862487,27253.845067606748,27317.374222783055,16447.08406578059
0.02363896848137536,0.031160458452722063,32108.58311808189,19307.56468886616,20829.9501925416
0.013643659711075442,0.03089887640449438,32285.894101211732,19499.442252870034,15961.199592723582
0.009584664536741214,0.014776357827476038,25374.725955033948,14118.451894702235,16025.312359457663
0.050496688741721855,0.06001655629139073,18180.029270663475,16231.498524143726,14261.971987773159
0.038894575230296824,0.05578300921187308,22235.96331649069,17049.403784157443,16445.620697733877
0.01722900215362527,0.03804737975592247,29225.897050726588,25103.744940296612,18141.002951148297
0.005931198102016607,0.019276393831553974,10746.99753161866,12919.568665483584,12253.100952667795
0.01098901098901099,0.027472527472527472,7670.738468199556,25365.509989594193,14987.706568324704
0.006030150753768844,0.02864321608040201,29601.1848697668,17986.418355514463,18225.127329437793
0.03615819209039548,0.02768361581920904,24804.24652764976,13119.840667186878,17926.342977971355
0.004324324324324324,0.013513513513513514,4513.405866828249,11155.174938078648,12263.090039664337
0.00897308075772682,0.013958125623130608,25076.592231468443,20601.78761978781,13248.33530237648
0.014763014763014764,0.027195027195027196,20782.751051817188,22624.20531765864,15236.952094565315
0.012658227848101266,0.026503164556962024,18576.693654923216,23897.573131011904,19619.54625080868
0.022977022977022976,0.01998001998001998,27504.60997888748,14364.874216953758,15495.951740586182
0.011254019292604502,0.038987138263665594,30170.4722954685,14714.9308257239,18166.220269609927
0.018697614442295292,0.037717601547388784,40743.77526370955,31159.644172611133,21174.080280520837
0.019327731092436976,0.017226890756302522,25868.646419694338,31108.853048038465,13442.294179741239
0.012004801920768308,0.03721488595438175,30100.084148957256,21457.31976992215,18103.841818459707
0.019123505976095617,0.025896414342629483,47085.34778649185,21557.72191175257,14745.248019080553
0.014234875444839857,0.041370106761565835,39586.896497277994,27399.780919647656,15023.753680372127
0.021143304620203602,0.025058731401722788,14435.767528297836,19220.466938385012,13773.51435724098
0.016252390057361378,0.04158699808795411,36680.36418967824,13362.425306466406,14313.209399408961
0.022182786157941437,0.03771073646850044,30781.573961816808,23533.407326558994,13863.851754491652
0.030683403068340307,0.051255230125523014,26433.152447935197,22075.56261600944,16546.70658985774
0.0171606864274571,0.0187207488299532,27442.148559435525,16405.866608931145,17112.427698063693
0.02153558052434457,0.026217228464419477,22892.704480015735,17244.627069308546,14997.511049666455
0.02927120669056153,0.03643966547192354,22088.252415096777,19390.694399352014,14024.892005781654
0.011467889908256881,0.024655963302752295,33796.38028850213,26805.341884377136,19517.113763931786
0.017167381974248927,0.03188228080931944,26695.37555754417,19573.47347589605,13579.633685129611
0.012264922322158627,0.027800490596892886,15339.244591875202,22932.389092477137,15880.487339283778
0.013621794871794872,0.03245192307692308,32157.72462051877,21142.073100376205,19422.048164610118
0.0189873417721519,0.03164556962025317,21453.579983108448,19458.295196779418,13567.883630526772
0.01652452025586354,0.02105543710021322,25396.047157076137,25812.570026381007,15991.624422310866
0.017943409247757072,0.028640441683919944,16246.593705242289,19251.426742807238,13898.397383448655
0.01856763925729443,0.03404067197170645,19730.503607473893,20742.580675003483,16924.77034232072
0.012244897959183673,0.022108843537414966,22364.363897686417,15242.241728167564,17998.324681303195
0.0171875,0.03359375,16712.965868049432,16840.514564501846,14183.753389102498
0.013793103448275862,0.039522546419098144,24964.080427189416,22992.25939965132,17182.499690750916
0.016578749058025623,0.04031650339110776,21374.74300691598,13309.499216300546,12413.15700690318
0.008073817762399077,0.029411764705882353,35650.52354823543,19094.417799500054,14515.297225661614
0.007575757575757576,0.030776515151515152,18769.085802483656,17885.215419637727,16802.464700529526
0.01122334455667789,0.023007856341189674,12833.652617451275,23022.43775320085,15198.870691421645
0.027279812938425563,0.028838659392049885,21737.0564198052,14814.084566512227,13967.175927801765
0.011653313911143482,0.023306627822286964,43671.36587457319,30694.734500018014,23358.591057089663
0.009917355371900827,0.026170798898071626,28479.37588990796,23595.569207986817,19142.520535083102
0.017809439002671415,0.03383793410507569,21060.892075055697,17214.622866790305,13426.325361338648
0.01020408163265306,0.01904761904761905,15359.753424260824,9432.009940094049,11706.738710553833
0.032563025210084036,0.0430672268907563,20499.763289813898,16958.346737953547,11334.601178722061
0.0028530670470756064,0.015691868758915834,30660.904123595446,14234.978267690829,11653.526742201526
0.012062726176115802,0.026537997587454766,23445.83814907948,19279.75038391343,15192.126237876215
0.016483516483516484,0.03502747252747253,13341.310589690773,14311.12668621205,14246.71471937934
0.01937046004842615,0.031476997578692496,23705.533018106526,15924.314508425607,14837.316210037896
0.009821428571428571,0.040625,41145.83314983088,14507.869691151673,17588.458396919985
0.021693491952414275,0.05458362491252624,21191.202959150272,16790.39931915708,15664.116164631583
0.015232974910394265,0.017025089605734768,23903.17569191041,11350.562199531478,11642.78347108796
0.02318623784592371,0.034031413612565446,16594.72633032406,19761.4796557521,14406.63689751046
0.016142735768903994,0.027612574341546302,17617.268920592334,16174.826170018749,14285.641357230897
0.02115494568324757,0.03344768439108062,25925.511952880806,20406.790924141344,18023.509813874334
0.019455252918287938,0.017120622568093387,18306.08383988506,18509.168119583283,12249.836271580727
0.0316333118140736,0.040671400903808906,28313.932232261308,21372.524516645124,17160.47849101849
0.013181545835829839,0.02396644697423607,25175.702284276587,20509.817140124967,17429.309695450138
0.029081295439524125,0.03734302709847984,20417.46252038293,23897.36299546895,18105.069012452033
0.01215611004478567,0.027511196417146513,14728.125441239838,17071.958733779124,12196.712656169182
0.015216068167985392,0.01856360316494218,46384.748414409354,15630.782714619267,14562.960389787422
0.0030372057706909645,0.017084282460136675,31354.841261999438,23567.34364707892,14051.247105937538
0.02368421052631579,0.02894736842105263,21111.398587291656,15229.192789292458,14845.720754748256
0.032217308907138344,0.039481996209728365,17185.508147937915,16039.579076857499,12550.483566710971
0.01104417670682731,0.026606425702811246,16639.423089489104,22185.732631535604,14643.140923027635
0.022870662460567823,0.039826498422712936,13468.954524853065,9981.180544843148,11170.726474732035
0.011262596324836989,0.01985773562537048,13195.728375502002,16034.037111321933,13145.095174759475
0.025505716798592787,0.02198768689533861,23619.02128744493,21102.919443036364,19130.394826672906
0.02112676056338028,0.03873239436619718,22191.33446644076,13706.208567543847,15718.991554103506
0.032407407407407406,0.0412037037037037,15277.827016431902,19979.961668780517,14362.721035949044
0.017241379310344827,0.03366174055829228,24848.000916744895,16822.081842094645,13271.676335790606
0.02181208053691275,0.03691275167785235,25880.352106640796,21383.809452219317,16498.589441723558
0.007246376811594203,0.036231884057971016,18708.678828162174,15462.620859505296,18110.16878217376
0.018433179723502304,0.03417818740399386,31415.56187271286,17140.922688598013,13669.631530498007
0.022789425706472195,0.03463992707383774,13513.581999168026,18056.508475270475,13948.02031333546
0.024024024024024024,0.046546546546546545,24149.551741754207,16520.322215984,15385.264180749504
0.017369727047146403,0.04032258064516129,25118.115787255363,15211.086053315565,15649.19524023716
0.02406159769008662,0.03368623676612127,24774.962830205226,21690.256541144958,13683.50651833646
0.01282051282051282,0.045272435897435896,29137.991322870992,16752.58030809871,16497.703990320533
0.02366345311130587,0.028045574057843997,16130.824322733306,15318.645517543686,13302.851799776961
0.020771513353115726,0.04154302670623145,22471.464644722215,17162.20545597851,10932.551766104996
0.01907356948228883,0.04053133514986376,28527.124691632605,28252.440236776787,18880.60755999661
0.01859504132231405,0.03546831955922865,23075.4457906103,21655.73913227299,18395.314780237106
0.009777777777777778,0.03155555555555556,11647.113807142143,16620.45225786784,13639.943790864514
0.012214983713355049,0.011400651465798045,10090.171484008597,7029.427026052862,13038.407381997875
0.022636484687083888,0.04061251664447404,29630.140976206065,26985.869287674952,15610.230948212627
0.016028495102404273,0.034728406055209264,16341.133602550699,17071.202469245007,13151.632301772092
0.011616650532429816,0.02371732817037754,10251.633967585598,20374.752787976122,14285.166344304234
0.014054813773717497,0.03794799718903725,23999.625030589563,18564.348490636698,13964.049270884769
0.017050298380221655,0.026427962489343565,21342.26085557866,12469.444902725836,13410.611639670517
0.00546448087431694,0.0195160031225605,12563.602692215773,18741.48282038915,14500.975574143104
0.022641509433962263,0.027672955974842768,26868.233102903716,23488.68148717803,16077.76723978569
0.018699910952804988,0.05209260908281389,26957.345566980523,24196.50190398533,14459.761494170472
0.005482456140350877,0.020285087719298246,33413.7466188319,15924.943562998544,14757.252852911673
0.01706827309236948,0.02961847389558233,23731.87722871774,12019.177739259274,11352.149564650521
0.011565836298932384,0.03291814946619217,27428.32370114573,17685.70509570409,16268.966573731575
0.007594936708860759,0.030379746835443037,15788.123681122082,19700.502794815537,16862.109883467638
0.020895522388059702,0.03731343283582089,27871.615336702936,24175.265763700052,14549.596752797295
0.009767092411720512,0.015026296018031555,18585.59462085299,13278.080760346178,11480.33115313976
0.007563025210084034,0.023949579831932775,9495.344786386522,20434.834502786158,21277.504657682704
0.013673655423883319,0.02187784867821331,25819.558301021254,13639.993218608966,17940.760816565908
0.016570605187319884,0.026657060518731988,8098.1237649641635,12235.695888075408,17554.731569042528
0.012618296529968454,0.02326498422712934,14384.602796510117,13342.543407886436,13359.883514363384
0.028846153846153848,0.031031468531468532,14135.487460438993,16835.125618279584,11761.788484243656
0.02064896755162242,0.040806293018682396,31655.918041162127,21008.124119745953,17219.067768844096
0.01412180052956752,0.026037069726390114,19763.65682084883,11985.773521927651,13439.558384553688
0.008653846153846154,0.04230769230769231,8618.49515972609,8399.98044052766,13268.111824098029
0.01644100580270793,0.026595744680851064,15420.435748406768,15915.253944749214,14885.310554115556
0.019054878048780487,0.027439024390243903,15360.378118373368,21627.643396568266,15616.267336770463
0.013360053440213761,0.03206412825651302,23213.159520960333,15258.577895722692,14595.96689536947
0.021589793915603533,0.030912659470068694,32939.86616722166,24305.299747416047,19443.323531297403
0.016129032258064516,0.031409168081494056,19534.30174061042,8448.520513896545,12264.323431684476
0.010671688637790333,0.03044569993722536,13669.250265690758,14175.975573046431,12312.784007488315
0.024104683195592287,0.03787878787878788,16570.254965150536,18207.617739505946,15670.130568124254
0.010650887573964497,0.01982248520710059,31424.475391113392,21524.43737145519,19364.619201008445
0.022727272727272728,0.03187361419068736,19135.58393497467,18718.97896512781,15670.003550433445
0.006285355122564425,0.023255813953488372,16665.125532824797,14226.369664293783,16272.264999157655
0.022463206816421378,0.024786986831913247,22067.55560059564,16402.22786776044,14582.692860854104
0.023732470334412083,0.05070118662351672,32524.696531845468,19424.56554081586,11551.818630800884
0.0221483942414175,0.029900332225913623,18584.407054944153,16983.629801878316,11066.295128408345
0.02159468438538206,0.02782392026578073,35352.4522299115,22748.356314293556,17636.582483948263
0.020994475138121547,0.037016574585635356,34560.49657475791,18569.963434476336,14062.838709689775
0.040190735694822885,0.048365122615803814,28354.14497790692,23749.503108467226,16677.516627712717
0.01229895931882687,0.02270577105014191,26579.63334145696,17140.272858006003,13959.101515652843
0.016654049962149888,0.03255109765329296,13703.040272789354,23056.708660793338,15333.594907729024
0.012307692307692308,0.01876923076923077,21541.355586675763,14324.228864346214,15492.035476478035
0.027629233511586453,0.035650623885918005,25850.09183950043,25007.678144607966,17311.68008574359
0.016881028938906754,0.033360128617363344,13971.167810941484,13282.144989032302,12555.033272469193
0.03048180924287119,0.04424778761061947,15475.393223076568,13416.776253461172,12844.058725828985
0.01078582434514638,0.033513097072419104,16915.889252449433,13519.151733653014,14603.782153525655
0.021203830369357045,0.029411764705882353,18504.647642862175,20039.21504407366,17148.59857081758
0.015278838808250574,0.030175706646294882,10857.621858269122,13348.965315708867,13812.927373062561
0.011552346570397111,0.013718411552346571,21024.685808799735,14069.523434645169,10946.553425398743
0.024700070571630206,0.035638673253352154,23139.825584266044,19989.753477239385,14225.074884473905
0.011734028683181226,0.040091264667535854,29344.34528134048,14620.567383482026,12745.228964156178
0.008428657435279952,0.029199277543648403,18195.149788214494,20345.321100957204,14387.401099421593
0.009181969949916527,0.027545909849749584,23743.45137961401,19176.012274572426,12882.047462477247
0.010648596321393998,0.02371732817037754,17862.243622798527,20266.12978449517,15543.075467099414
0.03383458646616541,0.041353383458646614,30140.34288859882,25792.49551390941,14720.741684448796
0.014778325123152709,0.024220032840722498,22788.9417500381,15709.565184729856,15225.890189824948
0.02151238591916558,0.0423728813559322,25173.548132721175,18315.052602416778,14594.378592563617
0.030561478322672354,0.03375977256574272,22697.120663484486,17936.39889117148,14794.364103436828
0.009505703422053232,0.0370722433460076,15219.242517980903,15763.97950927053,13815.498366872911
0.015825169555388093,0.03240391861341371,14967.745139878307,14640.081602446347,15584.339104151877
0.027624309392265192,0.049723756906077346,23450.064522881494,16666.301293750526,14256.012650378922
0.014806378132118452,0.0387243735763098,17830.178475459692,14775.65405889478,16503.024134296917
0.02312925170068027,0.03333333333333333,23142.05052670181,11534.017789546395,11847.20337308037
0.0071492403932082215,0.024128686327077747,12742.042497436136,12294.186980810236,13832.958730842422
0.0353356890459364,0.037809187279151946,16808.52993274591,14048.157048096946,13222.952906951467
0.01784121320249777,0.025869759143621766,17842.669223640456,14151.892154574349,14237.455262178479
0.02168021680216802,0.044715447154471545,18579.508314751914,26892.91924459638,20135.921781211833
0.03540587219343696,0.03454231433506045,15467.038412493952,16603.615651094377,14129.287790728184
0.0069881201956673656,0.014675052410901468,20123.343682695886,20416.11160238232,15758.46522516395
0.00946372239747634,0.02555205047318612,26523.270293454945,24540.57806871564,20022.149782558863
0.033308660251665435,0.026276831976313843,15834.667953048489,11629.636532573511,14352.0876033608
0.011661807580174927,0.023323615160349854,18863.826615250993,21182.110343590837,19823.133866149423
0.015610651974288337,0.027548209366391185,30645.613541464354,18753.92603807431,12793.048820600177
0.02448355011476664,0.04399387911247131,20895.785407396805,16827.35673071083,13946.888656387102
0.01094391244870041,0.02051983584131327,19316.559525012442,27469.105396841744,14377.446612211541
0.010775862068965518,0.018318965517241378,13830.769308541465,17353.426477962086,12528.156716823738
0.007054673721340388,0.029982363315696647,20081.2856699627,21453.296652395173,15817.119165663345
0.007308160779537149,0.023142509135200974,21100.992515130543,18498.73649442115,13886.460790945284
0.007434944237918215,0.03872366790582404,9011.448606397897,11332.467395878382,12853.190118060855
0.021240441801189464,0.025913338997451147,18367.62956935372,18027.613622472498,15822.703359868248
0.021231422505307854,0.04210898796886058,28788.068358958357,15126.780085302007,14005.95455552366
0.03634826711749789,0.027895181741335588,31437.487619209878,15819.492264425475,19634.709307407815
0.007234279354479688,0.022815804117974403,38926.23929548412,20624.674106495444,13573.102978647887
0.020603384841795438,0.029433406916850625,18635.147583059832,13098.335458681522,13224.353245220722
0.0107421875,0.03271484375,34623.00152700048,18369.242555282544,15424.320840978624
0.012461059190031152,0.0190809968847352,32778.90475673873,27728.182582325215,16188.358796469365
0.01915492957746479,0.03718309859154929,17299.045449458266,17568.968027921437,10683.321924104186
0.012302284710017574,0.0421792618629174,19693.94596749519,23297.70250764461,18505.022581591922
0.02237136465324385,0.0343027591349739,15371.387687783566,17169.814280640952,12544.286210038312
0.015792798483891344,0.030322173089071383,13720.078278467785,11329.95099117208,12164.944886464455
0.00937766410912191,0.028132992327365727,22912.47293906099,12958.231370619413,12695.042046308708
0.03927986906710311,0.05210038188761593,28679.324900660333,25938.700871127458,20841.320186943158
0.020246478873239437,0.027288732394366196,26942.9995979205,19699.109296123614,14242.695060358426
0.021455223880597014,0.033582089552238806,13145.33811086631,18139.295430267684,13648.794256715795
0.006802721088435374,0.019387755102040816,18426.95570971905,13883.629220197943,14664.207107428334
0.03451251078515962,0.04745470232959448,27171.774184480855,22803.933325671795,19472.97191859914
0.03192279138827023,0.042687453600593915,23995.416954545235,17361.418702795607,15888.681190381452
0.019815059445178335,0.0392998678996037,24727.44921419903,17570.624787836186,15274.2656116206
0.0047457627118644066,0.021016949152542375,18944.182006602827,13369.269425571674,12759.062646741746
0.0064469914040114614,0.03044412607449857,20829.368286192723,12657.589208419671,12690.283953561093
0.013875123885034688,0.05153617443012884,13410.734733644069,11417.844813138681,14580.42207927551
0.02190395956192081,0.02401010951979781,25491.8671835183,24597.804803206876,15276.780527859411
0.030371203599550055,0.03093363329583802,28940.59573409489,23475.337224599698,16124.030205092977
0.022961203483768806,0.02494061757719715,22007.889123021938,19383.876618667367,13313.14333810698
0.018227529855436832,0.03205531112507857,13446.266781396778,10007.443221271385,12821.602505549245
0.01181434599156118,0.04008438818565401,14735.852911720114,8963.941293876347,9795.621591896896
0.015424164524421594,0.02699228791773779,31315.77599268572,22861.03430112682,17996.41966363297
0.010526315789473684,0.018596491228070177,19904.331818264003,17095.887680869128,14803.085413755649
0.023045267489711935,0.030041152263374487,21074.009221336928,24753.468580861525,12270.279464152274
0.020954598370197905,0.02910360884749709,33986.0908952839,21216.687958845487,16826.48085551625
0.01637107776261937,0.033765347885402454,19479.01830841306,11529.141701769156,13400.132700405675
0.025141930251419302,0.030819140308191405,27524.278036287436,18351.463073175193,19189.18016575852
0.014725568942436412,0.03815261044176707,11991.787280884611,11199.823042022383,12988.348400098315
0.00939306358381503,0.01842485549132948,23667.964729146166,15579.362109573358,16170.105252687501
0.01718494271685761,0.01800327332242226,4595.464150819811,12115.572475353489,11710.909503464645
0.028181041844577284,0.024765157984628524,21096.40241467043,12460.545923222073,14290.103085254965
0.008985879332477536,0.01797175866495507,21561.81469340205,30558.79859275846,14086.18399260359
0.015734265734265736,0.047639860139860137,33499.41941755498,30692.24446159415,15719.064885227557
0.01913477537437604,0.032029950083194675,21996.938588107227,15589.63852899385,13204.999057827064
0.027358490566037737,0.04009433962264151,32228.338508967245,20077.147500897947,14847.82183837563
0.017650639074863056,0.04017041996348144,20397.710854889945,18680.80599421746,19583.195166858117
0.023312287518212724,0.023797960174842158,39861.30940783276,25399.93863722314,23582.25074242489
0.017436791630340016,0.03574542284219703,16576.3492820185,12984.756928536248,17447.961117731465
0.0055762081784386614,0.01332094175960347,43439.221669695464,11991.038343657383,16785.940457619818
0.016159695817490494,0.028041825095057035,14799.234680550564,20979.543728863522,15160.264162623544
0.03686635944700461,0.05606758832565284,27644.873030321196,23260.401297758857,19258.68476747916
0.011102886750555145,0.033308660251665435,38849.152135258824,24936.207909909914,19133.125904677785
0.029619181946403384,0.03843441466854725,21191.011384047386,19258.69554959182,16891.323424626175
0.008177570093457943,0.016355140186915886,26993.69650870086,13650.115673050039,12847.575525724935
0.028799019607843136,0.04442401960784314,29273.34709290015,18801.456797014398,16204.346599605893
0.011560693641618497,0.026493256262042388,18325.06643735964,10388.889336863102,15550.334048485405
0.01935483870967742,0.02488479262672811,24298.812305262527,13935.517128503543,14933.445950092193
0.0176678445229682,0.024734982332155476,18227.630630656964,18546.741979658207,13496.608082670178
0.006998444790046656,0.01982892690513219,20635.59134383715,27480.22201415888,20252.26916625242
0.021402214022140223,0.03284132841328413,32917.97049931156,17944.680808672234,17080.36275927644
0.03365384615384615,0.03064903846153846,18426.65082090767,23338.461161402633,12187.223631057543
0.03161764705882353,0.0375,15272.458403757442,17728.588373992454,14673.721502339797
0.009991673605328892,0.03538717735220649,27016.03398375404,20742.35721980829,13191.999297124428
0.03483768804433888,0.027711797307996833,17634.335282410153,18141.075655159057,15398.052285046613
0.018010963194988253,0.020751761942051684,17642.3236090197,16541.73734211831,11881.654760777496
0.03333333333333333,0.03888888888888889,21855.876320346248,12732.432085891494,16631.730553556532
0.016,0.04088888888888889,22794.595006660482,11609.278260707804,16368.71841679877
0.01794145420207743,0.037299338999055714,29045.236557801047,16031.981130071164,15215.84444122659
0.018536585365853658,0.03609756097560975,26904.91753679452,21120.17180535166,15045.090213723128
0.020233463035019456,0.03385214007782101,11738.276116794546,8713.299229816785,11561.160128762356
0.03271375464684015,0.031598513011152414,29830.836599673043,21777.639608524394,13220.998243465356
0.027664768104149716,0.023189585028478437,22728.29753102363,16632.51504710626,13582.924189226622
0.011385199240986717,0.02024035420619861,23787.74623716349,12084.630679751715,12421.8399779765
0.021621621621621623,0.02252252252252252,13114.191458915557,11348.927814274624,12254.762856821715
0.02368421052631579,0.039473684210526314,34436.351189613124,16913.470578750843,17781.184684905333
0.02786377708978328,0.043859649122807015,22441.985654687385,18133.468700403882,15750.53268212396
0.022819885900570498,0.0582722086389568,30183.78017324892,24050.10073222668,18138.79598884092
0.012779552715654952,0.045926517571884984,17775.719644358556,15479.22060088787,14103.82172465775
0.01955671447196871,0.048239895697522815,18405.895391491507,18580.238689515765,14894.88189328593
0.03259726603575184,0.056782334384858045,20616.412145245522,18512.77357930767,12849.857412355921
0.010330578512396695,0.028409090909090908,17892.626856518065,21858.509011583377,20529.48116943881
0.011209439528023599,0.03864306784660767,44388.585320858445,26423.807369420378,19166.184957653943
0.014910536779324055,0.03106361829025845,12169.92693678767,14361.507179481485,14166.545244147244
0.014297729184188394,0.037426408746846086,24507.82277045845,20027.55663912113,18218.867660377055
0.020128087831655993,0.020128087831655993,22724.920225920607,11211.763416662883,12389.038511840481
0.016045845272206302,0.01833810888252149,25322.5255117169,24360.779896850465,16850.351164346226
0.008754863813229572,0.02480544747081712,58878.892014725796,12840.915099290702,17821.595314091814
0.01768172888015717,0.024885396201702686,18307.441802233487,11951.194462328876,12576.285483116379
0.01306532663316583,0.043718592964824124,26472.354662829093,17963.88037579916,12688.105229404424
0.009831460674157303,0.046699438202247194,33972.49758915657,15328.460173203297,13620.52946852234
0.0213903743315508,0.024732620320855617,12514.430166841164,16763.96533398734,14460.21359192993
0.02749551703526599,0.02540346682606097,21910.905862161773,15925.936403579613,15727.995773142828
0.024305555555555556,0.041666666666666664,24884.462596642792,15537.289325120151,13766.145757016684
0.028181818181818183,0.03590909090909091,19118.91620545355,11595.605504784984,13895.217866731844
0.01012829169480081,0.01823092505064146,13203.467349699513,14750.040825401731,17269.61887506124
0.020558002936857563,0.022393538913362702,34018.44997106196,22390.11791017655,16915.060586351305
0.008910212474297465,0.030843043180260453,28112.96167842169,20811.835210901656,16838.148764998794
0.007017543859649123,0.017894736842105262,19206.571110567675,19707.295899574612,15512.67703732652
0.020879120879120878,0.026923076923076925,25757.267159011164,17298.842328531682,14662.469296191191
0.014192785334121822,0.029863985807214666,21646.126910313964,23826.22822760743,17272.191735473538
0.023349436392914653,0.03462157809983897,36660.642905471956,29272.62189018703,19058.345800604457
0.018957345971563982,0.042315504400812456,15039.504598955342,14146.513412583312,13382.343404822996
0.024439918533604887,0.03207739307535642,17464.98482783693,16902.822230565438,15008.716066364253
0.0066815144766146995,0.031180400890868598,12798.233770036073,8424.552534755154,13002.080225879894
0.006477732793522267,0.034817813765182185,25689.671683171917,17348.414729755823,14363.986114574296
0.008791208791208791,0.023076923076923078,14074.331649489593,9132.904327977145,13163.791815035469
0.004301075268817204,0.024731182795698924,12256.146823284302,12043.728055704618,13697.122321253742
0.010317460317460317,0.03214285714285714,16639.194043417472,15839.738802082155,15428.241624177632
0.01498751040799334,0.02164862614487927,27444.589226631702,37364.611146090836,16978.35070887507
0.01282051282051282,0.023333333333333334,24964.361652870328,20224.3824214786,16933.738792175962
0.00597609561752988,0.02357237715803453,17893.078331391698,22759.720742271107,18861.558982966442
0.012775842044134728,0.032520325203252036,30558.208747476478,16766.939062749552,13733.918224010198
0.01216089803554724,0.0304022450888681,43647.117761809015,17883.418589236,17074.77311943645
0.01253616200578592,0.04001928640308582,16114.362868314784,11781.876789399088,12448.034984509033
0.020209059233449476,0.0397212543554007,20907.395800714196,13335.667770271526,13368.731164354564
0.00975177304964539,0.040780141843971635,23631.013735798486,26427.890251964334,15611.046789310245
0.0234009360374415,0.041341653666146644,31516.189913312213,25377.1943207115,21074.186935695994
0.027941176470588237,0.028676470588235293,33604.61039690469,24819.67587854205,15980.987118126384
0.014732965009208104,0.026703499079189688,25673.814957791914,16398.54049504519,17306.951504081637
0.02521613832853026,0.032780979827089336,28306.6913876866,24157.994522800294,19924.316227401094
0.020516214427531435,0.02514890800794176,14735.678079545074,19987.878623684835,14750.799079861701
0.018164435946462717,0.023422562141491396,18607.96112805471,10440.08678300528,14673.403576066688
0.013797634691195795,0.03745072273324573,48456.95819692985,23663.367590373848,17648.426448758557
0.030780243378668574,0.0408017179670723,19947.840492042167,19265.395258686905,15870.283555225993
0.00881057268722467,0.02459618208516887,31793.49599776577,25138.13827946356,16797.137257581442
0.02330293819655522,0.044072948328267476,11915.985698029936,18918.02694976671,14497.938784490574
0.02528735632183908,0.0367816091954023,25217.496953232705,18427.984429915534,18061.01365550024
0.019461077844311378,0.04154191616766467,19008.815343164566,14687.781621649805,11719.131817029265
0.009866511897852582,0.024666279744631456,20662.707394386576,16100.653548801958,11283.719347281844
0.008525149190110827,0.028985507246376812,11227.146234837319,10037.432382588278,13404.136146630044
0.026817219477769938,0.02928722653493296,27380.037355819484,16164.494199653058,16607.57898274291
0.010817307692307692,0.015024038461538462,19859.15045200293,15829.37582475701,18519.562887412503
0.03687445127304653,0.03424056189640035,27466.59634385386,26216.991113186334,17028.26365350989
0.0390625,0.042578125,16741.249985001272,17242.682096869863,14465.825304769252
0.018223234624145785,0.040242976461655276,18701.170809641266,19189.43029988287,14350.837140750753
0.018851756640959727,0.033419023136246784,24473.456478451626,19543.839667871354,13877.67195560394
0.019585253456221197,0.02217741935483871,38590.40183596952,18420.76218165724,17625.326991708534
0.01828681424446583,0.03176130895091434,20684.587976976294,14016.273541609324,14738.933921734046
0.011352885525070956,0.023651844843897825,20576.367417582842,19765.91922794194,12403.099351636067
0.00880410858400587,0.02971386647101981,16352.588131987315,13063.922315786864,13326.026963521028
0.008838383838383838,0.0211489898989899,35978.80685823752,27395.95361689711,19153.163057798025
0.019916142557651992,0.033280922431865825,32974.74099340081,22767.109255814783,18409.782162013355
0.021756021756021756,0.03923853923853924,20691.542306649128,12782.645299906419,15373.52383314194
0.011299435028248588,0.025423728813559324,27212.38601715007,13765.27310743201,12803.513714746745
0.028846153846153848,0.05026223776223776,19579.161209559363,15732.509637418772,12138.562439991088
0.028119507908611598,0.02592267135325132,23614.011113866924,16768.486379402908,15227.243630275858
0.02263374485596708,0.01886145404663923,19935.036397220083,15268.481585836555,12790.94698413161
0.016695957820738138,0.030755711775043937,13436.651979289594,17256.461021553343,11814.913632056763
0.02336448598130841,0.027570093457943926,21068.921994104156,7627.447858367044,11824.81022478194
0.02834008097165992,0.04048582995951417,22853.201941586896,17074.408465611912,15225.114650466809
0.021526418786692758,0.02837573385518591,27242.075578370735,22749.04286406846,15828.701675274278
0.013433637829124127,0.04245029554003224,27111.683005023613,12986.15396451519,14348.113601608213
0.00858034321372855,0.0327613104524181,21214.656841611748,16800.82531770198,13971.194752056921
0.039603960396039604,0.03217821782178218,30451.970492996024,20648.916163240225,14554.535380224172
0.029005524861878452,0.024171270718232045,19531.3912691686,16178.223197078309,15807.520253802315
0.007226738934056007,0.036133694670280034,7444.0279495664245,10602.740603985148,12107.118913317137
0.016175621028307337,0.032062391681109186,19204.610023283956,15553.526910785133,13024.911582795663
0.0241305890702626,0.03300212916962385,29395.824802135947,20215.600265213754,13938.159233522796
0.006688963210702341,0.019648829431438128,23268.035470262053,20783.301198123743,18179.182366661393
0.016206745510293472,0.04139290407358739,26953.12916971626,23143.37226335664,17504.544681277497
0.013471502590673576,0.03471502590673575,39428.03251517013,22846.359084415366,20857.337608364574
0.013797240551889621,0.05338932213557288,32791.785925448865,13052.237804174678,14378.774994429104
0.011156186612576065,0.04462474645030426,16246.421533021155,20620.99946935677,13999.23902561764
0.023172905525846704,0.020499108734402853,26253.204502384644,16321.829454248624,14725.726977766133
0.011103400416377515,0.024635669673837613,18854.521739177275,11323.783693736994,14125.75666430183
0.005668016194331984,0.03724696356275304,24502.007707610497,15176.330939895239,13585.299048722909
0.009302325581395349,0.027906976744186046,15664.600394829677,13201.5628666819,16073.45868395463
0.023952095808383235,0.03592814371257485,16691.813293670344,16972.651158901997,16733.20567992123
0.018783542039355994,0.04606440071556351,8342.21599152127,12158.346186542247,10602.024490826545
0.013089005235602094,0.019197207678883072,20991.367451439502,25917.933125228483,12495.023778671912
0.014336917562724014,0.032855436081242535,24557.810028363336,13273.116716568487,13626.48992546562
0.02204724409448819,0.03267716535433071,17082.68468980258,15117.487710362058,16309.40838568582
0.02423469387755102,0.03635204081632653,18173.830692864893,28985.073517167515,14169.856178569404
0.00875,0.0425,25717.3639823047,19904.918657427424,16669.692075573235
0.01702127659574468,0.021631205673758865,29056.509781937475,16316.673532505503,16522.71202827672
0.008675078864353312,0.010646687697160883,23593.98122816435,15904.558894579079,15453.325629367933
0.023737066342057214,0.029214850882531954,15792.485542300776,15297.980200269114,12690.250462435759
0.011800923550538737,0.04104669061056952,25767.604168850234,20045.426757050347,18688.335793511742
0.0203862660944206,0.04238197424892704,18700.45322946263,21492.47516222991,18177.722978666974
0.024238227146814405,0.02008310249307479,32693.079458292912,19985.21663294447,15509.571465118714
0.016272189349112426,0.03069526627218935,19767.47666076024,16919.893904822595,12093.850478221651
0.016,0.038285714285714284,37228.37427359789,18652.073661057064,15064.913481498821
0.019772318753744758,0.03055721989215099,17880.128646581576,18022.28912601547,17235.717711705453
0.029271613342409804,0.04220558202859088,27452.248876197376,16020.381120255608,16415.1686962456
0.005263157894736842,0.03796992481203008,23493.11439437664,20614.270309011987,15482.929089441901
0.030884808013355594,0.044657762938230386,15882.757480915921,19724.108516496275,11525.045325630774
0.020188425302826378,0.03297442799461642,24946.559241227493,15220.453693998486,13500.882204030571
0.025331030512377662,0.03540587219343696,20877.99276815031,17971.699524853175,15285.244807857198
0.01616161616161616,0.025757575757575757,17128.17045386249,9187.661311895114,14259.506925997697
0.025951557093425604,0.03892733564013841,26186.65953889961,15148.216213012303,13891.870321031229
0.01411042944785276,0.027607361963190184,26670.65795803608,21379.308292549646,18689.71103943881
0.009649122807017544,0.038157894736842106,27549.488223729495,10366.71926266104,10989.473114715833
0.01804123711340206,0.024484536082474227,43083.46769451195,23789.239339939646,14676.548482374264
0.005333333333333333,0.02666666666666667,20850.642739618546,19931.408495044132,16755.92889939813
0.02781211372064277,0.03553770086526576,33834.68401308166,30227.164412669612,15119.937038207236
0.026565464895635674,0.03542061986084757,20702.47460137278,14401.142009494739,16804.969859111054
0.028677150786308975,0.029139685476410732,15076.439476995669,13432.33531617871,12413.448557757947
0.00782608695652174,0.014782608695652174,29711.568571547337,13334.326602497506,16350.853041322569
0.019097222222222224,0.03515625,18349.983552835456,17273.10790451069,14221.320706523817
0.014195583596214511,0.02720820189274448,17468.74656391139,12533.626780686458,14853.655589290242
0.030437539632213063,0.04185161699429296,14768.843193410567,16387.943659149358,16850.58411468536
0.03357531760435572,0.032667876588021776,18163.71641385738,15243.54260413556,14059.929918675134
0.01825168107588857,0.03025936599423631,13569.719766813101,14483.305490564297,12541.323733722951
0.018518518518518517,0.027434842249657063,21665.059676983004,11888.29319474442,15997.442301138344
0.019388516032811335,0.03467561521252797,21714.646083911517,20612.803609095437,15202.418030899946
0.02119071644803229,0.027749747729566093,18970.820620176437,13517.416682672196,12372.934925227584
0.018326693227091632,0.024701195219123506,21192.759479307388,14868.756686469074,15494.391805008401
0.01586333129957291,0.023184868822452714,21406.159249189604,17298.92631155428,15163.363623677236
0.025477707006369428,0.033616418966737435,17859.035745472807,14185.295093576235,15179.48568062018
0.024553571428571428,0.05022321428571429,9974.62964298833,13756.06114117119,11827.235728108915
0.021863117870722433,0.022338403041825095,28071.98725869256,9459.579576852262,12852.815840454286
0.016542597187758478,0.0206782464846981,16433.83580089517,15847.604685969909,15070.680434218208
0.007639419404125287,0.0213903743315508,18142.790004189228,10924.623741915691,10298.672935828872
0.014792899408284023,0.030325443786982247,10636.427356051074,10948.39183426152,13577.484601002656
0.024096385542168676,0.029657089898053754,16231.215242235881,16260.054078708019,16050.7394601225
0.016153846153846154,0.04846153846153846,25324.747949886547,17681.42816690916,14663.370836571008
0.022264631043257,0.02099236641221374,18234.205959762956,23453.04701465196,16531.50607809978
0.0056,0.0284,20791.530906544824,22090.796349066295,15515.597089295483
0.0106951871657754,0.04411764705882353,29665.799212903617,20510.182193364748,14360.265515368412
0.01514004542013626,0.02043906131718395,39795.82017443303,28301.701930213272,18802.187997331133
0.02679738562091503,0.03954248366013072,15300.670943126792,9407.544938050907,13436.548128331151
0.015051740357478834,0.03198494825964252,17789.789755649952,14884.473660269388,12894.235603909032
0.02487198244330651,0.021945866861741038,19894.954089246865,12748.306750793992,14303.240569416412
0.00425531914893617,0.02297872340425532,11985.319616468916,20540.660656671993,17304.915783019558
0.01216089803554724,0.029934518241347054,29349.969825260978,20519.158337271172,12713.49598406297
0.025065963060686015,0.03067282321899736,12509.942891822342,10816.66139585509,10616.015840997405
0.019696969696969695,0.043560606060606064,15161.113110100712,12636.111447652942,12244.562096533055
0.012927054478301015,0.035549399815327794,13111.152664319845,16852.144470642204,13284.48654335079
0.01245753114382786,0.026613816534541337,21259.168687927086,18607.380100254788,15477.275011941541
0.0408997955010225,0.058793456032719835,15182.914067682188,12151.977695041216,10927.48050117
0.020819341840161182,0.0315648085963734,26938.663036539096,16497.889083993494,13710.105744330076
0.006294256490952006,0.02006294256490952,30978.5925919549,24161.825196049052,18746.469486613387
0.013860578883000407,0.019771708112515288,21347.131994089126,16699.435920045522,18305.643610667772
0.018302828618968387,0.026622296173044926,20925.11558128119,19427.84948306247,17010.109013505324
0.01755485893416928,0.032915360501567396,37615.62958441967,19520.27385241827,13937.39275268109
0.02315227070347284,0.03829029385574354,17521.41159062473,15932.227327902785,12920.89104353028
0.011522633744855968,0.027160493827160494,28665.330734335697,15342.814181495463,16046.896014280854
0.0267022696929239,0.031041388518024033,16318.538558195589,14633.110922481412,15694.240017678225
0.020089285714285716,0.026041666666666668,21836.548759038702,21932.512662059686,13045.459682449366
0.032157676348547715,0.038381742738589214,24036.43805593533,11688.805558101054,15506.704409838343
0.01644962302947224,0.022960932145305004,33046.320873214805,25916.410338023292,23627.075553353145
0.010115606936416185,0.040823699421965315,32083.522671470884,16579.535078496894,15136.675879869908
0.007431874483897605,0.04252683732452518,12165.758029419845,27159.257419285936,18362.71635172407
0.0211864406779661,0.02711864406779661,16230.133391277426,12414.643869673084,11417.537200964065
0.014018691588785047,0.02336448598130841,21299.156679825173,18031.349068437135,16749.182310663247
0.014625228519195612,0.037477148080438755,25968.095304526556,17324.80246046397,14507.874704727255
0.010777084515031198,0.021837776517300057,54046.07840848282,26937.437160135458,22514.604446567955
0.005039596832253419,0.0435565154787617,26766.09373193599,9411.04214948582,11380.871019184675
0.00749375520399667,0.03164029975020816,26235.485245779782,11160.000036370395,13069.172926340634
0.010242085661080074,0.03212290502793296,26222.347570827333,20839.237633536002,18916.335495830554
0.02044153720359771,0.02739165985282093,24605.034725941972,23336.261018107867,16327.140450040197
0.00931098696461825,0.03165735567970205,25333.402718555757,22649.190558844137,17990.68407291253
0.018018018018018018,0.05405405405405406,24780.252357966918,19550.711547489107,15942.967832664406
0.013964313421256789,0.02948021722265322,26380.476788576678,21831.491965364905,15403.886749214418
0.009598603839441536,0.027050610820244327,11339.687933824916,13015.012117560533,15189.60366907881
0.01092896174863388,0.023224043715846996,31670.177128552332,23492.61045491632,15804.649455391318
0.013580246913580247,0.02808641975308642,30609.99775267398,25615.01424396535,18204.26740450125
0.014527845036319613,0.03551251008878128,8096.847076850274,13775.816713214503,12848.034424630852
0.010517090271691499,0.019281332164767746,13041.96126110224,7059.817414047165,9720.965166257272
0.022381378692927483,0.022381378692927483,16581.856895735393,13807.323115789075,17050.146887163253
0.021664766248574687,0.0330672748004561,18294.588397324147,16217.434336563609,13326.440619705316
0.009752438109527382,0.015003750937734433,22827.945299527215,21484.013870456558,15341.147011024072
0.025198938992042442,0.03249336870026525,19026.62021105486,19981.263129435385,16613.981865842346
0.006109979633401222,0.015953835709436523,13011.05625802745,15937.292959377843,12870.081310030813
0.016511867905056758,0.053663570691434466,18656.24273260624,14484.073304434523,14808.056439556703
0.01818181818181818,0.02975206611570248,20577.574173297344,15500.385209933847,12811.111569607949
0.009034051424600417,0.0211952744961779,10563.5023267355,16993.11753006928,14339.902514081881
0.021814006888633754,0.04822043628013777,18022.258753909366,16237.677537354482,19100.887974834837
0.029231815091774305,0.02583276682528892,27896.183019790784,17562.08840801366,14725.795417760086
0.009372746935832732,0.029199711607786588,17564.713784377673,14688.625085116711,17067.685365794452
0.01328125,0.0265625,31794.41037719853,29145.152743636194,16512.010130061182
0.014644351464435146,0.027196652719665274,21290.705450332276,20442.259894354393,18287.882307563475
0.01805869074492099,0.024830699774266364,23239.224161648966,15404.347149684538,15842.47702945576
0.01607717041800643,0.03215434083601286,21681.4989680241,17285.304998674437,15245.952595762528
0.012841091492776886,0.036115569823434994,18887.965103259496,14971.007612040434,16322.700768767161
0.007716049382716049,0.028034979423868314,25619.806995391722,20625.22116890905,19355.310203780486
0.0081374321880651,0.02802893309222423,18738.66210035343,11278.669824376084,11955.318595611157
0.016597510373443983,0.04149377593360996,18375.781978569554,18812.198928972222,15608.551454780472
0.01699346405228758,0.030065359477124184,22374.14259061699,20303.899972713567,16658.00500560337
0.023986765922249794,0.036393713813068655,22606.216666845103,17460.040372588715,15637.910494424212
0.010071942446043165,0.019784172661870502,13133.749761949455,13663.062992343008,14097.546666073422
0.03146206045650833,0.04780999383096854,16094.516799376417,16198.757679485614,14358.955913672402
0.00825082508250825,0.01608910891089109,25102.77663132121,12015.24847627097,11654.206858436633
0.02282541640962369,0.0431832202344232,38378.68706612235,23874.557677121385,16362.037324525514
0.018433179723502304,0.03949967083607637,17576.705068076128,18026.614609299584,11454.801944094083
0.02629193109700816,0.02901178603807797,18203.2116895468,14029.806039681273,12718.03142200568
0.015842839036755388,0.018377693282636248,17185.16814532032,9891.095259999993,16752.39604024123
