0.020689655172413793,0.03103448275862069,12199.917757023803,6594.714992393233,8621.596965885974
0.001718213058419244,0.015463917525773196,5631.73951699827,11615.354587907563,6149.89535456896
0.0084985835694051,0.03541076487252125,15464.858318030323,8675.07554421477,6712.469330528816
0.009861932938856016,0.027613412228796843,19181.69245294155,9930.465973761868,8881.236256908194
0.005905511811023622,0.03641732283464567,8251.462725753707,13768.173138267151,11388.51715974388
0.036395147313691506,0.04072790294627383,5846.374845389742,3672.024899931739,7621.692557482184
0.018404907975460124,0.03987730061349693,23987.927852667282,10585.392586672104,10756.849410009607
0.007194244604316547,0.02787769784172662,4013.3728144744828,10486.337481620998,8613.204380467494
0.0,0.05938242280285035,nan,10207.693949724775,9202.175655699264
0.014150943396226415,0.03537735849056604,17935.211392962596,6938.820752622684,10065.070389727096
0.014388489208633094,0.052158273381294966,26337.36054367303,28216.714271143745,10458.898820324357
0.022222222222222223,0.003703703703703704,20833.750397636493,666.0846946914353,8262.826647414737
0.015424164524421594,0.02313624678663239,8130.775453218933,6868.720424358286,7674.788392857523
0.009433962264150943,0.045990566037735846,8214.360816945778,6425.928785754208,9930.855878986578
0.008968609865470852,0.04484304932735426,29594.07866053257,9693.300333710567,9520.945161128324
0.016908212560386472,0.04589371980676329,10373.562233567462,7956.720834054897,9338.75387004895
0.018315018315018316,0.029304029304029304,24638.188121819934,18083.53096176299,8115.961051222561
0.0,0.05202312138728324,nan,6539.935229672523,7046.635675351963
0.009940357852882704,0.0437375745526839,4821.860842882003,10761.497888338146,7183.202712847792
0.01877133105802048,0.023890784982935155,19585.06386628378,14003.186206604061,12918.055056443724
0.014778325123152709,0.01847290640394089,15655.453308379734,10771.947820593372,7879.378353987242
0.013461538461538462,0.026923076923076925,16844.676934327428,10014.138201620472,8793.22157502557
0.007371007371007371,0.038083538083538086,10676.80595618242,5960.501555771153,7138.4291555890295
0.013972055888223553,0.036926147704590816,10152.194999596783,12392.582543876299,8352.801049342397
0.011428571428571429,0.03238095238095238,7089.723507154569,6613.195116547846,8570.04416840337
0.01643835616438356,0.02054794520547945,17710.38417324576,18645.107042841777,9829.606844541635
0.0499001996007984,0.07085828343313373,13346.006870969983,13978.47719263289,10618.18392127243
0.008888888888888889,0.034074074074074076,3720.2008994085286,12230.36088118897,8229.534285939195
0.023809523809523808,0.03042328042328042,28662.97792691791,13740.328553226163,12788.364417022221
0.011363636363636364,0.01818181818181818,6487.4149057548675,6825.952566503935,7735.420513955792
0.0071090047393364926,0.02132701421800948,7579.415166508804,5995.260622057413,10158.262017509083
0.031073446327683617,0.03531073446327684,7358.352436493939,10583.002026672319,8419.27550316097
0.010548523206751054,0.04746835443037975,3808.6738437464132,5815.74483069,5717.864147332751
0.014577259475218658,0.05393586005830904,13835.87532263138,10393.536610121133,8614.748907516409
0.002702702702702703,0.024324324324324326,21859.564280171777,13807.055223904543,10839.87442623387
0.005376344086021506,0.02956989247311828,14366.297926873232,9329.71068375377,10125.099379063204
0.06463878326996197,0.09695817490494296,10086.23479776298,8355.499464363891,8726.434298338696
0.012738853503184714,0.009554140127388535,25546.6103212094,9510.75628522313,9554.16265680612
0.008787346221441126,0.0210896309314587,10588.640378008982,12941.205920694609,10030.25490727126
0.0,0.02572347266881029,nan,15682.571533188842,7892.52962369647
0.026252983293556086,0.028639618138424822,8702.050025266337,6418.68127511191,6450.409737987004
0.02027027027027027,0.04391891891891892,8340.240671948106,8341.212739387212,10881.976825082138
0.008680555555555556,0.0546875,6956.5279378680425,14391.981212824632,10938.946904784694
0.01182033096926714,0.034278959810874705,7530.296661083659,4228.747381048438,7449.258098933327
0.025380710659898477,0.027918781725888325,5383.085369214484,4765.447546832316,7772.1129061991105
0.0070921985815602835,0.0508274231678487,8771.171172720089,15525.74599047136,11155.188131307525
0.02278481012658228,0.0189873417721519,5798.265524340596,4338.502865499718,9122.931130314964
0.0026041666666666665,0.0078125,14199.25488181722,13210.52000968937,6915.23517066417
0.03414634146341464,0.05975609756097561,12290.187666230375,13589.557550782889,8830.441963518428
0.0024813895781637717,0.02977667493796526,4875.810520829531,5911.098993792547,8939.54414886656
0.012244897959183673,0.026530612244897958,6926.421509061754,11269.09107551334,10156.759026677257
0.03197674418604651,0.06686046511627906,6363.47388912474,4657.619885078631,9828.28042014395
0.04195804195804196,0.06643356643356643,8003.831732282507,6699.223445322541,9157.157471161976
0.018404907975460124,0.024539877300613498,12028.081954755418,12294.969036434886,8417.976411796712
0.0,0.02616279069767442,nan,14900.799843121993,13737.2795221992
0.007792207792207792,0.06883116883116883,12168.58344204215,10222.691411273097,7547.656547570434
0.027253668763102725,0.051362683438155136,11647.574996530358,10669.041302474638,9339.093260097237
0.02534562211981567,0.03456221198156682,20007.195812845475,9239.715962897239,10322.476268703329
0.0142602495543672,0.05169340463458111,17201.559715322906,6658.752071735804,7855.997516252243
0.01487603305785124,0.0768595041322314,17545.442215444196,12742.899828267915,8436.774099027849
0.014423076923076924,0.035256410256410256,18260.59503321826,15680.141144982168,8622.783251769333
0.0121765601217656,0.0228310502283105,13234.415338110724,6116.009897723765,9977.986953312069
0.01718213058419244,0.058419243986254296,23644.76712080191,9872.969767690174,7186.579259451356
0.00851063829787234,0.02553191489361702,12663.730707586712,11459.755780045694,8825.775261919516
0.01804511278195489,0.027819548872180452,15078.798631167743,13780.548889432459,11111.50782825959
0.03873239436619718,0.02992957746478873,7346.528240289132,11040.40106678019,7114.331733506397
0.037037037037037035,0.022417153996101363,14474.00243794514,10648.033988979412,9378.407813854868
0.022222222222222223,0.06666666666666667,20972.253199342802,13280.776186820634,8787.375844910868
0.022613065326633167,0.022613065326633167,15772.48577952587,10942.258368692557,8924.166212165346
0.02564102564102564,0.03632478632478633,10450.578944062252,5808.8502126350595,6796.167335638745
0.007978723404255319,0.031914893617021274,23185.379285147657,13841.660838565642,10281.190182435499
0.008869179600886918,0.05543237250554324,7882.607147362671,5517.631232196265,7184.7703973748385
0.0,0.04383116883116883,nan,6266.779623508585,9488.142086941078
0.011594202898550725,0.036231884057971016,2787.6220803136594,9874.81697955849,7771.432757425853
0.011428571428571429,0.03428571428571429,11767.328277546289,8377.388892330768,10491.575861214831
0.029082774049217,0.021252796420581657,9974.399304964063,11435.68375035747,6939.740848187772
0.0084985835694051,0.024079320113314446,5837.15667636022,11036.629972401828,6245.518528335388
0.009419152276295133,0.03139717425431711,7612.530269473632,12541.152311116206,7955.173660976738
0.002770083102493075,0.009695290858725761,33782.28397707983,3220.268901424799,8007.139497676364
0.035046728971962614,0.04088785046728972,6766.6868222948,6779.98353272666,9945.482158201745
0.003367003367003367,0.020202020202020204,19588.876189664006,10997.178097207296,8854.084051133888
0.007653061224489796,0.029336734693877552,25893.68446849797,9168.483176080174,9861.581674001834
0.015706806282722512,0.03926701570680628,5552.263663771012,4917.289622516965,8235.724789910737
0.016129032258064516,0.03225806451612903,4548.03111339488,9629.86465026424,7052.74623725133
0.012145748987854251,0.02834008097165992,10426.321185604547,9719.64734006197,9253.51911656355
0.023529411764705882,0.031932773109243695,16428.51201140812,17796.819388959528,9573.253182442033
0.01634472511144131,0.033432392273402674,26104.237992728056,19818.10466133089,15021.784316164922
0.011194029850746268,0.048507462686567165,5147.232546635069,4408.669546161697,6891.929855188016
0.01466275659824047,0.02932551319648094,4133.956882649089,8575.108644155058,8048.386015414143
0.02616279069767442,0.023255813953488372,6335.393946972503,9584.20259684648,7962.600622801011
0.012280701754385965,0.05789473684210526,12044.649226292342,11652.599069821401,9342.110371251616
0.010638297872340425,0.05851063829787234,19088.03978812543,13856.867566452764,11793.679228656565
0.005813953488372093,0.015503875968992248,1011.9210414177836,14946.199820370877,13665.72477054271
0.029069767441860465,0.03294573643410853,14239.266396878387,11584.10014375863,9524.27178252118
0.01643192488262911,0.017605633802816902,12733.590107998982,12386.718562554208,10577.021029231995
0.015544041450777202,0.04922279792746114,22712.732002914778,6885.223660011762,7462.030135036879
0.04866180048661801,0.031630170316301706,14400.913510583248,14610.119426106125,9675.719791273068
0.011661807580174927,0.01749271137026239,14083.948447823503,3948.6840322871394,9809.860676990853
0.01487603305785124,0.04628099173553719,9621.221205880833,11573.23621702084,11069.934280848056
0.03711790393013101,0.07423580786026202,19086.600309759953,9805.254965804788,9038.16582656069
0.01373283395755306,0.02746566791510612,9671.258664841635,8149.121136512506,6952.441545833617
0.02518891687657431,0.05289672544080604,11407.72974484451,6741.693267710534,7780.818328850839
0.015418502202643172,0.03524229074889868,11908.700729534821,19968.61397540644,7575.462238336585
0.008,0.021333333333333333,15890.347590470856,24911.312119763723,9964.44199119429
0.010526315789473684,0.021052631578947368,11216.385517555791,10481.800622543647,9029.187660248901
0.016241299303944315,0.019721577726218097,10359.482037370226,19614.67396484727,9458.844680364122
0.015151515151515152,0.01818181818181818,25296.043862951203,9265.183476400058,7659.111545183568
0.03543307086614173,0.04232283464566929,12792.891184459504,9543.935196246059,7092.01692924848
0.016203703703703703,0.05787037037037037,12410.912038457625,11973.275914330612,8922.661793455427
0.03271028037383177,0.06074766355140187,11488.27880388084,11976.310902758452,9143.25721772656
0.005154639175257732,0.020618556701030927,2102.2221497543287,9880.528221739807,6090.704999672166
0.03169014084507042,0.03169014084507042,9614.190974950376,3857.703886448134,7925.507002498915
0.007246376811594203,0.034420289855072464,1446.250671593707,1580.3064220848375,9601.916729708739
0.017793594306049824,0.010676156583629894,8454.986947142359,12001.011305846456,7736.222821678442
0.022821576763485476,0.08091286307053942,10016.870527414934,16649.582392667286,9600.799474222025
0.0,0.031088082901554404,nan,9484.961781655204,9543.791228977358
0.02364864864864865,0.037162162162162164,3638.786718864235,8576.196434385029,9308.179368537274
0.015384615384615385,0.02564102564102564,9454.710537461928,10383.828389697963,6950.940258454567
0.03636363636363636,0.04696969696969697,11599.586361731841,8952.217913701845,9786.37215844812
0.008016032064128256,0.04609218436873747,5046.585307902924,5093.235224305856,5440.288869412398
0.020689655172413793,0.05517241379310345,7983.435360519096,10667.323731051549,8444.93176763989
0.010238907849829351,0.034129692832764506,25118.86235558191,12752.710781352627,10075.607689936449
0.020833333333333332,0.0375,12310.273370818486,15480.971773252742,6670.686382331283
0.023054755043227664,0.018731988472622477,7278.072898216415,11952.902893286822,8753.24585808222
0.025423728813559324,0.03559322033898305,8083.8181840151565,8456.224627206371,7418.431850439332
0.009950248756218905,0.017412935323383085,6319.208594828984,14169.49102373496,9295.80103938978
0.00423728813559322,0.04978813559322034,1405.3950714730727,4887.124370066702,8020.738440237511
0.025408348457350273,0.05898366606170599,17810.774054683505,13582.317104010936,9909.555428943504
0.013944223107569721,0.013944223107569721,13584.889227458496,8031.344693055483,12443.276181984293
0.019559902200488997,0.013447432762836185,10421.716711906354,23097.35102647769,8416.244905433037
0.02092050209205021,0.043933054393305436,15637.869484838011,15804.33225000385,7717.5369346703665
0.006493506493506494,0.04220779220779221,23340.10339325121,7991.663865969062,8290.295875961814
0.05198019801980198,0.09158415841584158,11014.777722931447,10429.1612723821,9962.022115381556
0.015665796344647518,0.057441253263707574,17646.940931202313,18556.45455520733,13429.905115259542
0.00816326530612245,0.018367346938775512,14488.285318064165,18919.27188185456,9351.093542058765
0.022556390977443608,0.10401002506265664,20109.74289467344,18774.043761027275,11337.11132242426
0.013157894736842105,0.04342105263157895,8737.284783820698,10386.86566252914,9895.357256850402
0.003401360544217687,0.030612244897959183,9064.603118240271,4381.884534868615,8823.817507704232
0.01841620626151013,0.024861878453038673,5237.310908139969,5972.637970936378,8061.326746943624
0.013223140495867768,0.03966942148760331,9765.406271799864,8561.598148509645,10480.272970206626
0.0,0.022332506203473945,nan,8773.035360123584,8211.997121436383
0.02553191489361702,0.036170212765957444,13542.752019865375,9250.634894395593,7714.397912191879
0.006578947368421052,0.013157894736842105,5298.841201221196,7654.907802596432,7341.763401365812
0.037698412698412696,0.03571428571428571,12195.469053712472,12520.491810144966,10364.41734149457
0.03643724696356275,0.07894736842105263,12093.303568308991,16411.983904014473,12724.073860717628
0.0022727272727272726,0.022727272727272728,5531.635488575303,12340.04956558312,10067.532465794238
0.038696537678207736,0.031568228105906315,15525.868004898866,11688.686904361375,9227.509529611243
0.037940379403794036,0.051490514905149054,11616.702448090664,7400.852381554083,11298.994444929911
0.028409090909090908,0.05397727272727273,13811.790305521417,10694.753506312694,8885.51307243113
0.01951219512195122,0.01951219512195122,15042.043658918024,25201.719175879705,9641.166144384462
0.0,0.07028469750889679,nan,11102.934977430436,7672.471281464546
0.001976284584980237,0.045454545454545456,4645.8605634502055,7372.58901070343,7217.249980965712
0.01634877384196185,0.051771117166212535,7161.732890920823,7513.659489011683,7809.649210868996
0.00411522633744856,0.04938271604938271,31976.18240064354,8649.007778381188,8776.643318442575
0.0026455026455026454,0.023809523809523808,22521.766255566003,11096.133577000686,11623.362007755411
0.03131991051454139,0.04809843400447427,7751.14695291062,6233.795157834148,6631.453459771527
0.028037383177570093,0.028037383177570093,9710.7754486677,9690.348359754309,7295.512141769352
0.0213903743315508,0.02540106951871658,16503.14825106736,10473.11665857412,9719.986833081202
0.0060790273556231,0.031914893617021274,1475.707094225353,6291.1834181139875,7571.010467849038
0.014989293361884369,0.047109207708779445,13992.579129286314,16503.444231310816,11862.540774877603
0.05045871559633028,0.04128440366972477,11151.98543055847,11317.669732107279,7054.6668191175095
0.023809523809523808,0.007142857142857143,11795.43560686059,8407.018916203497,10585.240776699331
0.024336283185840708,0.06637168141592921,12820.119469673307,8796.960822031902,7543.755507356079
0.014164305949008499,0.053824362606232294,16450.284844906862,7298.011394139921,7911.926956279684
0.013986013986013986,0.04895104895104895,16104.006357671597,13739.815418354385,8646.421276783236
0.022151898734177215,0.028481012658227847,7504.982806616222,10560.277880640506,5864.943566444323
0.022774327122153208,0.008281573498964804,9344.542227051566,2140.089359894768,8501.30204784514
0.003968253968253968,0.02976190476190476,10839.788657442434,11013.374695688493,12202.82753520722
0.00796812749003984,0.01195219123505976,12508.952465189173,14025.725619153207,7236.8774454901995
0.02066115702479339,0.022727272727272728,10020.638441571145,8239.2464223863,8232.76288201367
0.020895522388059702,0.04402985074626865,15322.342428197207,10860.65045857255,9908.906896489325
0.0200445434298441,0.02783964365256125,11113.206929149701,18706.125318984086,9841.214020018404
0.015625,0.05078125,8199.78000982004,7412.755684571475,7983.022988103784
0.022613065326633167,0.04020100502512563,18871.524950850104,11900.601793711558,7209.488285753696
0.03515625,0.046875,23209.924738321643,16929.662254037357,9086.939148004918
0.007518796992481203,0.03508771929824561,15007.029268697843,14905.1778653019,9929.580286936445
0.022556390977443608,0.03665413533834586,11529.96573257183,7839.448598642507,6550.580833334846
0.01762114537444934,0.05066079295154185,27114.702943227905,17258.069772865096,11684.984850499754
0.038461538461538464,0.015384615384615385,16688.918438539207,17429.414724564223,12065.826654433
0.014367816091954023,0.011494252873563218,11943.266567691968,15459.939373127225,8771.1493832183
0.0,0.03169014084507042,nan,18952.435338991523,7750.69518174182
0.01483679525222552,0.03560830860534125,11210.834921207686,10938.846165721421,12812.54555822605
0.0023148148148148147,0.037037037037037035,14218.702936462152,15341.88159575362,13628.362601608746
0.03680981595092025,0.05061349693251534,21568.634853579995,19792.013344926647,8736.303319418477
0.014669926650366748,0.023227383863080684,14613.557094997595,11406.064266588592,12211.963834643648
0.011389521640091117,0.03758542141230068,21230.660888044928,13770.515679730905,11118.940895107899
0.012216404886561954,0.027923211169284468,32528.922594486397,14569.28370622214,10545.337600099954
0.028350515463917526,0.03865979381443299,13547.34316186891,8727.56049957652,9308.690911441556
0.008955223880597015,0.04626865671641791,2695.092854716933,6559.488063178468,6483.293365490035
0.0024154589371980675,0.028985507246376812,16805.651135387954,8296.750288590309,7228.835462567852
0.0066518847006651885,0.01662971175166297,16105.76924773775,7666.556438084936,10569.972052622308
0.012944983818770227,0.05663430420711974,8522.050505487068,5888.688266737159,8031.8706882870865
0.007832898172323759,0.033942558746736295,15460.249762374116,7664.835247985787,8690.08959803594
0.024943310657596373,0.06235827664399093,20764.5362532169,14460.04187857157,9977.50268206533
0.016722408026755852,0.046822742474916385,8481.43205065468,7472.098623821638,7988.837736642694
0.03481624758220503,0.033849129593810444,10176.851829562565,7708.04133691585,8927.259670258987
0.005249343832020997,0.015748031496062992,8140.309031227598,7220.841970377489,7483.465570931809
0.0019120458891013384,0.03824091778202677,16913.397646859004,14285.893440565877,7896.7150791092745
0.003676470588235294,0.034926470588235295,6083.725121373114,10616.621339740514,11056.105262778743
0.011204481792717087,0.03081232492997199,5185.479313772904,9547.438209001413,7395.599928035641
0.007575757575757576,0.054924242424242424,29989.865242407745,15611.961519995726,8029.20723312963
0.0057306590257879654,0.02148997134670487,17214.485857366562,18115.876651182632,10712.567697962375
0.03051643192488263,0.04342723004694836,9201.326689265912,10430.755723981794,7555.201116823447
0.014336917562724014,0.03763440860215054,12004.831465865529,11327.465898803133,8849.041040662023
0.015384615384615385,0.06153846153846154,7674.2242798578345,7586.301209072978,7599.974326074208
0.016018306636155607,0.06521739130434782,20560.633923140358,10791.203926271624,8466.963304535431
0.0,0.052768166089965395,nan,10143.142844224907,8498.190440719914
0.024475524475524476,0.038461538461538464,13215.832738473486,9025.180355528439,8857.339307900593
0.04358974358974359,0.06923076923076923,14424.27951295149,11436.6508036738,7698.674761811641
0.021108179419525065,0.0395778364116095,15710.58431897782,10940.144505344033,9341.196323637398
0.03486238532110092,0.06513761467889909,19413.171453491603,17249.740320243953,12635.330680611183
0.07741935483870968,0.06774193548387097,15423.928677190896,10687.27718113969,9890.320381055644
0.01361573373676248,0.04236006051437216,13711.877066621173,13458.770016549493,10206.123904568252
0.02046783625730994,0.014619883040935672,18899.925071679398,5410.62743414111,9730.038315861239
0.02079002079002079,0.059251559251559255,14532.053004461097,5575.502604804552,6700.298255646464
0.044543429844097995,0.026726057906458798,9971.435782133334,6676.414994655043,7469.34388088834
0.02463768115942029,0.031159420289855074,9523.855736924588,8192.425822321376,8283.087112645087
0.00909090909090909,0.04090909090909091,11284.490630394317,5151.757317770237,9092.79108899142
0.022727272727272728,0.03787878787878788,14065.983469941384,14022.04880647162,9344.609836300335
0.002531645569620253,0.012658227848101266,41163.08011585321,17437.91169551797,8149.873839372515
0.02619047619047619,0.05952380952380952,9400.695732216596,8094.233091413776,7790.781531813983
0.007434944237918215,0.027881040892193308,33127.66991925475,10472.152185282406,9806.268456015534
0.01644736842105263,0.06578947368421052,6395.427811996142,7119.485402588405,9415.54881789882
0.036231884057971016,0.025362318840579712,20618.526446510983,18999.879097007888,11557.5393665517
0.006109979633401222,0.03665987780040733,21005.6892809295,12385.069511509833,7425.169662067458
0.01227830832196453,0.03547066848567531,17946.872272470428,8441.89317941028,8693.97747777454
0.007782101167315175,0.019455252918287938,9429.142131599681,5173.857218348698,10601.38676134955
0.025252525252525252,0.06060606060606061,12710.010066298368,9463.263486514166,9439.154080279915
0.015463917525773196,0.023195876288659795,21482.75087851937,8463.221899533773,8786.988596532274
0.005249343832020997,0.05511811023622047,12497.075153743994,10923.635102728138,9983.37591931535
0.006379585326953748,0.03349282296650718,18885.458329425026,8107.446664049639,9716.436513092125
0.011961722488038277,0.019138755980861243,4095.862583791188,16968.54583565017,9614.322265702674
0.0045871559633027525,0.040137614678899085,7530.028204895443,17397.355801005942,9978.61841498111
0.04050632911392405,0.053164556962025315,15955.814454337029,15362.080651040333,11752.980727798615
0.025830258302583026,0.05996309963099631,10112.37292598198,9365.67846625435,9329.946723646406
0.03367003367003367,0.026936026936026935,3754.185371642986,3690.2683455331,8728.553102926742
0.03508771929824561,0.019005847953216373,9735.43313369607,4701.263337424693,8601.154466104892
0.017543859649122806,0.05789473684210526,22481.114647787505,14646.834211880327,12064.23160115135
0.03194888178913738,0.027156549520766772,17122.577615791975,16706.57553123541,10098.583930919147
0.028469750889679714,0.03558718861209965,13040.02352346908,9950.116097467793,7690.165440930618
0.01790633608815427,0.03305785123966942,14926.129308659363,10645.803611222464,10117.173733454787
0.004576659038901602,0.018306636155606407,14941.790017044881,14393.84683707378,9068.975044788533
0.017123287671232876,0.0273972602739726,13950.518572469004,8881.052058552299,9531.786705235612
0.004830917874396135,0.033816425120772944,23543.31456574914,10441.73458177487,9023.311734302426
0.018970189701897018,0.023035230352303523,15515.281150730056,5266.826932287912,7501.213988542442
0.014802631578947368,0.03289473684210526,13204.251094135347,6550.529116830301,7608.646358643386
0.008021390374331552,0.026737967914438502,32085.629492303688,11100.914159887092,9528.033524835488
0.014423076923076924,0.03485576923076923,18351.54401689841,15321.848729979161,10046.367684945446
0.005115089514066497,0.04859335038363171,11759.3649522633,6034.036437228245,8331.698805140688
0.006134969325153374,0.04294478527607362,26148.475468474095,11749.180399703666,8675.845256440643
0.03640776699029126,0.05703883495145631,23000.41669276026,8766.576815434992,7678.255635190559
0.006993006993006993,0.03671328671328671,11698.341306348524,21382.817970198455,7487.35970460831
0.010615711252653927,0.02653927813163482,14117.584149095326,11693.405063386785,8816.731457048627
0.018404907975460124,0.05521472392638037,11881.731682358419,15222.93114853603,8625.511928017844
0.02771855010660981,0.046908315565031986,17452.78405794357,11209.1012656097,10051.497732970416
0.014336917562724014,0.043010752688172046,6540.455575426145,7284.629270187822,8276.2994940698
0.011467889908256881,0.04931192660550459,8808.803032064925,7631.171232478685,7461.549079802567
0.05179282868525897,0.043824701195219126,16920.204803840566,17242.09827995348,11396.914522049563
0.015570934256055362,0.012110726643598616,14208.041387399917,9410.668400548093,10148.245176625238
0.028985507246376812,0.03260869565217391,8209.587132250606,7920.425368363904,8667.049868815755
0.0056022408963585435,0.023809523809523808,40075.52513283115,6668.812779512603,9506.820729546975
0.0196078431372549,0.036541889483065956,14921.358867685702,9558.456199682758,7083.164066660042
0.0117096018735363,0.04800936768149883,8327.24825049661,11449.176641589625,14010.30508472654
0.010940919037199124,0.02516411378555799,15467.679570159558,10860.322498010955,10009.060213013538
0.020050125313283207,0.03007518796992481,10764.878565091734,7324.714591628569,7862.523953158266
0.009925558312655087,0.004962779156327543,9647.278338385478,17150.331489135584,8165.504871581795
0.01818181818181818,0.045454545454545456,5740.845949811023,5206.698271226824,7662.853688112771
0.038461538461538464,0.04131054131054131,11585.572123290925,9504.456912185675,7786.365284975531
0.009708737864077669,0.0048543689320388345,9470.812583417906,13864.954021282581,8580.21624148883
0.005535055350553505,0.02214022140221402,18553.42674659956,6145.169368397864,6309.329369592486
0.010822510822510822,0.0367965367965368,22330.940165326978,7328.686090471725,9047.255452677713
0.012861736334405145,0.03376205787781351,5422.283032541434,8369.755749458142,7167.3270061378935
0.024896265560165973,0.03112033195020747,10427.020088349485,14266.958314204392,10441.920884546797
0.0744336569579288,0.03559870550161812,23367.526876801174,15738.449262972565,11035.142700807177
0.004319654427645789,0.03131749460043196,20845.139352413797,7704.559606083508,7915.486737461538
0.012684989429175475,0.039112050739957716,8884.332895764894,8692.56136013847,6745.017967341957
0.008849557522123894,0.03982300884955752,3692.8656798011725,6412.163631791997,5297.3023766073065
0.056451612903225805,0.034274193548387094,12717.01031201053,15936.186496663051,10132.121650755931
0.024193548387096774,0.020161290322580645,12252.093395184398,12145.154161162867,6723.978335988997
0.013996889580093312,0.041990668740279936,11796.100438468768,10629.657712253755,10570.198542731163
0.00816326530612245,0.018367346938775512,22604.044291935712,17605.867147445955,10698.420687007067
0.014204545454545454,0.028409090909090908,7860.760872045042,7035.107424492824,11719.431674071797
0.02806122448979592,0.04336734693877551,10031.47124994386,8537.572116604108,8222.578148312652
0.016877637130801686,0.028832630098452883,8432.237204056792,8285.779255321679,6875.4626055672115
0.005917159763313609,0.022189349112426034,7606.849724513999,9242.828187892797,7461.018052617776
0.005928853754940711,0.009881422924901186,8740.350684477888,3404.01508073091,8078.85162345026
0.003236245954692557,0.03398058252427184,2792.2063729216,5525.052943043132,9409.795700031722
0.028328611898016998,0.042492917847025496,20209.27957883584,9366.800886833256,9649.940216956767
0.025,0.07272727272727272,8548.60907446582,4878.178616242205,9067.471081830965
0.028846153846153848,0.014423076923076924,7679.011004608883,3457.233082944198,6747.384468528347
0.010706638115631691,0.018201284796573874,13250.986199556191,10303.08850700788,10641.658528413864
0.0,0.025073746312684365,nan,7574.029151776926,9446.948203101243
0.037333333333333336,0.037333333333333336,12161.4106625004,7600.278201344294,8752.771338015531
0.022598870056497175,0.03954802259887006,9951.343506059126,9248.078590251384,8516.471325375085
0.03468208092485549,0.02601156069364162,4061.55141444393,3879.435855280658,8484.48376906055
0.00819672131147541,0.011270491803278689,11499.251593092591,8772.678803415758,11213.527113255992
0.00980392156862745,0.06535947712418301,9636.555595970205,11541.33494119855,13827.841416778347
0.036939313984168866,0.06068601583113457,17382.8207307743,14615.559866387508,9471.40793216566
0.006968641114982578,0.006968641114982578,11797.040661153886,11446.613112395495,8011.245504279405
0.0,0.031055900621118012,nan,7655.312254287945,6145.490094897931
0.0055248618784530384,0.027624309392265192,2675.830671183452,6611.378560520352,7479.101269722551
0.02493765586034913,0.034912718204488775,18437.552254936578,17448.956431930288,11569.574609625013
0.006191950464396285,0.02786377708978328,37452.888623889594,20020.742320396592,13849.644057332138
0.0,0.00954653937947494,nan,5185.371651877251,6605.010610472529
0.008403361344537815,0.0196078431372549,7301.77871434075,4524.333946675366,8316.769877871617
0.026490066225165563,0.009933774834437087,11996.487268183146,10028.124333805463,8497.76567130289
0.005,0.02,4577.270403901468,10277.746519315757,8342.237374780609
0.0034782608695652175,0.03130434782608696,9665.321579740777,9627.870815890237,8747.721304286346
0.0061162079510703364,0.024464831804281346,3266.947266923815,8162.324085831335,6562.432705649209
0.03686635944700461,0.05069124423963134,25011.407123837445,13037.164584932028,9509.864749752347
0.007792207792207792,0.02987012987012987,3725.8540036039244,7247.956211729785,6555.276867746046
0.0380952380952381,0.04126984126984127,14625.912181732414,12104.40789783061,9534.76230133211
0.017467248908296942,0.013100436681222707,17822.033422712087,26607.39700007143,9644.08028322498
0.017964071856287425,0.029940119760479042,8001.351500022804,4665.90307792643,8832.008672147645
0.04888888888888889,0.05555555555555555,9459.445216855847,9990.706150994023,8921.242452681294
0.040372670807453416,0.037267080745341616,20649.706370035005,7149.069816190323,7474.1137548668585
0.0,0.018092105263157895,nan,14474.683081641811,7325.276455370801
0.0136986301369863,0.0182648401826484,18652.389945276707,14645.573946716122,8004.175613690321
0.007194244604316547,0.017985611510791366,12482.438989056544,19205.15656953921,9014.602953416235
0.038696537678207736,0.048879837067209775,10333.214335845403,9796.597752306981,9256.465243004472
0.0029239766081871343,0.04093567251461988,4569.726773320828,12842.512935471712,11304.786335882296
0.004087193460490463,0.014986376021798364,1423.1413706079209,11312.431272208081,6862.739488836408
0.0099601593625498,0.0199203187250996,8013.645512651839,6460.839678238427,9050.16974057262
0.0064516129032258064,0.020967741935483872,29733.525350636723,9245.451780668778,7873.737634570163
0.05687203791469194,0.04383886255924171,12936.870694096908,12482.337007039087,9665.914787469963
0.017241379310344827,0.05862068965517241,10388.745493396684,11206.17893666738,9066.520247400305
0.017699115044247787,0.038348082595870206,13125.946802911067,6175.7894572859595,9638.376911272593
0.02389705882352941,0.04503676470588235,9124.451655015004,9487.879029057534,10551.187090012834
0.03745318352059925,0.06367041198501873,23870.400340776203,15478.37418513475,10187.10788518008
0.016778523489932886,0.008389261744966443,2476.116475033522,4619.094533538972,9035.61753786729
0.01195219123505976,0.053784860557768925,11017.957997837364,7565.721466860839,8873.071171352427
0.01858736059479554,0.05762081784386617,14054.243435098277,9618.689546192003,8283.46092665145
0.006172839506172839,0.044753086419753084,17734.25565209082,14440.452250969327,8321.729188251484
0.029069767441860465,0.029069767441860465,12395.494041227037,6752.99242795953,9505.351154243584
0.0031746031746031746,0.031746031746031744,14996.23008536762,7975.93088634958,7227.915580246406
0.017699115044247787,0.032448377581120944,4834.825373378332,4394.126919931591,6455.630142550185
0.0069124423963133645,0.02304147465437788,18139.22791116168,16227.734669245614,9839.199086265126
0.0028011204481792717,0.03221288515406162,21403.943960807002,19287.773148054304,13479.889996731186
0.02702702702702703,0.03783783783783784,15562.162756961741,12999.431757076933,9318.580089229841
0.022151898734177215,0.007911392405063292,14666.132235727044,2068.3804949561018,6279.4369365117045
0.009375,0.03125,27815.753647362963,17135.523972420175,9756.314750090187
0.03183023872679045,0.04376657824933687,9195.045309945574,7338.45758329358,7011.930471332298
0.01818181818181818,0.0375,17454.783362924405,10223.127747066825,7285.651800805348
0.0,0.016025641025641024,nan,12035.059185568436,6603.170581910408
0.008281573498964804,0.036231884057971016,8216.105127353117,7351.917279316094,9038.678972369504
0.011764705882352941,0.027941176470588237,39708.27081110436,7678.74715777107,6722.576987991635
0.020477815699658702,0.08873720136518772,11920.905680244765,8322.816706092864,7915.922076981617
0.006369426751592357,0.027070063694267517,3984.2070514511324,10949.935565684025,8159.732935615846
0.017804154302670624,0.0712166172106825,7174.594762631737,11931.391874326278,7994.5516736464315
0.008639308855291577,0.035637149028077755,17596.680611540538,11901.979489183348,9343.632466943587
0.00641025641025641,0.03205128205128205,3196.92782766009,3310.2627163832003,4723.46570295499
0.035398230088495575,0.030973451327433628,16801.681899695184,5606.55151261267,10511.637704153094
0.0,0.030373831775700934,nan,2443.1427316957097,5421.067209249451
0.022332506203473945,0.03598014888337469,5236.491348501141,3546.58852706684,7894.517711738876
0.014545454545454545,0.046363636363636364,10221.860379819167,10511.960001820295,9841.586310481334
0.03038674033149171,0.03038674033149171,13560.699966365799,8726.636769557774,8748.946161854143
0.007312614259597806,0.014625228519195612,12265.38611911635,11103.934110161961,12269.41287504836
0.007320644216691069,0.03294289897510981,5332.144503742211,3490.9582482611695,8359.353013849
0.02181818181818182,0.02181818181818182,8693.785755136338,6303.328839818441,7009.411902652168
0.01616915422885572,0.021144278606965175,15232.861520663817,13809.668197984021,14188.73846052309
0.0,0.0072254335260115606,nan,1223.0235696996995,7678.393426305738
0.03464203233256351,0.05658198614318707,19181.246917053348,10620.177590483825,8427.807252838831
0.016260162601626018,0.0508130081300813,7084.416786051176,7472.635689084676,7233.061977121614
0.0648854961832061,0.03244274809160305,9105.733671533853,19433.244862864576,7445.666945016643
0.01948051948051948,0.05844155844155844,15823.20456359443,9540.48559038224,9874.144371005048
0.012658227848101266,0.02109704641350211,27024.038720813613,20653.05407122554,9559.260049617122
0.0,0.024734982332155476,nan,8949.426877018086,7027.877536591565
0.006230529595015576,0.02336448598130841,2320.0862240473507,5505.732455117316,5997.856345339333
0.057971014492753624,0.026570048309178744,5294.209830639472,6790.539795375888,8428.9598198333
0.008522727272727272,0.046875,9494.888985732121,7589.251377782259,8038.900359552804
0.025495750708215296,0.0028328611898017,11179.396788168473,5135.714290057,8584.735090315493
0.04361370716510903,0.048286604361370715,10510.021622790331,9078.90797116259,9258.47894163102
0.027989821882951654,0.03689567430025445,18213.70965533029,15261.356221682234,13887.396998762875
0.008583690987124463,0.02145922746781116,4088.173569294649,7621.921814700952,7315.197171548979
0.034261241970021415,0.055674518201284794,17894.10011126352,8610.355682513378,11467.502868244008
0.03907637655417407,0.0497335701598579,7540.995249863128,6576.979116690387,7462.194298676124
0.00851063829787234,0.01276595744680851,11317.820105062168,14792.297090156579,9515.028268590082
0.0,0.02214022140221402,nan,5651.0176091279645,8191.518137204021
0.04899135446685879,0.02881844380403458,12300.13251236352,7422.083375360099,9846.55211391511
0.008708272859216255,0.02177068214804064,13300.734811637289,8969.686384812201,8715.797528337855
0.02368421052631579,0.035526315789473684,10983.877258246637,8632.793444896022,7948.815054249271
0.028268551236749116,0.0353356890459364,8236.991319612514,6221.23720077106,7862.754493844493
0.02666666666666667,0.09666666666666666,13319.73403949297,9392.489829261845,8099.547721032802
0.03505535055350553,0.024907749077490774,12585.06647028726,11037.890986694869,9944.715810289745
0.01791044776119403,0.026865671641791045,10029.97254090916,6168.117533772536,8843.517365161459
0.015424164524421594,0.05012853470437018,18117.669706392597,12931.423593862643,9995.797641274301
0.030864197530864196,0.0360082304526749,20349.063168802193,16495.243606528955,12966.291793360939
0.05922165820642978,0.03553299492385787,13488.414710774368,12881.33411637439,9767.767222360113
0.002564102564102564,0.038461538461538464,2095.637751984326,3367.71851872227,5972.4584566407875
0.014423076923076924,0.05889423076923077,21826.19965482096,12260.411517435385,8827.063068995465
0.003003003003003003,0.04054054054054054,39046.51637453524,14727.002290386288,10561.539252920793
0.01020408163265306,0.06972789115646258,22912.027278232887,9041.584402228113,9889.241404528198
0.02510460251046025,0.043933054393305436,16112.164880918213,16228.128281214937,9931.629987700431
0.005970149253731343,0.016417910447761194,4838.460409274827,10668.826189134883,9394.257658583834
0.04594594594594595,0.05675675675675676,11499.692058133138,7194.38539188807,7360.93468339376
0.009765625,0.025390625,15840.64817762402,11354.210551780458,9284.614234036213
0.02462121212121212,0.030303030303030304,15147.266749178276,11324.377863842972,10524.305736006612
0.01338432122370937,0.032504780114722756,14692.44451489957,6670.47678943863,8686.055356232915
0.009157509157509158,0.047619047619047616,15735.805072516867,8896.357053529902,8362.37765117617
0.009966777408637873,0.03322259136212625,5408.870964371373,9529.025753237736,7313.795897431943
0.003215434083601286,0.014469453376205787,27282.463308312977,17632.11609353919,9218.18384013876
0.03551912568306011,0.04644808743169399,7420.598874767756,6950.655863336999,6638.873646760534
0.024539877300613498,0.016359918200409,11130.199189364022,5620.49884030794,8737.818080314917
0.019178082191780823,0.04657534246575343,10849.568964036636,12799.580504944233,7099.3186875846795
0.0022935779816513763,0.03555045871559633,2885.592274126032,9433.620585869397,8556.419471754267
0.021634615384615384,0.055288461538461536,15485.107659592277,11725.234384105723,9601.435565001968
0.020348837209302327,0.050872093023255814,16815.684319255543,20508.317411883912,8357.995607739018
0.01650943396226415,0.04481132075471698,13392.582600117801,9505.065902179871,8403.977291045909
0.017985611510791366,0.02697841726618705,17107.677939777015,15902.290401786531,9246.505804591212
0.011299435028248588,0.01977401129943503,20534.71051218322,8161.431065728663,7769.698332119594
0.03496503496503497,0.04895104895104895,16660.832153517236,9586.832702394031,10505.16686269906
0.049586776859504134,0.04269972451790634,24998.616124485576,17679.074580371365,7160.426391043475
0.02434077079107505,0.06997971602434078,11748.255013180324,12304.28785428431,8343.13848107945
0.008595988538681949,0.054441260744985676,7300.458588221721,9219.435498858536,8845.669683759497
0.018612521150592216,0.02030456852791878,10021.973487809651,5758.401158321448,8502.04022902197
0.024390243902439025,0.02993348115299335,13518.404059569999,10499.82634008068,11635.280094241843
0.029055690072639227,0.015738498789346248,17120.80060989362,14239.904382564468,14848.59375178667
0.004464285714285714,0.033482142857142856,4711.331509428396,7869.236770164203,7327.453420502219
0.05167958656330749,0.05167958656330749,12146.54756047261,10297.357338979342,9190.483258184666
0.03418803418803419,0.06552706552706553,18991.236764221783,17381.183283765273,8119.5356223946965
0.022900763358778626,0.03307888040712468,10210.405078398695,8732.435730551822,6833.947865203673
0.012539184952978056,0.02115987460815047,7221.906783503901,6144.0018363789595,8887.652785567649
0.023121387283236993,0.04046242774566474,8481.296294986478,8832.583151074135,7348.940019789823
0.0,0.024271844660194174,nan,3689.9978942801126,6616.327499004212
0.0045662100456621,0.04452054794520548,12363.13045165725,13671.968679529698,11726.894124128945
0.03954802259887006,0.05367231638418079,6457.830407009816,4916.92585407748,6862.071358270129
0.037037037037037035,0.06172839506172839,9887.373272110604,12616.485478185827,7138.877871424424
0.0,0.013333333333333334,nan,11598.357956071382,8636.935301955396
0.007476635514018692,0.028037383177570093,14540.771934699274,3846.3613844886804,9341.210514070275
0.0364741641337386,0.0425531914893617,15061.829952159802,12910.212351671804,11222.011636264362
0.03365384615384615,0.04807692307692308,11893.757212996195,8835.268014094243,7457.079797519696
0.01812688821752266,0.015105740181268883,8558.904007683452,5460.455399450385,7801.489792085444
0.03614457831325301,0.02610441767068273,19238.933848410303,22544.767903142983,9984.761347200736
0.0365296803652968,0.04680365296803653,10560.074157136247,6889.319589000735,8606.751298576444
0.007677543186180422,0.0345489443378119,25647.725739674424,19012.67822279625,12351.490059491978
0.026490066225165563,0.048013245033112585,14053.031221973602,13067.51452661577,9061.909810381694
0.015228426395939087,0.03553299492385787,17015.541063516383,9843.975905912532,10448.08899170148
0.007326007326007326,0.03663003663003663,13863.308410607591,6734.141762777284,7930.876072429578
0.013186813186813187,0.031868131868131866,2406.091410007059,3651.8828603729016,8674.019218991585
0.0,0.026385224274406333,nan,8999.09885166288,8422.481539987082
0.0125,0.029166666666666667,11156.827582529113,11506.090082721244,7817.026818812068
0.0,0.03225806451612903,nan,8858.254325763995,9208.266638815725
0.04,0.04823529411764706,10388.190500779072,9793.956999747435,9420.645045133888
0.0243161094224924,0.03951367781155015,14445.89305889007,12220.240030417886,11355.031679302429
0.007246376811594203,0.016304347826086956,12689.901801820979,11163.662292773262,8448.262787642956
0.00546448087431694,0.056010928961748634,17630.803710179425,9885.07947902964,7721.957036671361
0.006420545746388443,0.038523274478330656,13727.256524761156,28190.406474172836,16064.732101703401
0.023474178403755867,0.04773082942097027,6422.29199852597,9787.020868024041,6373.538431975759
0.02564102564102564,0.019230769230769232,11133.565966932147,13891.983217528274,7614.1421934767095
0.005988023952095809,0.05688622754491018,21265.744667328865,7352.022925534664,8417.936736617294
0.014005602240896359,0.011204481792717087,5637.706564064976,8186.5115313353535,7704.847084875709
0.014141414141414142,0.012121212121212121,14747.19045072017,3910.503165383419,10204.610538516305
0.001949317738791423,0.01949317738791423,6880.472259594946,7245.754435038104,9173.42949007557
0.018518518518518517,0.05291005291005291,9926.486038360454,10163.12238524629,11008.87881604081
0.02564102564102564,0.04395604395604396,12377.553010153531,5528.294694412852,6914.371683158407
0.024271844660194174,0.03640776699029126,7826.555548548453,4392.99809353687,7385.219282679836
0.012295081967213115,0.02663934426229508,12002.967383890364,5949.417811939325,7566.606425430982
0.023880597014925373,0.04328358208955224,7446.011827964634,3780.127804681515,6582.515772232989
0.013215859030837005,0.009911894273127754,18310.98519161871,18603.329086642778,8194.511976655169
0.022675736961451247,0.049886621315192746,11249.356209355126,12324.226740943886,7659.856859550855
0.009584664536741214,0.04472843450479233,10654.844309512404,8969.406366344247,5681.773247902491
0.011278195488721804,0.045112781954887216,12381.715947105564,10608.892453131222,8002.131387108606
0.024714828897338403,0.04467680608365019,17831.42039588847,14737.910644757829,10455.203241586312
0.01282051282051282,0.04700854700854701,13519.542627093784,8469.789505156785,10028.644356678726
0.016791044776119403,0.024253731343283583,16328.740689651015,11308.453094236338,10849.262212569269
0.01038961038961039,0.005194805194805195,7485.061823672524,16220.823644553686,7566.767296857006
0.01556420233463035,0.05058365758754864,20901.615618326854,10913.887262053266,7382.0834803206135
0.0712166172106825,0.026706231454005934,9976.738932760061,10153.351794234373,7349.97939630717
0.03089887640449438,0.03651685393258427,17600.07869599758,9121.408628341722,8147.575738844755
0.03,0.055,8776.246151604731,6076.269674992988,6069.441543899954
0.024291497975708502,0.048582995951417005,13379.901855369999,8799.454939386194,5971.208526998749
0.02079002079002079,0.04054054054054054,8500.429659970574,8059.035034964473,9059.455154315787
0.011210762331838564,0.021300448430493273,12125.641816915459,11257.555983521475,12180.52482391228
0.013559322033898305,0.04406779661016949,7949.322831301959,10895.340531711992,7309.944075830126
0.007692307692307693,0.019230769230769232,21809.998671326943,15084.1587111025,8638.550787309263
0.005076142131979695,0.0025380710659898475,13145.807893286812,4994.568371349631,8859.710316154036
0.052478134110787174,0.06559766763848396,8023.664169489235,7938.824190707858,6936.314236421213
0.008771929824561403,0.029239766081871343,11642.243415005045,8932.21033570032,8180.876935713733
0.027552674230145867,0.06888168557536467,9023.13150288252,8768.81630647629,7773.602999724137
0.0,0.031609195402298854,nan,5282.56160517292,8785.332921348514
0.0,0.028153153153153154,nan,18097.935518609847,10030.212634308218
0.0,0.008130081300813009,nan,9171.254043220459,7055.003277576087
0.013812154696132596,0.027624309392265192,18960.984306584716,10518.811596025693,8430.05607336453
0.008620689655172414,0.04310344827586207,15697.873025626082,6552.889737901622,7891.97283590355
0.01647058823529412,0.04470588235294118,7561.960814366804,6007.028663230497,6225.1933526026805
0.02830188679245283,0.029874213836477988,7209.753826798418,9160.119518631534,8493.097481330145
0.019748653500897665,0.0381508078994614,12306.673521111397,12583.546121816275,13398.357045588129
0.010893246187363835,0.02178649237472767,20365.499001087905,11519.95837209241,9350.086263461377
0.014354066985645933,0.03588516746411483,10052.044350048147,10415.163594626354,8591.827928478655
0.007352941176470588,0.03431372549019608,9916.665223452626,11987.892286353379,8318.884728443727
0.023166023166023165,0.027992277992277992,14183.775560761307,14501.999782977715,8871.29772751129
0.016260162601626018,0.021341463414634148,9241.279503405061,14616.157585752055,10416.00981677581
0.050397877984084884,0.03183023872679045,13936.295883619912,10507.30997707882,8336.011144014396
0.011461318051575931,0.014326647564469915,1803.4827654549044,6908.954387859837,7765.553418140736
0.014423076923076924,0.03926282051282051,12743.054503138039,13108.411717610401,6626.995329833969
0.021739130434782608,0.04619565217391304,19042.303331268515,14628.122387722991,12492.771701011488
0.023809523809523808,0.01904761904761905,14297.106550676679,9378.911747378814,8214.023127990498
0.012048192771084338,0.02891566265060241,12979.684644728146,11530.073419332984,9151.115402340918
0.03412073490813648,0.03805774278215223,7219.2923774369165,8943.345461885167,9912.694145600519
0.00392156862745098,0.0196078431372549,15148.58163492832,6433.550695893688,8376.160823636874
