0.02799057159693577,0.03432527990571597,17961.488953691627,12643.631693474274,11569.478528242933
0.0040598832783557475,0.013448363359553413,11155.503911392938,13068.026138774761,9047.0037259421
0.01492100643651258,0.023844353423054417,6750.4851100154565,10016.515574652745,9270.837847634115
0.020628448069081314,0.020028783881026625,10537.260886315922,5924.381417304263,7460.604568254173
0.011560693641618497,0.01970572779821335,10883.165722729645,9991.974357475254,8231.748019817805
0.009631849315068493,0.018835616438356163,17114.698181350926,9992.116837790947,9948.998239742581
0.036559594251901945,0.04237109044801352,9874.72292211139,8260.140623255695,7828.564117572487
0.03772954924874791,0.04574290484140234,12384.840187040885,10943.608295432903,9624.693086629852
0.024029058396200054,0.019279128248113998,14948.949256377404,11348.918636452316,9115.284383122886
0.027820447175285885,0.030295272230756103,15415.42784148718,11089.294968262506,8736.002152936553
0.00945945945945946,0.032027027027027026,11410.529170661976,8726.949010598919,7249.343301359983
0.014273230410719488,0.024322749781532187,11364.009991859426,9513.146485974292,7659.733009518649
0.003575685339690107,0.020858164481525627,13525.614570606573,13298.753017921414,10105.98906248267
0.020314735336194562,0.0525035765379113,15646.364657152542,14854.064069361611,11212.507941052458
0.021527777777777778,0.029340277777777778,8261.080126783902,11360.458178251387,9646.32320345391
0.006072315760419542,0.03601987303339774,14884.923737868174,9535.077221795369,7532.319060845983
0.006290507052992757,0.020491803278688523,21822.409750073977,14168.731159395174,11690.259517235058
0.02240428022069888,0.029844507607423507,10456.676912564473,7577.544564501497,7387.633062795863
0.012519561815336464,0.01815336463223787,10859.303689742634,9804.492795777824,8966.954347605106
0.023313646254274168,0.029219769972023624,19530.444916175,11731.662392790113,10741.047796918501
0.028439153439153438,0.03009259259259259,9960.238944288245,9573.56890228752,8559.125377763692
0.008387888707037643,0.02240180032733224,11263.055437669944,10183.731463043398,8614.250308538032
0.030681305459467588,0.02857572567303354,11641.868915822597,8888.276606317308,8347.233798714868
0.007559848803023939,0.022784544309113818,9922.162193182217,8821.53374097965,8076.928645323136
0.011522633744855968,0.022962962962962963,11049.604737840551,9929.423468158313,9007.039857876367
0.01350337584396099,0.02563140785196299,13863.793747310143,9993.327580947856,9910.431256226426
0.0046430644225188625,0.02118398142774231,19611.108124576884,7608.45280838091,7202.086479681682
0.02974247370330069,0.019405150525933987,7136.918174888255,6598.381146670812,6597.906884608634
0.02332814930015552,0.0269940013330371,12768.338415653969,11811.950330822016,8854.750077492923
0.016242786920282113,0.026073947424663388,15959.846899140864,8953.894757718768,7043.796717297162
0.019864750633981403,0.023668639053254437,12697.551278228291,11293.878652361645,7994.341405607864
0.014018691588785047,0.026779295470884257,10062.813296432023,6599.355716825016,8062.527209047132
0.017414464249129277,0.02909239909854538,8636.779616991029,9989.65591838437,9244.740751402021
0.019616296615649925,0.02823884457857297,11060.451940110708,10910.691269549072,8720.389099824752
0.021182008368200837,0.03831066945606695,10395.656147167207,9283.860285763232,8813.811022350463
0.04503429764390098,0.02445571130331047,23591.355855794525,11361.794795120719,9595.064309749017
0.008958912573370404,0.015600864998455359,12483.174253082696,8657.393976316851,9178.789295531364
0.015783540022547914,0.04406238256294626,14406.340794708658,8945.678232837321,9153.679457929107
0.007921837866385001,0.01716398204383417,4690.793994037553,8990.078394976343,8278.627459664865
0.012463343108504398,0.018145161290322582,10482.13536225866,12275.06168047741,8782.528126590045
0.046933543679747586,0.026128968645237626,12687.661603804056,8599.271308928668,8518.612555678003
0.013942044833242209,0.02706396938217605,9185.92364477033,9346.230983417496,8307.288590451179
0.015095042862467387,0.023201639955273946,16255.171882487282,14896.860974466272,10763.737120221149
0.010831174947021427,0.03425947727807865,14854.634313342316,8699.913263741306,7806.301089748864
0.01383495145631068,0.03422330097087379,9290.36679289791,9421.669579137359,8356.759982252232
0.02991725015913431,0.02991725015913431,11851.401101666066,7093.504924102847,7530.8443461222605
0.022581792318634424,0.03956258890469417,16210.37551137047,18331.76209354785,13506.370226892212
0.005894736842105263,0.025052631578947368,11807.360340221345,11523.905850368308,8560.666305070654
0.030721966205837174,0.04366908053543998,12223.369855870298,13491.790886708477,9665.74208606315
0.006888168557536467,0.01509319286871961,13886.889742746038,11058.099779864646,7626.787888246323
0.01568709475005229,0.033256640870110855,14735.81879769961,8326.468022195175,8218.86106331522
0.017451205510907005,0.017451205510907005,12519.265866299886,11447.120564097566,6984.509584626484
0.023204766384446535,0.02085293195359047,7685.75676459108,7273.535841216497,7370.949141109977
0.020573277854831252,0.02554322699953768,15712.991033944025,12765.231221607883,10249.095523644055
0.013410318495064258,0.025423728813559324,12465.704515169193,11080.798873153586,6259.398759790874
0.018915510718789406,0.028688524590163935,15414.553859045556,10190.621919805555,8490.616385188632
0.018363273453093812,0.033532934131736525,10139.538897281256,11501.106625501578,7898.29039217065
0.012866191607284245,0.024445764053840063,11402.603119175024,11692.163908445013,7852.370193507458
0.017788461538461538,0.016947115384615383,11298.318826856255,7505.208237486738,9493.558017447176
0.026694766420793818,0.033192834562697573,10580.002153095546,9055.3576553805,7093.420901825439
0.026503996634413125,0.04606647034076567,18237.324270309233,17140.639106659146,9850.1212345807
0.0389202762084118,0.038292529817953544,18862.129275287964,16336.458918024653,12344.22858625417
0.028057949752429857,0.030625343847423436,13180.267590330444,9886.58760096668,6747.380808690324
0.016232771822358345,0.04104134762633997,15180.51418519339,11438.040587094327,8911.157704809568
0.02302025782688766,0.02056476365868631,15028.485439087248,10554.913377390649,11416.189412017544
0.01563048823322796,0.030821917808219176,10435.29201191563,8340.421888207298,9124.542705344433
0.006470165348670022,0.02246585190510424,10652.463201308732,11838.491290439788,9899.983584793772
0.018115942028985508,0.03359683794466403,17393.995700038333,12893.94707066891,9413.78902763565
0.007665677546983185,0.02274975272007913,14178.567605753684,10544.80825127684,9327.690204330735
0.017339667458432306,0.036104513064133016,9798.753037813001,8425.482122185695,7823.305972680746
0.014084507042253521,0.034881161971830985,9334.549496346634,7461.825088183264,7906.672064693471
0.015993494171862292,0.024667931688804556,17122.60337607267,12804.302750248908,8567.09187049161
0.019651995905834187,0.020163766632548617,19897.621268796534,12702.921289744518,10514.695878070583
0.03133235724743778,0.032503660322108344,15891.149960127737,11808.68290644744,7386.746971412929
0.02679528403001072,0.05391211146838157,19456.515725615034,12470.684370495208,11288.103616748875
0.021374045801526718,0.03435114503816794,10609.909641730173,9257.325674828136,8011.744654737336
0.03290164508225411,0.04777738886944347,11416.580169306137,9161.771054709927,8108.938439537116
0.012867040580666447,0.03299241174529858,18109.05862961285,13486.493335417206,8234.073312562265
0.028424350940017905,0.029879140555058192,9678.630183797846,8077.113311381742,8961.82207553074
0.01211652487754576,0.024490848156741428,10751.157681948891,9858.992679269173,7883.232796507077
0.03473132372214941,0.028505897771952816,13388.755294325061,6877.233320295797,7396.532673081127
0.008251121076233183,0.04044843049327354,19371.486650511568,11465.415797947644,9722.589969943467
0.021819526627218935,0.02533284023668639,13192.147197656459,10327.350267176711,10879.77775094746
0.02457002457002457,0.020475020475020474,19152.913682798997,7836.6436232008855,7927.226067360189
0.014822386915410171,0.028750319447993868,13345.41458213554,8768.945732815915,7693.877485282594
0.015358771298296136,0.02843772498200144,14000.903108989973,9963.39284844052,10881.634234473237
0.012698412698412698,0.03373015873015873,10111.092537234728,10710.399054439757,11212.543858015004
0.00983284169124877,0.021632251720747297,10898.709689311885,8728.159377927734,7407.216048807156
0.022865309038942478,0.018578063594140763,14400.245582313677,9654.247274904385,11062.289645710338
0.004399902224395014,0.026277193840136884,15537.039763877963,10360.357423420677,11986.926708853538
0.012609649122807017,0.014802631578947368,14442.663365207613,14790.164339781764,8763.151830493438
0.01059135039717564,0.03166372462488967,13164.540574926015,10616.33256322247,9780.585541825922
0.009954058192955589,0.02514037774374681,15284.38811151924,12603.339923209203,11182.098977952735
0.006798866855524079,0.02379603399433428,11882.306234028489,12069.505246526527,9662.839620984132
0.022415039768618944,0.021601590744757773,10025.243239230413,6765.904188422363,7669.704509529045
0.019843851659076123,0.03724788549121666,13349.978890933095,10153.525619646764,9038.170143231004
0.012869565217391304,0.019478260869565216,13203.51628479038,10466.837154795008,10317.304566233763
0.024672708962739175,0.04091137965760322,9475.505016176472,12664.22322505714,11612.111946186387
0.0226928895612708,0.023600605143721635,17293.49346440982,13421.577473901156,10091.083986909494
0.018177634606534744,0.02082374597330879,9816.394808985118,11880.184948191954,8653.117220874425
0.03670715249662618,0.028879892037786774,12012.70580557781,8344.78508006016,8988.580276359238
0.008722032612817596,0.032423208191126277,8708.390287906845,8136.954292158061,7198.425981367793
0.006973140495867769,0.018336776859504134,12502.671450214464,9723.8514115803,6958.976272070821
0.01708204984598152,0.027863343601232146,11436.369684108586,5961.37859310753,6706.637199050737
0.017400474558397046,0.0155549696809913,9283.38973731443,5174.871403465182,9509.92014168464
0.006739978715856687,0.02146151117417524,17670.472849542675,13611.92117314909,10899.327830057233
0.015790984783232844,0.019092736146999714,19489.44479660672,13851.2700206032,10225.070734784187
0.011477500455456367,0.034796866460193115,8524.239734058976,7534.145360450768,7513.560049164277
0.020229527329313362,0.027912857420735265,12588.353539760263,11144.589201835994,9488.657949430322
0.010261502813637868,0.02068851373717312,15163.45662950047,9832.02684278265,10286.601539440433
0.01771390374331551,0.014037433155080214,15980.481062284933,15493.046045707233,11603.785911779296
0.03105427974947808,0.03196764091858038,14837.326406153317,8440.291639693878,9106.974703316893
0.011417432470064048,0.014202172096908938,15356.279622055255,13002.975569213157,9149.158606916979
0.011684885035808518,0.03260459856765925,14399.260879137444,11499.610480275882,9666.177856796287
0.005462490895848507,0.03332119446467589,15086.34496738882,8675.519365010778,9183.611282972959
0.014346266710140202,0.026084121291164004,5658.640740180289,5441.515080027662,6516.094547807954
0.008992131884600974,0.033158486324466094,12448.57626446618,10545.28323202947,9826.142137157573
0.01767738767493248,0.029585072428185612,10541.945964972805,6750.527747679144,7502.860862355105
0.011643650148930408,0.029379907933929056,19930.619424248678,9400.705166143513,8764.446389468156
0.04262295081967213,0.05554484088717454,11763.812884423149,10874.931933686312,9827.96220713905
0.024462179042331715,0.03296321998612075,11932.803115231767,9211.174546648108,8879.09091575925
0.014649459365190094,0.01709103592605511,8398.026920360788,10665.293534860728,8547.786984322574
0.009472606246799796,0.01881720430107527,15381.189575562526,9134.10345860353,7784.751914494737
0.01009845998485231,0.02701338045947993,17705.96480654606,6621.056211726123,8439.795296036114
0.01448483192128997,0.030336157420060125,16858.49598677752,10885.389624829308,8180.303230345573
0.01407035175879397,0.01340033500837521,11377.281812851494,11169.253914210898,7112.891442278451
0.01602086438152012,0.027384500745156484,14339.81141835209,10830.014285229361,9550.672419919469
0.01528332941453092,0.033270632494709615,20900.826297376007,13996.434193714877,10357.708302557983
0.011937059142702116,0.027943570265870864,14376.605910344953,10609.188387217906,9483.889443537917
0.026072529035316427,0.03910879355297464,14840.155307915706,7585.0633535534,8455.5914507246
0.018448275862068965,0.019655172413793102,13852.484530438704,14784.339731394988,11432.885658878815
0.007029876977152899,0.021842832036153653,12286.702314115504,12181.700701656708,11268.428394106328
0.04594400574300072,0.02357023211294568,15399.714100016516,9590.921777179961,9398.619571333984
0.0287569573283859,0.027736549165120594,13801.85503719031,11473.516304828352,10869.843581709403
0.017147636971978252,0.018820577164366373,10842.651689443923,10618.052068585679,9050.689147189387
0.005832793259883344,0.016526247569669476,7809.629587865567,10983.044562436435,7206.679353769113
0.017443249701314216,0.03094384707287933,17464.89796153323,10420.344533355204,9098.12463934644
0.031308039267710266,0.03382860175112762,12205.979955938803,9794.809698892235,8426.258342833342
0.02380476095219044,0.01770354070814163,15099.08623148617,13402.834021591754,14173.77472805615
0.02328348062542488,0.021668932698844325,12738.519777507792,8542.134005033353,7076.548925686298
0.0171473109898675,0.0171473109898675,15423.57242973082,9218.88570950318,7580.793176991234
0.038493549729504785,0.02215980024968789,21523.77679200928,11083.488017523767,9709.184282855986
0.011376564277588168,0.029958285930982178,7792.864820742994,12775.395341529436,7492.210581728112
0.006256983240223463,0.022793296089385476,13276.446945789507,9712.150781340602,7716.033722222577
0.005243676742751388,0.022516964836520666,13761.656843475896,11078.880013469425,9803.477855902485
0.02956647923090876,0.03827317250136042,16924.287379824975,13495.707181505602,9242.415415405552
0.01773927392739274,0.039500825082508254,26336.946295090984,15145.447175777936,13020.082700944911
0.034161490683229816,0.03147939017504235,16007.112222136075,11410.802517670554,10038.188099838104
0.016444570456478593,0.02197334845477743,13813.567733213918,9884.314091021979,8586.093165035318
0.02021478205938092,0.030006317119393555,8732.761689106552,9959.79560977398,8339.189498512156
0.012003000750187547,0.024506126531632907,10429.199969508922,15564.922269182496,10925.583370652841
0.010494338580502624,0.0191935929301298,10171.976448634816,11804.394430352857,8852.77146002644
0.022727272727272728,0.02378787878787879,17017.226151634244,9248.64770170205,9788.320105314413
0.01600582029829029,0.026009457984721717,15076.824545809692,12411.814631239473,9843.922750031203
0.014398644833427442,0.03190287972896669,8537.82153654245,6639.006592068023,7463.84405596421
0.024268617021276594,0.018284574468085107,19219.4452402757,13528.097282276285,11424.69888436148
0.02613962384443736,0.03490596110934013,12340.18481741342,11279.864918064071,8370.862846844644
0.010742857142857143,0.026857142857142857,18538.86036056541,9946.965633071512,9568.362183180712
0.01252152136484583,0.017843167944905307,10802.740076909779,7965.460997191404,7475.930323034223
0.02484815019326339,0.03851463279955825,12542.825586077603,10178.825505147874,9175.629103750636
0.00667302192564347,0.023832221163012392,14945.671321011423,7877.249543795369,6926.143942560517
0.013214670981661273,0.029800431499460624,14438.317872870874,11358.215624652817,8698.24019659101
0.023991655076495134,0.03129346314325452,13050.025617704316,6244.331703383884,7441.6262410774925
0.031776913099870296,0.03988326848249027,10831.714178326067,9141.782730089535,8571.63589068594
0.018015067147068457,0.028987880773010153,14044.611048176364,11156.782234013848,9288.85901492144
0.005475251861585633,0.01357862461673237,19696.449382582145,9197.65250687837,10555.139219978835
0.023774765380604797,0.028258602711157457,16114.069668867633,12415.60696822487,12848.288322850673
0.01055473735886107,0.026264113892979873,10705.132345745851,8167.777873992813,7247.1440926006135
0.008207572147206778,0.015356102727032035,13724.87900357015,6374.638533009094,8494.73688570715
0.007976071784646061,0.020687936191425723,16064.111601638566,13396.4705046991,8986.13215181898
0.033537276229322455,0.03704962610469069,16703.48201688542,14781.365573238832,12730.380532467323
0.005531295487627365,0.021542940320232896,6448.050251178514,7611.2511594018815,7718.721832589111
0.00985663082437276,0.03808243727598566,15447.261194162034,12198.675499581148,11441.074084608817
0.010605276771857217,0.016554578375581996,18468.697039297018,13413.69759150521,8940.337094339835
0.02164644145621515,0.04706461134798295,13604.883954065708,8822.984102677223,8943.532750981398
0.009244992295839754,0.028043143297380585,18325.2930895528,13418.106014167834,10348.495526263096
0.0194639438417358,0.033663050414805364,13427.019156322189,13311.244457799266,10422.233003806967
0.0257227407238789,0.017527885272023674,14958.485832610233,5246.307828356918,8647.93456314553
0.022043491212392016,0.01593684837652666,10528.314940387978,10519.41048334328,8546.673295524604
0.017398869073510223,0.030665506742061765,15115.49985039985,8434.6269110513,7585.328556706945
0.02631578947368421,0.03195488721804511,11576.575344367802,9229.181066189152,10910.468125898213
0.011038777243136145,0.02420039626379847,8887.407624882468,8586.369828496549,8974.647442128486
0.008293321693583587,0.0257529463116543,21119.970955849334,14207.327090565206,10161.728447534992
0.015479876160990712,0.027089783281733747,11745.304238937937,10479.060064318463,9061.18454458001
0.012103746397694525,0.017435158501440923,12575.636878983514,13013.161361986266,8605.776573724192
0.0050460077174235675,0.023597506678539625,19321.84260384028,9906.056049040808,10860.49014884764
0.008968609865470852,0.025944907110826393,12903.190690700969,11386.240399215421,8955.539860990466
0.01399642644431209,0.03513996426444312,15096.477118415372,10314.044363473715,9110.983539245346
0.02452316076294278,0.031335149863760216,8769.49787741135,8968.460790687286,7394.684734805931
0.006206896551724138,0.01206896551724138,8444.051104628395,11017.683941848674,8622.44943378588
0.028329906328535527,0.02170436371944254,15143.349108094071,10706.125088715939,8999.93838694721
0.008016627078384799,0.028058194774346793,12405.686588077337,9224.987515353787,7521.323503658115
0.017672304973491544,0.018429689472355466,11585.200976920398,10027.882480659624,10645.070928139949
0.007331845712464138,0.02247370098820529,14150.862514847444,13732.985362390602,8908.186851134948
0.009031791907514452,0.03377890173410405,8813.486057918944,10652.936632291172,9175.18141214513
0.020505126281570394,0.023755938984746188,15422.68654750802,13332.194136441973,7589.230716896743
0.01235277219189888,0.01852915828784832,13941.984288266787,7471.567644543407,9489.180104767272
0.011895321173671689,0.03436426116838488,12995.390340415399,8506.506511897896,8435.488625079166
0.03672230652503793,0.03156297420333839,23927.745829645442,15138.135796446015,13178.99241805336
0.024096385542168676,0.021495071193866375,10444.944477264304,8173.2415203778455,7357.260504715674
0.009113504556752278,0.01739850869925435,7100.085957280853,11064.089812119017,10285.6172057574
0.011739915713425647,0.023780854906682723,9961.403703153435,5521.168906580714,6638.6542653961105
0.011280039234919078,0.019985286905345758,10624.655420957617,12660.68223325513,10225.69032178227
0.026495278069254984,0.027806925498426022,10061.925233074435,10514.631814749455,8018.979931478563
0.011065006915629323,0.03544260027662517,18202.401198197083,10970.635996432316,10834.289411602864
0.037037037037037035,0.026832955404383976,17264.9391092406,12200.535624347616,10242.102166437697
0.015001209774981853,0.04887490926687636,15451.679447639222,14663.15030926182,10658.064345324408
0.027543314082629944,0.03487338960462017,8722.153327171089,8491.169704342514,7041.061554915965
0.012155591572123177,0.019313884386817935,13887.55694767557,13707.122549570113,10586.501532616066
0.018298714144411473,0.025717111770524232,9383.079985078328,9252.865052805415,7352.068170103595
0.014484185634052616,0.022613065326633167,9158.920359656884,4848.51815811345,8499.602672997178
0.0322081139671725,0.037008361721895325,13650.591457695244,8763.83194384848,7251.780391902544
0.03135313531353135,0.03259075907590759,10228.048603647307,8615.434722663982,8873.396464755393
0.022468714448236633,0.02502844141069397,11650.516140519901,9211.054764000872,8722.506855854921
0.024063116370808678,0.025838264299802762,10918.95158552106,13108.239991130042,8832.933951842104
0.01162290142057684,0.034222987516142916,14623.809458083175,7365.349496093807,8475.462144946143
0.009403669724770643,0.023394495412844038,16265.69957101345,10649.052338747983,8736.810798215574
0.011144578313253013,0.015963855421686747,10503.280973138497,6672.606697045208,6880.294939202551
0.025977816695855225,0.024956217162872153,12173.690068890683,11554.375935375054,7670.227760214387
0.029754820280885504,0.02130445132111402,13427.86846188859,7071.851510079133,10890.859295240269
0.01730852444829078,0.03710514928602337,15736.87291887548,12670.056521013199,12587.808474438933
0.012036743744060817,0.01979727589483687,11105.187948285979,11131.794443417491,10083.210673882215
0.03335070349140177,0.024752475247524754,10093.06027895631,8274.34984221018,8422.244563093673
0.011553273427471117,0.02102053915275995,13954.03689511945,9064.506958079659,7985.376766864517
0.01125054089138901,0.048031155344006926,9956.44409237581,11923.816561392148,9495.479226981864
0.009427757070817803,0.024007893005919753,13439.124346578365,12547.789617952169,11108.507031179148
0.03683598293912369,0.04497867390461419,17795.22759272502,10083.874130408123,9695.873160127596
0.008796622097114707,0.020584095707248416,14034.202527164703,9177.748146653998,8079.761439642345
0.008188976377952756,0.01763779527559055,11853.508439347605,9090.453630940212,8066.461962578522
0.025105782792665725,0.036389280677009875,8416.985782845884,7096.240091979795,6422.136106545709
0.023752969121140142,0.03749575839837122,10007.282880439614,8837.078515398534,8741.465898158302
0.018568433662773286,0.02845163222521713,5641.346908918671,6203.854182758807,6130.563923778473
0.009242144177449169,0.02002464571780653,15329.418013068343,7997.451267262451,8586.863613983045
0.01755001755001755,0.019656019656019656,10354.779012666082,9806.489999197865,8182.171202621674
0.00920850690638018,0.02093839070379303,13978.539585381854,6787.595827966491,7080.109233551881
0.01390870185449358,0.026034236804564907,12191.975457483533,9403.621180427712,8527.12002292611
0.004091025313219126,0.018281769368447966,15085.458950441149,9360.289628173548,8633.476123778648
0.01064800730149072,0.026163675083662914,16519.53134741412,14147.01460532166,8674.984158542586
0.011807447774750226,0.02452316076294278,13382.944447404172,7299.787129701278,7738.3682687990595
0.03418451400329489,0.02759472817133443,20056.805635162786,13805.618069716389,10740.018642608673
0.025585023400936036,0.05413416536661467,12423.082149053856,10372.700280269002,10209.454761205421
0.007007921998781231,0.021480804387568556,17705.076109332127,9377.139998558721,9586.89806545414
0.024790727623953637,0.02173213135866066,9112.971793142668,8664.69590799877,9663.211388075402
0.011162179908076166,0.02478660538411031,7673.025309455076,8400.32815694033,8119.833022951218
0.027151211361737676,0.03195488721804511,14643.10139742864,9482.705261839137,8043.079319702242
0.013669064748201438,0.015107913669064749,11137.198841699248,9590.891161924801,7794.792393533588
0.013294422827496757,0.01637483787289235,9809.171492377889,6771.636416111811,7576.443215506262
0.028948332722609015,0.029864419201172592,12337.028957725854,9435.721346149287,7580.999978723654
0.01816590063471219,0.025607353906762966,17985.29349892865,11598.654410390162,12414.362824960524
0.017543859649122806,0.01967418546365915,6578.342422014809,11644.995934583852,9220.926258186857
0.015261798544259216,0.0245362761211552,13704.595673808713,10280.70583403413,7868.483340855113
0.030988951765022903,0.028967933171651847,9165.256691315415,8709.328188552372,7195.794519711977
0.01456395858922618,0.022547815406211615,13350.193631323671,15307.536628698135,11912.219674928636
0.01371571072319202,0.02805486284289277,14331.305857151487,10683.739877242147,7727.14682118381
0.01593901593901594,0.017844767844767843,15941.203491378046,10310.523548057407,10157.609264009563
0.0137016093953893,0.04414963027403219,14168.899547125211,12972.27229560662,8965.224934661575
0.0393852065321806,0.04482869036183157,11406.397133659197,6968.504480520001,7599.449082342075
0.023065315800819143,0.048717395990515194,15415.916060089656,11549.000747582624,11732.782885049774
0.008289526890416498,0.010715729882733522,16725.31242060314,8639.468360042694,8647.112649269058
0.005135520684736091,0.019828815977175465,10982.930343818625,8745.793696922306,8712.212252133757
0.0075507314771118455,0.018404907975460124,8108.928869967403,14557.597971878899,8751.377940061884
0.005649717514124294,0.02784503631961259,22552.844124141724,13650.472968008848,9044.527190515146
0.008799804448790027,0.021143974578342703,14274.519965521482,13763.518772180794,9284.59864995853
0.0199203187250996,0.022455632017385006,8950.94357074282,7463.802910743405,8293.402374208561
0.027793533749290982,0.026091888825865002,13129.40952924775,9043.297564355213,10383.452784887262
0.01658868566567418,0.03445342407486176,11772.164316482114,8646.749349936848,7955.88771729699
0.022743947175348497,0.03044754218635363,14333.955582364604,13579.763364670478,11901.585234715438
0.026242038216560508,0.02968152866242038,6833.728666940309,7191.654047991441,6896.773454375411
0.023600605143721635,0.03161875945537065,7699.633036178048,6477.664656030258,7057.038276247078
0.012594458438287154,0.02707808564231738,16973.3057732758,10960.738174358805,7535.216777151872
0.012174564525191984,0.028376100393332084,12644.327921637889,9281.491409028975,8287.338800343057
0.013992259601071748,0.023518904435844,14058.544412412908,10446.985939855591,9263.108173548913
0.022581629539212694,0.02425999389685688,12470.531097902267,10148.429508753667,9954.904892988961
0.03262955854126679,0.03166986564299424,14891.275269150334,10626.74256472229,8758.37848028195
0.017490952955367914,0.053528347406513875,7411.765465322835,7530.165811360903,7672.093518848351
0.020202020202020204,0.04026374859708193,11787.587784291092,6161.76662737359,7202.34916221977
0.0150093808630394,0.026579111944965605,11720.792698465584,9778.036663341158,11737.472958253933
0.016029310739638196,0.021410579345088162,13464.624046432711,9195.743397995899,9359.093580944764
0.011655708308427973,0.03750747160789002,12355.449938638205,6260.708566768282,8145.364720773858
0.035328046142754144,0.025835135784667146,7578.596700705097,9381.78226097091,7370.190805171024
0.026620732853116193,0.03069213905418102,9708.59113622023,9928.266065773869,7623.925686014774
0.03679504814305364,0.033012379642365884,12788.97782968744,11505.269794120197,9489.115504948779
0.011123227917121047,0.01886586695747001,7059.36899308071,8514.4312219558,9245.1362241863
0.024191197901486446,0.03337219469542407,12370.48878337741,10571.76146314333,8600.73279754991
0.033037201554691836,0.04414214325374792,11629.555798261752,9459.683906018845,9067.480378428712
0.010792580101180439,0.014671163575042159,19205.814551863623,8007.385023903384,9509.85084838884
0.018851756640959727,0.0294201656669523,16681.635021310736,13387.685287484219,9870.464467993714
0.012662337662337663,0.023376623376623377,14996.490385301307,9899.0110075029,8908.399807405602
0.014564305109849419,0.021723031350283882,12491.79359453464,8722.758432976028,9208.892727109709
0.020626432391138275,0.02291825821237586,15072.085920429909,10832.10492710452,10479.983653539884
0.018051376996065724,0.0230270770654941,16552.823372396713,11533.345216639742,9694.445240649073
0.021541010770505385,0.037282518641259324,14962.894905266996,9756.718499320797,8608.821187803771
0.010455807874530305,0.030550563633393236,8829.199418451102,9763.04854030723,8989.75887415752
0.024493243243243243,0.02512668918918919,15557.451664821516,8653.973772011575,9392.91633356948
0.009905774341628412,0.027663686880889105,9490.55658346069,10718.648709801046,8647.518234329165
0.0150138285262742,0.02568154879494271,18017.60589342762,13266.809793800416,8705.973040623696
0.01671641791044776,0.01835820895522388,11320.434346772827,11833.34265409405,7921.9447255577525
0.0029786081776333605,0.027213647441104792,13681.621157577187,9581.05655624542,8379.69623848812
0.027792207792207792,0.023636363636363636,17656.384420208793,12902.030692099945,9706.746960841454
0.009156492785793563,0.011514983351831298,11776.584629857303,10244.232608799184,8801.858027994547
0.0354214496556248,0.02869793374877009,13906.693060349384,7974.427268543766,9753.84064834384
0.03357933579335794,0.02029520295202952,10120.58709723087,12126.502623229593,7357.3530347036285
0.02709436312675179,0.03098723139208969,16900.36153090069,14233.935672501459,8605.179043100949
0.012549537648612946,0.018824306472919418,13728.404719160466,8586.78829305759,7998.0116957935015
0.020059435364041606,0.03937592867756315,12026.158563015544,12348.391870845637,8916.167539510556
0.04834834834834835,0.02957957957957958,11913.77724572558,9125.074691341853,8886.027479182701
0.014131501472031403,0.028263002944062806,8329.357224556014,11350.272776453641,8291.870269037416
0.021712907117008445,0.04211901889827101,9286.637024019474,7291.65888515188,7513.668162542157
0.014834437086092715,0.018410596026490065,11858.733578037713,11171.20839443263,7931.2238087964415
0.012987012987012988,0.019596474953617812,11443.134095312898,10843.768310253103,8372.472913286529
0.013893836836480229,0.017100106875667972,15500.105995360975,12113.80653754014,8429.033803928081
0.00557742782152231,0.019520997375328083,10597.41031612817,10455.490632527011,10276.101019353224
0.014038461538461538,0.010384615384615384,17642.35778345338,9054.351175609941,11692.492243198816
0.015447154471544716,0.01842818428184282,16035.037492735244,9718.951607206995,9450.426081851785
0.01636093207734259,0.020079325731284084,15135.813895742484,10505.050249512366,9685.131282049751
0.01669150521609538,0.022056631892697468,10397.91234990445,7469.49360120984,7025.447413987936
0.030732228754676644,0.03153393907001603,16198.028413581953,9918.375481915407,8164.605943808294
0.016986473733878578,0.03444479396036489,18391.641948414355,14243.31424235536,11037.676756839815
0.008783204798628963,0.015209940017137961,12630.667867795255,9534.881697508692,10072.617546814834
0.01912798874824191,0.02559774964838256,10215.122985726353,8705.40199741242,8110.935649838145
0.010917674830333431,0.025523753319563292,15231.613931807913,12586.41405368694,10165.007947241938
0.0347742091282299,0.027529582226515335,16368.780935280407,14090.405534723557,8082.235995204679
0.023158990372105125,0.022898776997137653,10646.447766686639,7817.986238120685,9528.351697244938
0.01106118216384376,0.036640165917732455,19422.796264429973,7950.242332544645,7596.746524236337
0.01926926926926927,0.022772772772772773,9883.188085381338,11152.808301602478,8441.183640714806
0.008270406328658756,0.02409205321826681,13063.242349429775,9097.800297494221,10259.700009428092
0.016670579948344682,0.015261798544259216,21868.996593557797,12718.855886808742,8614.997493903738
0.0027070925825663237,0.029642663779101245,6615.103458387111,9870.161473784328,8425.865637539304
0.022244691607684528,0.015925176946410515,10618.268749875808,8434.378771821393,7294.946355248103
0.015861214374225528,0.026394052044609664,13632.680331440257,12447.051286560536,9562.995497606482
0.021292585170340682,0.02154308617234469,10793.16569631063,8987.723253766164,8373.973159186891
0.017223650385604115,0.02943444730077121,11719.293656222231,9602.028624669618,8572.547870193668
0.01198681450404555,0.023374288282888823,12333.833250639462,12814.300690043437,8188.24256576854
0.015781922525107604,0.028574844571975132,13538.328026327166,8065.405913040611,9029.10762004957
0.009580163426317272,0.022682445759368838,8649.97780988664,11638.439670414722,9014.809103307496
0.015416543136673585,0.02549659057219093,16329.287834619165,12659.946519248439,9036.304851462999
0.017299736743136517,0.020308386611508085,8968.713732695587,8675.149939589475,7873.593026760282
0.018533772652388796,0.03675864909390445,17182.23156812774,13536.727394906991,12214.786463110919
0.014183019234505536,0.023605984068389353,14958.040021520746,12084.834412866105,10189.71828657561
0.012176223156962585,0.037635598848793445,10886.678648897154,8809.377254131845,9224.422070515813
0.021893814997263273,0.022851669403393542,12764.035362311055,12928.275211659526,8067.789948194964
0.012612175600291051,0.019160805238903712,9164.801858050709,7230.77270046127,7586.173571199039
0.018923240938166313,0.029051172707889126,12551.008015068,7706.077139635339,7908.798567981998
0.013573743922204213,0.02471636952998379,15034.994620360725,9658.929077973165,7375.640061991273
0.018154311649016642,0.024508320726172466,13141.164769774567,11435.44717169011,7180.2651513893425
0.01822041393950115,0.026269237572970103,19355.46623925692,13551.544738492048,11032.238083342216
0.006329113924050633,0.01661392405063291,13215.425672186502,12472.483627726499,9208.943130201058
0.025688756515264335,0.03071481757259866,15254.23729697017,8000.146725358608,9221.523151928457
0.011405672009864365,0.03005548705302096,7335.176148248032,8600.040319156655,7964.952173262708
0.015284389877223753,0.01089952392883989,19684.10374371083,9926.342571291447,10552.698988838074
0.008527131782945736,0.01821705426356589,9193.210297224217,6317.745798375247,9415.509714181058
0.0360270202651989,0.023017262947210407,12163.369735987928,11399.329766580977,8637.94143862693
0.02127659574468085,0.024674940898345155,17335.742443501644,12328.365949200826,11828.070284039566
0.01683687551752691,0.02539332045266354,12192.378037630935,9105.396469689185,6411.401586730629
0.019066733567486203,0.040642247867536375,11389.462389365232,9520.268736620972,8104.957147132557
0.02072300253281142,0.02717015887635275,10637.199182817076,9652.390989644166,8429.570770720378
0.016296809986130374,0.042649098474341195,8990.406755641205,8331.377296016164,7762.344090596106
0.011015490533562823,0.022719449225473323,9929.042364183793,9286.117276067584,8439.633016645032
0.015364188163884674,0.028167678300455235,12876.180080214821,11849.300809120925,9235.488166105499
0.01436720895837735,0.026832875554616522,14425.988059109593,14005.777256886762,12139.376779848559
0.024099049303559585,0.02199867344682733,14653.632949044279,11375.12221164606,9711.260681861402
0.013799901429275506,0.03178905864958107,12445.29843645766,8554.514083413877,6735.92194785134
0.01110494169905608,0.031093836757357024,12396.003541820992,7833.872988298097,10910.586338390462
0.012922239854908184,0.021310360462480162,9061.477280594345,9330.462686191257,10662.458146688605
0.02282312081369387,0.026048127015628877,15070.269431960502,12048.048833912822,9885.26665867311
0.028122415219189414,0.03287841191066997,28103.477983946952,14052.871587904798,9514.384883978697
0.013076490438695163,0.029035433070866142,7290.238069748812,9872.001399818688,9170.126649922022
0.015082427218519818,0.02630655910206945,25062.798990121944,9190.0377599063,8123.031411661717
0.011076398750355012,0.025560920193126953,7803.005261790128,10701.52122222032,8654.53916965387
0.03330771201639764,0.028823981552651805,10581.20975571459,10611.1412725842,8395.459255156702
0.037389100126742715,0.0369666244190959,14824.046842122061,9523.144850039445,11304.352457356581
0.020590520590520592,0.029526029526029528,10273.793743437516,11113.631069151379,8449.271661600802
0.026400150858004904,0.021685838204789743,12897.374159170777,11876.837964521941,7727.171508371743
0.027403125669021623,0.029329907942624706,16096.620509767099,10246.654943204385,8458.529261568383
0.015412511332728921,0.026518585675430643,15359.88441653181,9034.953139431074,8760.128384897118
0.010449025698955098,0.016661959898333804,10139.833140154018,8481.492929689963,6959.207538185694
0.004102946661693398,0.01610095735422106,11368.98343165889,12415.346363239954,13235.333976268443
0.009024873431653093,0.01144618093770636,15022.850948310295,13644.528229497988,9303.413477689426
0.02237354085603113,0.039072632944228275,10071.70318381563,12784.465470684563,10500.28146137562
0.007902907140841095,0.019333897826700537,10500.546230025928,10175.25875506102,11471.9135536173
0.021351351351351352,0.03256756756756757,11031.516204682639,11274.753342489394,8467.264828935664
0.025433099889421305,0.05657943236269812,15402.263272104812,11848.772445254728,11484.421460411635
0.006255585344057194,0.02770330652368186,8357.617676084365,11070.405408241782,9736.311562102412
0.017964071856287425,0.027904191616766466,13525.44511966376,12254.847503041732,10008.48389042358
0.01728110599078341,0.032546082949308754,15531.073436593957,11602.880511127565,8712.598728202425
0.019983518747424805,0.019365471775854966,14127.256107467452,8461.902105251329,9698.195766096856
0.013202725724020443,0.012776831345826235,13538.368216935232,7634.660142164014,9673.958973357365
0.013009922822491731,0.023042998897464168,16117.537420110732,10385.808659428545,9621.277491233019
0.010018639328984157,0.014911463187325256,11526.77600661206,7145.16405260922,10138.075442503588
0.020575046161962544,0.03178580849380111,6788.621145479256,7683.654770334553,8017.873188579556
0.021940259053661114,0.018768173407348664,17976.731981782945,12548.744998896751,8380.76967064964
0.0231935771632471,0.03233719892952721,13818.132415229884,8461.183041175915,9400.804093911562
0.009860050890585241,0.017334605597964375,16272.820502741542,12044.542262518582,10150.312692882648
0.016865079365079364,0.03505291005291005,11850.63983025959,9654.725774388755,8727.872314083048
0.015873015873015872,0.023809523809523808,16939.44240302262,11937.992557934365,7885.238198874535
0.017645693057812863,0.015556071511492919,13175.665914348903,12192.5444332736,8001.914999800058
0.015384615384615385,0.022967032967032966,10936.482100566458,8289.795765896912,6824.926910250212
0.01981230448383733,0.018117831074035452,19908.457430994415,14712.685978846286,9654.403754912184
0.011515151515151515,0.029696969696969697,12607.631038604097,13956.92824903503,8662.603104509632
0.014726938024135815,0.026590304765800776,9778.279864407996,9507.678613679524,10427.142891166579
0.004176035978156119,0.030356569225827176,14804.451803305756,12024.466676094167,8003.794081852675
0.024022346368715083,0.024394785847299812,18831.36111875887,8877.08482061407,10099.038828080951
0.029560384032339567,0.030192016169782718,12262.784101330424,10157.800606054077,9562.093367642163
0.020606060606060607,0.03393939393939394,9628.6008102507,8041.727052403653,8443.288860155895
0.02211777716339508,0.028891346419684823,19709.865235546626,13952.727131037693,9977.22453810506
0.02645113886847906,0.020818025961302965,8977.752462692893,9058.045498495758,8521.551534541426
0.02608962553713935,0.02056476365868631,11180.884866854609,11143.34061607805,8504.391100921788
0.024164408310749775,0.03353658536585366,10878.348019438996,11095.592263607768,8581.675928604542
0.01828206616366802,0.047446314567614625,10109.617115203348,7383.252223275787,7027.612152722903
0.023059360730593607,0.03230593607305936,10305.640515157542,9607.4005538254,8146.474477487504
0.013893274392169246,0.040101041995579415,10978.356746577281,12783.706616986861,10209.114701454748
0.030310684516291993,0.04294013639808032,15699.883647384397,13986.890366940239,11877.194770059567
0.012151748666271488,0.035269709543568464,14853.55859467615,10290.907514090759,8457.195670282073
0.03222431471019042,0.028562460765850596,15504.558182257215,10868.105247512938,8899.327283409426
0.012675480441597383,0.01955840261687338,17145.502845751365,13795.738112651645,10573.73954625915
0.010248324793062672,0.029168309026409146,12464.402566331322,8475.651699457336,8234.54043485356
0.01501194131695667,0.03991811668372569,10275.559422317316,10798.999547865098,9216.471822766613
0.009415792852557245,0.0211855339182538,10633.950543502351,7276.745305428642,10412.545414255153
0.008857395925597875,0.026572187776793623,29060.685214389316,17387.447005743004,8555.383298987907
0.021462488129154796,0.028395061728395062,11741.561605742658,8518.751897935816,9141.219392449062
0.02641955835962145,0.02858832807570978,14089.247957272657,8481.559879835242,8453.044220610002
0.01892238614496472,0.03864656831302117,7402.958347262689,6626.127521774681,6773.028962891133
0.013456937799043063,0.04485645933014354,9548.771485101273,13296.183492039812,11023.066435665049
0.02347266881028939,0.02347266881028939,11194.050936248268,8109.901399619318,7347.4002952214305
0.011480718280836032,0.03532528701795702,17630.605984296915,13075.750619551116,9977.357112220783
0.027642636001769128,0.02410437859354268,9725.317041147586,8957.561764815533,6563.929249565468
0.0025959042399769255,0.015286991635419672,9167.32013762349,8977.278101707294,8113.787956173545
0.009838216003498032,0.0270004372540446,10446.635932534791,8636.438526128519,8205.45864821016
0.012109795479009687,0.02731431646932185,17177.02948410703,12720.485609289666,9725.79511846415
0.010620458356623811,0.02333705980994969,16421.88736836782,12201.996612536721,9445.867440733942
0.007741347905282332,0.02720856102003643,10971.357805044707,7228.0994983836845,8726.553657068747
0.012720156555772993,0.025603392041748205,9853.946272963396,7824.099873690873,6758.622412956476
0.02240735420856076,0.028871014076414823,11515.234864532355,10784.134134204955,9717.305385456333
0.017211099402880226,0.028626624517035477,10151.136951136295,8902.151254625374,9224.811143369736
0.016770186335403725,0.02453416149068323,11455.367665914155,12068.877303895551,7439.067569550186
0.018950064020486556,0.02112676056338028,8953.400875154877,10221.473585680262,8620.745877411848
0.02555521752357773,0.04076665652570733,13717.565748404573,8286.193761618895,8445.070573312472
0.04456696531127958,0.029060418102458074,10038.340691910318,11231.947734480307,9733.522719230807
0.009836065573770493,0.01828499369482976,13299.860121353442,8136.389535796938,7012.714581488834
0.020796064400715564,0.03287119856887299,10959.527816066791,8132.202924199821,7380.273305114089
0.013157894736842105,0.03489702517162471,10222.156819305032,6410.171654531668,6395.815502494307
0.011618257261410789,0.031258644536652835,14440.793867174965,14969.89718557705,12116.90919928601
0.02013229795800978,0.040120793787748056,9807.461013763601,11141.098254695293,8215.003385803506
0.015516318887105404,0.03263777421080792,17131.24593425601,12331.293147832095,10515.172453801344
0.015391014975041598,0.03993344425956739,10501.86730012457,9194.37443185025,8433.352139838862
0.01509985387238188,0.02545056015586946,11263.761442620393,8482.561821835614,6910.5450673270025
0.013181448331977217,0.01676159479251424,17542.59284568505,14595.71273476823,13174.00998163719
0.01950585175552666,0.024967490247074123,12099.235678163186,9058.654852449281,7222.456601563391
0.012256511271613044,0.014664040271394178,7177.263413476705,9251.487463141322,9996.548310071521
0.012983180879315432,0.01976984361168486,16244.851622010405,10889.300055270285,9102.795833913733
0.005145167217934583,0.018375597206909223,12991.687364197945,9624.373470923016,8573.91525305747
0.01740237691001698,0.028862478777589132,17541.672456966975,11862.582461615155,11086.806887689558
0.014543851917144116,0.02622300572939621,10002.375531398848,12766.590505327635,9058.17353456394
0.018280016618196927,0.02638138761944329,19608.383034546852,13051.42947380368,10292.361515662757
0.021059939828743348,0.02256422124508216,10806.100158316673,8826.487797618956,7276.073102037655
0.008217770929635337,0.03222907036466358,7724.582802990366,9177.696624397257,8766.229057680936
0.028609986504723347,0.023076923076923078,14980.504996143462,10055.822505456112,9928.26998731351
0.01571802810192903,0.02762562514884496,7079.077103873886,10037.916555899279,9151.872279987567
0.009153318077803204,0.024170480549199083,9567.129178750663,6760.399597382936,6981.723668934318
0.02434077079107505,0.025988843813387424,15050.72495571774,9601.840239463172,8930.638373186683
0.03553743081852607,0.021846781240897173,10080.852322237211,9532.244902436396,7241.856453755539
0.010537790697674418,0.025799418604651164,12667.285022956,9199.486187248196,7937.5985018967185
0.016929363689433742,0.03269118505545826,10739.804377305323,8147.854122487469,7683.5943325437365
0.02786377708978328,0.02306501547987616,11621.889585415405,11587.498690922466,8144.50636642601
0.008760628703942282,0.03478484926565318,14796.266220900941,10445.913047466285,8560.1743499716
0.037009893733968485,0.04159032612678637,9191.48421252081,8000.484461319839,7985.700070345958
0.016123253314224293,0.03188821211035471,10060.915322251642,7635.739625199635,8108.378277772132
0.02600743069448414,0.02743641040297228,14595.824105580654,9615.06155255111,8710.359121031655
0.02016580775263276,0.025095227425498544,12543.127932395282,9387.391640447879,7790.710114188928
0.029155787641427327,0.022410791993037422,13396.829470171602,11225.988311984633,8249.844448583792
0.03606259922885008,0.0419596280335677,12282.970917036977,10584.989898785321,9368.984907593536
0.005740253527864147,0.017818703659411624,14237.187999633219,9988.65298452013,8663.354866984928
0.026191498497209104,0.026191498497209104,14430.497091862873,11024.881637650718,10640.574832699418
0.017767170511800583,0.02439671174754707,11966.592587846571,7151.8655754243855,8013.565109232686
0.010659560293137908,0.020986009327115255,9421.594003194901,8397.918617923538,7280.689148966158
0.015547877591312933,0.015177690029615006,12392.694056315662,9211.13472074584,8175.037202136064
0.006201550387596899,0.016795865633074936,16415.065401976713,11590.149142139117,9969.285524987545
0.03440725680325305,0.025336252736940883,9755.00923031762,7949.326165659105,6657.429842192513
0.013405948889819858,0.029430247172182657,15346.209474725536,11038.575338139577,8431.033770755224
0.010641949879848954,0.021970477171301066,15574.250639224201,8539.422362286487,8514.956338776368
0.028446389496717725,0.030452224653537564,21125.330565330973,13653.491467856416,10847.291190423131
0.025151225724291626,0.024036930913721746,10169.198951409622,8485.419917456487,9226.488135762293
0.017132128608307907,0.03297348040366111,9646.023566662047,7445.5697349901675,6974.044159561442
0.018827160493827162,0.019290123456790122,13598.177993013922,11109.063401676814,10088.751323101162
0.01172683375488618,0.024488388135203494,8989.811984510028,8401.356358748342,8598.876050865949
0.026748520061390047,0.03233939925454944,16049.9444206282,13343.459484594221,10228.05640027486
0.011019283746556474,0.02457590256633319,11354.979579668063,13976.260474555145,12193.519195983316
0.00988793671720501,0.023236651285431772,11946.373586781408,11767.142053011854,8443.211323029838
0.020277481323372464,0.020277481323372464,13252.530833123637,14600.681801348075,9688.055573675574
0.006974248927038627,0.034066523605150216,15296.889960218678,8940.00672539234,7403.249211105082
0.015032818124073682,0.030806690662714378,15175.309979965363,7072.585172920251,6535.161036894774
0.02065359477124183,0.021045751633986927,8100.487318369279,8566.50315317706,10800.401342513163
0.02165215344787009,0.02259355142386444,9253.601604491076,8075.064574693184,7866.692587585757
0.015455950540958269,0.020672333848531683,14987.91608886507,11593.978948964988,11395.121804790839
0.016216216216216217,0.02454054054054054,13109.168559127324,14885.222158015196,11770.71645747519
0.048807542983915694,0.04395452024403772,17055.579692448802,12515.27006144524,9713.961034859072
0.034088409940620186,0.030239718495711457,9119.00087470278,7834.889120705876,7477.814020236178
0.019858156028368795,0.02453900709219858,12071.981120367156,7032.5413977442195,7246.073904672766
0.01020408163265306,0.018292682926829267,14053.726037118206,13351.422754455833,10509.007595354891
0.009417596034696406,0.015985130111524165,9345.583824839712,10422.901952410655,10245.504389270092
