3.373315492446539338e+03
2.842632919803625100e+03
3.373315492446539338e+03
2.842632919803625100e+03
4.431759860439570912e+04
7.450799166047827384e+03
8.132885102270776770e+03
1.008557393378164670e+04
6.848786975252134653e+03
7.530872911475084038e+03
9.483561742985953970e+03
4.516486145534545358e+03
7.450799166047827384e+03
6.848786975252134653e+03
4.516486145534545358e+03
8.132885102270776770e+03
7.530872911475084038e+03
1.008557393378164670e+04
9.483561742985953970e+03
1.793685743007390556e+03
5.570211799029737449e+03
1.450670734628787613e+03
5.227196790651134506e+03
1.793685743007390556e+03
1.450670734628787613e+03
5.570211799029737449e+03
5.227196790651134506e+03
4.431759860439570912e+04
