,MarkerID,Clock,Adjusted,Fk,N_Shared,N_Others,PostMean,PostMode,PostMedian,PostCI025,PostCI975,Robust,Lower,Upper
0,10,M,0,2,1,8,0.18523305,0.20951676,0.1419932,0.00601073,0.58263271,0.45616417,0.19636326,1.05969797
1,10,R,0,2,1,8,0.46535929,0.4973543,0.43686657,0.12070883,0.94343184,0.96148896,0.73386653,1.25971276
2,10,C,0,2,1,8,0.45347569,0.48672057,0.4275261,0.11008092,0.93041935,0.76628343,0.43686657,1.3440953
3,10,M,1,2,1,8,0.18523305,0.20951676,0.1419932,0.00601073,0.58263271,0.45616417,0.19636326,1.05969797
4,10,R,1,2,1,8,0.46535929,0.4973543,0.43686657,0.12070883,0.94343184,0.96148896,0.73386653,1.25971276
5,10,C,1,2,1,8,0.45347569,0.48672057,0.4275261,0.11008092,0.93041935,0.76628343,0.43686657,1.3440953
6,11,M,0,2,1,8,0.19056143,0.21877169,0.14826543,0.00616193,0.6004449,0.46613031,0.19636326,1.10650775
7,11,R,0,2,1,8,0.55048989,0.59122842,0.50822036,0.13899885,1.13187856,1.07121142,0.73386653,1.56362752
8,11,C,0,2,1,8,0.51882267,0.55411099,0.47631419,0.12068983,1.09152035,0.84455364,0.43686657,1.63269725
9,11,M,1,2,1,8,0.19056143,0.21877169,0.14826543,0.00616193,0.6004449,0.46613031,0.19636326,1.10650775
10,11,R,1,2,1,8,0.55048989,0.59122842,0.50822036,0.13899885,1.13187856,1.07121142,0.73386653,1.56362752
11,11,C,1,2,1,8,0.51882267,0.55411099,0.47631419,0.12068983,1.09152035,0.84455364,0.43686657,1.63269725
12,25,M,0,2,1,8,0.0790653,0.06664251,0.04819019,0.00159446,0.32300398,0.14237733,0.01707741,1.1870241
13,25,R,0,2,1,8,0.10700055,0.09018988,0.06245868,0.00191805,0.44011959,0.1649621,0.01707741,1.59347851
14,25,C,0,2,1,8,0.07570789,0.06112328,0.04053865,0.00112571,0.32604726,0.12727703,0.00855194,1.89424276
15,25,M,1,2,1,8,0.0790653,0.06664251,0.04819019,0.00159446,0.32300398,0.14237733,0.01707741,1.1870241
16,25,R,1,2,1,8,0.10700055,0.09018988,0.06245868,0.00191805,0.44011959,0.1649621,0.01707741,1.59347851
17,25,C,1,2,1,8,0.07570789,0.06112328,0.04053865,0.00112571,0.32604726,0.12727703,0.00855194,1.89424276
18,27,M,0,2,1,8,0.17309277,0.19636326,0.13307885,0.00556733,0.54689149,0.41388851,0.17248175,0.99316995
19,27,R,0,2,1,8,0.42676601,0.45616417,0.40068594,0.10760684,0.87836483,0.82649658,0.56621705,1.20642179
20,27,C,0,2,1,8,0.40674247,0.43686657,0.3755308,0.09497263,0.85354653,0.66585441,0.34442991,1.2872346
21,27,M,1,2,1,8,0.17309277,0.19636326,0.13307885,0.00556733,0.54689149,0.41388851,0.17248175,0.99316995
22,27,R,1,2,1,8,0.42676601,0.45616417,0.40068594,0.10760684,0.87836483,0.82649658,0.56621705,1.20642179
23,27,C,1,2,1,8,0.40674247,0.43686657,0.3755308,0.09497263,0.85354653,0.66585441,0.34442991,1.2872346
24,36,M,0,2,1,8,0.25020638,0.28974198,0.19636326,0.00861841,0.7648927,0.82649658,0.53066985,1.2872346
25,36,R,0,2,1,8,0.70359415,0.74989983,0.65869777,0.19193622,1.39178997,1.74206436,1.74206436,1.74206436
26,36,C,0,2,1,8,0.79971257,0.87238161,0.76628343,0.22154892,1.53306619,1.70481798,1.46546271,1.98326735
27,36,M,1,2,1,8,0.25020638,0.28974198,0.19636326,0.00861841,0.7648927,0.82649658,0.53066985,1.2872346
28,36,R,1,2,1,8,0.70359415,0.74989983,0.65869777,0.19193622,1.39178997,1.74206436,1.74206436,1.74206436
29,36,C,1,2,1,8,0.79971257,0.87238161,0.76628343,0.22154892,1.53306619,1.70481798,1.46546271,1.98326735
30,37,M,0,2,1,8,0.26140724,0.30254069,0.20503716,0.00900423,0.79911612,0.8630052,0.55411099,1.3440953
31,37,R,0,2,1,8,0.80288581,0.85372957,0.74989983,0.21902239,1.5881146,1.98326735,1.98326735,1.98326735
32,37,C,0,2,1,8,0.92334837,1.01486844,0.87238161,0.2558065,1.77042137,1.96195108,1.66836796,2.3071961
33,37,M,1,2,1,8,0.26140724,0.30254069,0.20503716,0.00900423,0.79911612,0.8630052,0.55411099,1.3440953
34,37,R,1,2,1,8,0.80288581,0.85372957,0.74989983,0.21902239,1.5881146,1.98326735,1.98326735,1.98326735
35,37,C,1,2,1,8,0.92334837,1.01486844,0.87238161,0.2558065,1.77042137,1.96195108,1.66836796,2.3071961
36,74,M,0,2,1,8,0.17719126,0.20065335,0.13598631,0.00576743,0.55644965,0.44161305,0.19216489,1.01486844
37,74,R,0,2,1,8,0.50157597,0.53066985,0.46613031,0.1273228,1.02860973,0.9824953,0.68779426,1.40346768
38,74,C,0,2,1,8,0.46584458,0.50822036,0.43686657,0.11052203,0.9686358,0.76628343,0.40944001,1.43413024
39,74,M,1,2,1,8,0.17719126,0.20065335,0.13598631,0.00576743,0.55644965,0.44161305,0.19216489,1.01486844
40,74,R,1,2,1,8,0.50157597,0.53066985,0.46613031,0.1273228,1.02860973,0.9824953,0.68779426,1.40346768
41,74,C,1,2,1,8,0.46584458,0.50822036,0.43686657,0.11052203,0.9686358,0.76628343,0.40944001,1.43413024
42,75,M,0,2,1,8,0.22845809,0.26006418,0.17248175,0.00718229,0.73030442,0.51374209,0.19216489,1.37346071
43,75,R,0,2,1,8,0.60066194,0.63083217,0.55411099,0.14725832,1.25586844,1.10650775,0.68779426,1.78012448
44,75,C,0,2,1,8,0.61475943,0.64461441,0.55411099,0.1315366,1.36100159,0.94093176,0.40944001,2.16234992
45,75,M,1,2,1,8,0.22845809,0.26006418,0.17248175,0.00718229,0.73030442,0.51374209,0.19216489,1.37346071
46,75,R,1,2,1,8,0.60066194,0.63083217,0.55411099,0.14725832,1.25586844,1.10650775,0.68779426,1.78012448
47,75,C,1,2,1,8,0.61475943,0.64461441,0.55411099,0.1315366,1.36100159,0.94093176,0.40944001,2.16234992
48,76,M,0,2,1,8,0.22295782,0.25450385,0.16879399,0.00703576,0.71137917,0.50275797,0.19216489,1.31535774
49,76,R,0,2,1,8,0.56712552,0.60414541,0.53066985,0.14070633,1.1776217,1.07121142,0.68779426,1.66836796
50,76,C,0,2,1,8,0.57919656,0.6173446,0.53066985,0.12704426,1.26248878,0.90112652,0.40944001,1.98326735
51,76,M,1,2,1,8,0.22295782,0.25450385,0.16879399,0.00703576,0.71137917,0.50275797,0.19216489,1.31535774
52,76,R,1,2,1,8,0.56712552,0.60414541,0.53066985,0.14070633,1.1776217,1.07121142,0.68779426,1.66836796
53,76,C,1,2,1,8,0.57919656,0.6173446,0.53066985,0.12704426,1.26248878,0.90112652,0.40944001,1.98326735
54,79,M,0,2,1,8,0.21165351,0.23852606,0.16165332,0.00673068,0.67248843,0.49200871,0.19216489,1.25971276
55,79,R,0,2,1,8,0.60221009,0.63083217,0.55411099,0.14755813,1.25931046,1.11852977,0.68779426,1.81901614
56,79,C,0,2,1,8,0.5883145,0.63083217,0.54226377,0.12822306,1.28723936,0.91091711,0.40944001,2.02659721
57,79,M,1,2,1,8,0.21165351,0.23852606,0.16165332,0.00673068,0.67248843,0.49200871,0.19216489,1.25971276
58,79,R,1,2,1,8,0.60221009,0.63083217,0.55411099,0.14755813,1.25931046,1.11852977,0.68779426,1.81901614
59,79,C,1,2,1,8,0.5883145,0.63083217,0.54226377,0.12822306,1.28723936,0.91091711,0.40944001,2.02659721
60,81,M,0,2,1,8,0.22779276,0.26006418,0.17248175,0.00716464,0.7280464,0.51374209,0.19216489,1.37346071
61,81,R,0,2,1,8,0.58417009,0.6173446,0.54226377,0.14406222,1.21745274,1.09461494,0.68779426,1.74206436
62,81,C,0,2,1,8,0.60023514,0.63083217,0.54226377,0.12974055,1.32034868,0.92081407,0.40944001,2.07087373
63,81,M,1,2,1,8,0.22779276,0.26006418,0.17248175,0.00716464,0.7280464,0.51374209,0.19216489,1.37346071
64,81,R,1,2,1,8,0.58417009,0.6173446,0.54226377,0.14406222,1.21745274,1.09461494,0.68779426,1.74206436
65,81,C,1,2,1,8,0.60023514,0.63083217,0.54226377,0.12974055,1.32034868,0.92081407,0.40944001,2.07087373
66,94,M,0,2,1,8,0.08089486,0.07110659,0.05031889,0.00164177,0.32296607,0.11408604,0.01707741,0.76215428
67,94,R,0,2,1,8,0.0898008,0.08826157,0.05728595,0.00180671,0.33988099,0.11044683,0.01707741,0.7143061
68,94,C,0,2,1,8,0.08575826,0.07266011,0.04615155,0.00119849,0.35750504,0.07986575,0.00855194,0.74585896
69,94,M,1,2,1,8,0.08089486,0.07110659,0.05031889,0.00164177,0.32296607,0.11408604,0.01707741,0.76215428
70,94,R,1,2,1,8,0.0898008,0.08826157,0.05728595,0.00180671,0.33988099,0.11044683,0.01707741,0.7143061
71,94,C,1,2,1,8,0.08575826,0.07266011,0.04615155,0.00119849,0.35750504,0.07986575,0.00855194,0.74585896
72,98,M,0,2,1,8,0.23709972,0.26574599,0.17625009,0.00712387,0.7764447,0.48672057,0.15481473,1.53019623
73,98,R,0,2,1,8,0.65316286,0.68779426,0.59122842,0.14923148,1.4257804,1.10650775,0.56621705,2.16234992
74,98,C,0,2,1,8,0.67259208,0.67308881,0.5785876,0.12284411,1.64112368,0.95115482,0.32985912,2.74267237
75,98,M,1,2,1,8,0.23709972,0.26574599,0.17625009,0.00712387,0.7764447,0.48672057,0.15481473,1.53019623
76,98,R,1,2,1,8,0.65316286,0.68779426,0.59122842,0.14923148,1.4257804,1.10650775,0.56621705,2.16234992
77,98,C,1,2,1,8,0.67259208,0.67308881,0.5785876,0.12284411,1.64112368,0.95115482,0.32985912,2.74267237
78,99,M,0,2,1,8,0.23576199,0.26006418,0.17625009,0.00709182,0.77156816,0.48148927,0.15481473,1.49747972
79,99,R,0,2,1,8,0.62797985,0.65869777,0.5785876,0.14516988,1.36083472,1.08284995,0.56621705,2.07087373
80,99,C,0,2,1,8,0.64734326,0.65869777,0.56621705,0.12074894,1.55949704,0.93081857,0.32985912,2.62664618
81,99,M,1,2,1,8,0.23576199,0.26006418,0.17625009,0.00709182,0.77156816,0.48148927,0.15481473,1.49747972
82,99,R,1,2,1,8,0.62797985,0.65869777,0.5785876,0.14516988,1.36083472,1.08284995,0.56621705,2.07087373
83,99,C,1,2,1,8,0.64734326,0.65869777,0.56621705,0.12074894,1.55949704,0.93081857,0.32985912,2.62664618
84,117,M,0,2,1,8,0.24171539,0.27748472,0.18805629,0.00779933,0.76243031,0.58487386,0.24373731,1.40346768
85,117,R,0,2,1,8,0.64167536,0.67308881,0.59122842,0.15511222,1.35295507,1.16793831,0.68779426,1.98326735
86,117,C,0,2,1,8,0.68103757,0.71817602,0.6173446,0.14727942,1.49732295,1.04830828,0.46613031,2.35760306
87,117,M,1,2,1,8,0.24171539,0.27748472,0.18805629,0.00779933,0.76243031,0.58487386,0.24373731,1.40346768
88,117,R,1,2,1,8,0.64167536,0.67308881,0.59122842,0.15511222,1.35295507,1.16793831,0.68779426,1.98326735
89,117,C,1,2,1,8,0.68103757,0.71817602,0.6173446,0.14727942,1.49732295,1.04830828,0.46613031,2.35760306
90,118,M,0,2,1,8,0.25010671,0.28354713,0.19216489,0.00803421,0.79073545,0.59765202,0.24373731,1.46546271
91,118,R,0,2,1,8,0.57289047,0.60414541,0.53066985,0.14194727,1.19078151,1.07121142,0.68779426,1.66836796
92,118,C,0,2,1,8,0.63257369,0.67308881,0.5785876,0.14092758,1.36590641,0.99316995,0.46613031,2.11611759
93,118,M,1,2,1,8,0.25010671,0.28354713,0.19216489,0.00803421,0.79073545,0.59765202,0.24373731,1.46546271
94,118,R,1,2,1,8,0.57289047,0.60414541,0.53066985,0.14194727,1.19078151,1.07121142,0.68779426,1.66836796
95,118,C,1,2,1,8,0.63257369,0.67308881,0.5785876,0.14092758,1.36590641,0.99316995,0.46613031,2.11611759
96,2,M,0,3,2,9,0.57108034,0.59122842,0.53066985,0.18239402,1.11818079,1.22540057,1.15538524,1.29965876
97,2,R,0,3,2,9,0.65711499,0.68779426,0.6173446,0.21501312,1.2516711,1.25669133,0.99316995,1.59013379
98,2,C,0,3,2,9,0.91441463,0.95115482,0.87238161,0.39539449,1.54704799,1.55426846,1.25971276,1.91769944
99,2,M,1,3,2,9,0.57108034,0.59122842,0.53066985,0.18239402,1.11818079,1.22540057,1.15538524,1.29965876
100,2,R,1,3,2,9,0.65711499,0.68779426,0.6173446,0.21501312,1.2516711,1.25669133,0.99316995,1.59013379
101,2,C,1,3,2,9,0.91441463,0.95115482,0.87238161,0.39539449,1.54704799,1.55426846,1.25971276,1.91769944
102,3,M,0,3,2,9,0.38082862,0.40944001,0.33706579,0.05811633,0.91357128,0.81761334,0.48672057,1.37346071
103,3,R,0,3,2,9,0.96697546,0.99316995,0.93081857,0.41747132,1.65167394,1.70481798,1.53019623,1.89936708
104,3,C,0,3,2,9,1.06687939,1.10650775,1.037041,0.46107008,1.79666938,1.66836796,1.23277935,2.25786687
105,3,M,1,3,2,9,0.38082862,0.40944001,0.33706579,0.05811633,0.91357128,0.81761334,0.48672057,1.37346071
106,3,R,1,3,2,9,0.96697546,0.99316995,0.93081857,0.41747132,1.65167394,1.70481798,1.53019623,1.89936708
107,3,C,1,3,2,9,1.06687939,1.10650775,1.037041,0.46107008,1.79666938,1.66836796,1.23277935,2.25786687
108,7,M,0,3,2,9,0.37488896,0.40068594,0.32985912,0.05437616,0.92366023,0.67308881,0.30254069,1.49747972
109,7,R,0,3,2,9,0.9302305,0.95115482,0.89144116,0.37913387,1.64766441,1.41871613,0.95115482,2.11611759
110,7,C,0,3,2,9,0.9844726,1.01486844,0.93081857,0.36896098,1.81704798,1.31535774,0.64461441,2.6840324
111,7,M,1,3,2,9,0.37488896,0.40068594,0.32985912,0.05437616,0.92366023,0.67308881,0.30254069,1.49747972
112,7,R,1,3,2,9,0.9302305,0.95115482,0.89144116,0.37913387,1.64766441,1.41871613,0.95115482,2.11611759
113,7,C,1,3,2,9,0.9844726,1.01486844,0.93081857,0.36896098,1.81704798,1.31535774,0.64461441,2.6840324
114,8,M,0,3,3,9,0.37250702,0.39211903,0.32985912,0.06135478,0.91015705,0.41240033,0.11605483,1.46546271
115,8,R,0,3,3,9,0.87333156,0.89144116,0.83547632,0.35984345,1.53558284,0.69526703,0.24906241,1.94086391
116,8,C,0,3,3,9,0.92472348,0.95115482,0.87238161,0.35426773,1.68155823,0.60632551,0.1526001,2.4091113
117,8,M,1,3,3,9,0.37250702,0.39211903,0.32985912,0.06135478,0.91015705,0.41240033,0.11605483,1.46546271
118,8,R,1,3,3,9,0.87333156,0.89144116,0.83547632,0.35984345,1.53558284,0.69526703,0.24906241,1.94086391
119,8,C,1,3,3,9,0.92472348,0.95115482,0.87238161,0.35426773,1.68155823,0.60632551,0.1526001,2.4091113
120,9,M,0,3,2,9,0.34269125,0.35964432,0.30254069,0.04969357,0.84452925,0.64461441,0.30254069,1.37346071
121,9,R,0,3,2,9,0.71154018,0.73386653,0.68779426,0.30093619,1.2304776,1.19345509,0.97193538,1.46546271
122,9,C,0,3,2,9,0.75793356,0.78302497,0.71817602,0.3041696,1.33306789,1.09461494,0.67308881,1.78012448
123,9,M,1,3,2,9,0.34269125,0.35964432,0.30254069,0.04969357,0.84452925,0.64461441,0.30254069,1.37346071
124,9,R,1,3,2,9,0.71154018,0.73386653,0.68779426,0.30093619,1.2304776,1.19345509,0.97193538,1.46546271
125,9,C,1,3,2,9,0.75793356,0.78302497,0.71817602,0.3041696,1.33306789,1.09461494,0.67308881,1.78012448
126,34,M,0,3,3,9,0.31464972,0.31590474,0.26574599,0.04813544,0.82449215,0.32280654,0.06809849,1.53019623
127,34,R,0,3,3,9,0.75676784,0.74989983,0.70282099,0.27144404,1.47214242,0.5955031,0.15706149,2.25786687
128,34,C,0,3,3,9,0.74049137,0.68779426,0.65869777,0.20694525,1.67290119,0.49914904,0.08699899,2.86382376
129,34,M,1,3,3,9,0.31464972,0.31590474,0.26574599,0.04813544,0.82449215,0.32280654,0.06809849,1.53019623
130,34,R,1,3,3,9,0.75676784,0.74989983,0.70282099,0.27144404,1.47214242,0.5955031,0.15706149,2.25786687
131,34,C,1,3,3,9,0.74049137,0.68779426,0.65869777,0.20694525,1.67290119,0.49914904,0.08699899,2.86382376
132,40,M,0,3,2,9,0.29126782,0.30254069,0.24906241,0.03796526,0.7637663,0.43686657,0.13598631,1.40346768
133,40,R,0,3,2,9,0.72052952,0.71817602,0.67308881,0.26294758,1.38300405,0.99316995,0.47631419,2.07087373
134,40,C,0,3,2,9,0.67715594,0.64461441,0.60414541,0.20017354,1.47515698,0.82649658,0.27748472,2.46174487
135,40,M,1,3,2,9,0.29126782,0.30254069,0.24906241,0.03796526,0.7637663,0.43686657,0.13598631,1.40346768
136,40,R,1,3,2,9,0.72052952,0.71817602,0.67308881,0.26294758,1.38300405,0.99316995,0.47631419,2.07087373
137,40,C,1,3,2,9,0.67715594,0.64461441,0.60414541,0.20017354,1.47515698,0.82649658,0.27748472,2.46174487
138,41,M,0,3,3,9,0.31713844,0.31590474,0.27155193,0.0483623,0.83218276,0.32631378,0.06809849,1.56362752
139,41,R,0,3,3,9,0.73376876,0.73386653,0.68779426,0.2661568,1.41533337,0.58277089,0.15706149,2.16234992
140,41,C,0,3,3,9,0.72347486,0.67308881,0.64461441,0.20524648,1.61919354,0.49378416,0.08699899,2.8025935
141,41,M,1,3,3,9,0.31713844,0.31590474,0.27155193,0.0483623,0.83218276,0.32631378,0.06809849,1.56362752
142,41,R,1,3,3,9,0.73376876,0.73386653,0.68779426,0.2661568,1.41533337,0.58277089,0.15706149,2.16234992
143,41,C,1,3,3,9,0.72347486,0.67308881,0.64461441,0.20524648,1.61919354,0.49378416,0.08699899,2.8025935
144,47,M,0,3,3,9,0.30161784,0.30254069,0.25450385,0.04691689,0.78398914,0.31250938,0.06809849,1.43413024
145,47,R,0,3,3,9,0.65873166,0.65869777,0.6173446,0.247573,1.2365514,0.53450668,0.15706149,1.81901614
146,47,C,0,3,3,9,0.63415824,0.6173446,0.5785876,0.19490974,1.34540436,0.44320664,0.08699899,2.25786687
147,47,M,1,3,3,9,0.30161784,0.30254069,0.25450385,0.04691689,0.78398914,0.31250938,0.06809849,1.43413024
148,47,R,1,3,3,9,0.65873166,0.65869777,0.6173446,0.247573,1.2365514,0.53450668,0.15706149,1.81901614
149,47,C,1,3,3,9,0.63415824,0.6173446,0.5785876,0.19490974,1.34540436,0.44320664,0.08699899,2.25786687
150,49,M,0,3,2,9,0.33705788,0.35964432,0.30254069,0.05193039,0.80488467,0.77460898,0.4973543,1.20642179
151,49,R,0,3,2,9,0.72743014,0.74989983,0.70282099,0.31834767,1.23220112,1.37346071,1.37346071,1.37346071
152,49,C,0,3,2,9,0.78426081,0.81761334,0.76628343,0.34918057,1.29876959,1.32964888,1.13068242,1.56362752
153,49,M,1,3,2,9,0.33705788,0.35964432,0.30254069,0.05193039,0.80488467,0.77460898,0.4973543,1.20642179
154,49,R,1,3,2,9,0.72743014,0.74989983,0.70282099,0.31834767,1.23220112,1.37346071,1.37346071,1.37346071
155,49,C,1,3,2,9,0.78426081,0.81761334,0.76628343,0.34918057,1.29876959,1.32964888,1.13068242,1.56362752
156,50,M,0,3,2,9,0.17055167,0.18010075,0.1515047,0.02540334,0.4170035,0.40796783,0.20503716,0.81174429
157,50,R,0,3,2,9,0.42493845,0.43686657,0.40944001,0.180421,0.73629741,0.8435402,0.70282099,1.01243428
158,50,C,0,3,2,9,0.32693262,0.33706579,0.31590474,0.13856211,0.56632093,0.66825719,0.43686657,1.02220611
159,50,M,1,3,2,9,0.17055167,0.18010075,0.1515047,0.02540334,0.4170035,0.40796783,0.20503716,0.81174429
160,50,R,1,3,2,7,0.65396223,0.67308881,0.6173446,0.26746726,1.15937854,0.95115482,0.70282099,1.2872346
161,50,C,1,3,2,7,0.59823655,0.6173446,0.56621705,0.23069008,1.08819425,0.78302497,0.43686657,1.40346768
162,53,M,0,3,2,9,0.35871438,0.3755308,0.31590474,0.05075466,0.89608889,0.60414541,0.24373731,1.49747972
163,53,R,0,3,2,9,0.82698605,0.83547632,0.78302497,0.33574181,1.46830696,1.24617329,0.81761334,1.89936708
164,53,C,0,3,2,9,0.85819951,0.87238161,0.80013228,0.31322682,1.61411165,1.13068242,0.53066985,2.4091113
165,53,M,1,3,2,9,0.35871438,0.3755308,0.31590474,0.05075466,0.89608889,0.60414541,0.24373731,1.49747972
166,53,R,1,3,2,9,0.82698605,0.83547632,0.78302497,0.33574181,1.46830696,1.24617329,0.81761334,1.89936708
167,53,C,1,3,2,9,0.85819951,0.87238161,0.80013228,0.31322682,1.61411165,1.13068242,0.53066985,2.4091113
168,63,M,0,3,3,9,0.30778814,0.32280654,0.26574599,0.05115421,0.76075568,0.3419575,0.09084197,1.2872346
169,63,R,0,3,3,9,0.70114971,0.71817602,0.67308881,0.28287204,1.25066881,0.56826029,0.197783,1.63269725
170,63,C,0,3,3,9,0.67764539,0.68779426,0.64461441,0.24963094,1.26618752,0.46950051,0.11605483,1.89936708
171,63,M,1,3,3,9,0.30778814,0.32280654,0.26574599,0.05115421,0.76075568,0.3419575,0.09084197,1.2872346
172,63,R,1,3,3,9,0.70114971,0.71817602,0.67308881,0.28287204,1.25066881,0.56826029,0.197783,1.63269725
173,63,C,1,3,3,9,0.67764539,0.68779426,0.64461441,0.24963094,1.26618752,0.46950051,0.11605483,1.89936708
174,70,M,0,3,2,9,0.32554477,0.34442991,0.28354713,0.04635915,0.81033887,0.56013132,0.23342623,1.3440953
175,70,R,0,3,2,9,0.82610026,0.83547632,0.78302497,0.32770461,1.49063538,1.21952936,0.73386653,2.02659721
176,70,C,0,3,2,9,0.80662231,0.81761334,0.74989983,0.28910371,1.53655439,1.05969797,0.47631419,2.35760306
177,70,M,1,3,2,9,0.32554477,0.34442991,0.28354713,0.04635915,0.81033887,0.56013132,0.23342623,1.3440953
178,70,R,1,3,2,9,0.82610026,0.83547632,0.78302497,0.32770461,1.49063538,1.21952936,0.73386653,2.02659721
179,70,C,1,3,2,9,0.80662231,0.81761334,0.74989983,0.28910371,1.53655439,1.05969797,0.47631419,2.35760306
180,92,M,0,3,2,9,0.2654153,0.27748472,0.23342623,0.03757442,0.66311781,0.51097376,0.23596236,1.10650775
181,92,R,0,3,2,9,0.66897461,0.68779426,0.63083217,0.26926467,1.19861806,1.19704291,0.88185989,1.62487458
182,92,C,0,3,2,9,0.61706996,0.63083217,0.59122842,0.23162699,1.13147393,1.00215403,0.58487386,1.71714411
183,92,M,1,3,2,9,0.2654153,0.27748472,0.23342623,0.03757442,0.66311781,0.51097376,0.23596236,1.10650775
184,92,R,1,3,2,8,0.83693612,0.85372957,0.80013228,0.32626854,1.52516463,1.26653755,0.88185989,1.81901614
185,92,C,1,3,2,8,0.81529232,0.85372957,0.76628343,0.28784133,1.51235844,1.06543914,0.58487386,1.94086391
186,106,M,0,3,2,9,0.37152114,0.39211903,0.32280654,0.0527393,0.92636111,0.63768606,0.26006418,1.56362752
187,106,R,0,3,2,9,0.96382672,0.99316995,0.91091711,0.39147428,1.71097847,1.44971183,0.95115482,2.20959233
188,106,C,0,3,2,9,0.99866781,1.01486844,0.93081857,0.36129715,1.88986934,1.31535774,0.60414541,2.86382376
189,106,M,1,3,2,9,0.37152114,0.39211903,0.32280654,0.0527393,0.92636111,0.63768606,0.26006418,1.56362752
190,106,R,1,3,2,9,0.96382672,0.99316995,0.91091711,0.39147428,1.71097847,1.44971183,0.95115482,2.20959233
191,106,C,1,3,2,9,0.99866781,1.01486844,0.93081857,0.36129715,1.88986934,1.31535774,0.60414541,2.86382376
192,121,M,0,3,3,9,0.19731107,0.20065335,0.17248175,0.03531753,0.48377521,0.23258692,0.06616413,0.81761334
193,121,R,0,3,3,9,0.37730414,0.39211903,0.35195491,0.11807579,0.73749755,0.35577884,0.11944779,1.05969797
194,121,C,0,3,3,9,0.32088087,0.33706579,0.29607218,0.09011902,0.65300267,0.25358876,0.06336512,1.01486844
195,121,M,1,3,3,9,0.19731107,0.20065335,0.17248175,0.03531753,0.48377521,0.23258692,0.06616413,0.81761334
196,121,R,1,3,3,9,0.37730414,0.39211903,0.35195491,0.11807579,0.73749755,0.35577884,0.11944779,1.05969797
197,121,C,1,3,3,9,0.32088087,0.33706579,0.29607218,0.09011902,0.65300267,0.25358876,0.06336512,1.01486844
198,126,M,0,3,3,9,0.25180166,0.26574599,0.22355135,0.04505049,0.60326926,0.30803893,0.10194036,0.93081857
199,126,R,0,3,3,9,0.51893824,0.54226377,0.48672057,0.17127803,0.98008366,0.49200871,0.18403554,1.31535774
200,126,C,0,3,3,9,0.47529506,0.50822036,0.4464111,0.15011232,0.90022567,0.36750173,0.10492067,1.2872346
201,126,M,1,3,3,9,0.25180166,0.26574599,0.22355135,0.04505049,0.60326926,0.30803893,0.10194036,0.93081857
202,126,R,1,3,3,9,0.51893824,0.54226377,0.48672057,0.17127803,0.98008366,0.49200871,0.18403554,1.31535774
203,126,C,1,3,3,9,0.47529506,0.50822036,0.4464111,0.15011232,0.90022567,0.36750173,0.10492067,1.2872346
204,12,M,0,4,5,8,0.59341007,0.59122842,0.55411099,0.199948,1.17376836,0.65869777,0.30254069,1.43413024
205,12,R,0,4,5,8,1.29886457,1.2872346,1.25971276,0.7272283,2.00715491,1.42178564,1.0192647,1.98326735
206,12,C,0,4,5,8,1.27388509,1.2872346,1.23277935,0.66830333,2.03522646,1.30122019,0.70282099,2.4091113
207,12,M,1,4,5,8,0.59341007,0.59122842,0.55411099,0.199948,1.17376836,0.65869777,0.30254069,1.43413024
208,12,R,1,4,5,8,1.29886457,1.2872346,1.25971276,0.7272283,2.00715491,1.42178564,1.0192647,1.98326735
209,12,C,1,4,5,8,1.27388509,1.2872346,1.23277935,0.66830333,2.03522646,1.30122019,0.70282099,2.4091113
210,29,M,0,4,4,8,0.39861267,0.40068594,0.36750173,0.11683377,0.82295878,0.50684922,0.24772032,1.037041
211,29,R,0,4,4,8,0.75239908,0.74989983,0.73386653,0.40640853,1.17588676,0.92081407,0.74989983,1.13068242
212,29,C,0,4,4,8,0.69447974,0.70282099,0.67308881,0.36336484,1.09642658,0.7872672,0.50275797,1.23277935
213,29,M,1,4,4,8,0.39861267,0.40068594,0.36750173,0.11683377,0.82295878,0.50684922,0.24772032,1.037041
214,29,R,1,4,4,8,0.75239908,0.74989983,0.73386653,0.40640853,1.17588676,0.92081407,0.74989983,1.13068242
215,29,C,1,4,4,8,0.69447974,0.70282099,0.67308881,0.36336484,1.09642658,0.7872672,0.50275797,1.23277935
216,42,M,0,4,5,8,0.58392846,0.59122842,0.54226377,0.19366694,1.1627487,0.67236184,0.33272311,1.35869867
217,42,R,0,4,5,8,1.37753748,1.37346071,1.3440953,0.75614915,2.1451021,1.50640639,1.15040187,1.97258042
218,42,C,0,4,5,8,1.4414994,1.46546271,1.40346768,0.76393709,2.24035154,1.43103408,0.86861889,2.35760306
219,42,M,1,4,5,8,0.58392846,0.59122842,0.54226377,0.19366694,1.1627487,0.67236184,0.33272311,1.35869867
220,42,R,1,4,5,6,1.60451209,1.59778921,1.53019623,0.85276903,2.55490778,1.54348211,1.15040187,2.07087373
221,42,C,1,4,5,6,1.71126108,1.74206436,1.66836796,0.87868999,2.71678373,1.49424679,0.86861889,2.57048692
222,60,M,0,4,5,8,0.52047792,0.51932381,0.48672057,0.17428948,1.03444744,0.56805563,0.24798816,1.30122019
223,60,R,0,4,5,8,1.1257488,1.13068242,1.08284995,0.63358411,1.73433619,1.23578038,0.88376787,1.72800255
224,60,C,0,4,5,8,1.00987925,1.01486844,0.97193538,0.53305689,1.62149026,1.07323909,0.56377486,2.04308887
225,60,M,1,4,5,8,0.52047792,0.51932381,0.48672057,0.17428948,1.03444744,0.56805563,0.24798816,1.30122019
226,60,R,1,4,5,8,1.1257488,1.13068242,1.08284995,0.63358411,1.73433619,1.23578038,0.88376787,1.72800255
227,60,C,1,4,5,8,1.00987925,1.01486844,0.97193538,0.53305689,1.62149026,1.07323909,0.56377486,2.04308887
228,67,M,0,4,6,8,0.617425,0.6173446,0.5785876,0.21262199,1.20372057,0.54716902,0.21332442,1.40346768
229,67,R,0,4,6,8,1.41454935,1.40346768,1.37346071,0.79677533,2.17612203,1.10054528,0.57236891,2.11611759
230,67,C,0,4,6,8,1.40038091,1.40346768,1.3440953,0.75143175,2.20548582,0.98781821,0.38790451,2.51552837
231,67,M,1,4,6,8,0.617425,0.6173446,0.5785876,0.21262199,1.20372057,0.54716902,0.21332442,1.40346768
232,67,R,1,4,6,8,1.41454935,1.40346768,1.37346071,0.79677533,2.17612203,1.10054528,0.57236891,2.11611759
233,67,C,1,4,6,8,1.40038091,1.40346768,1.3440953,0.75143175,2.20548582,0.98781821,0.38790451,2.51552837
234,68,M,0,4,5,8,0.66197738,0.65869777,0.6173446,0.22532651,1.30055972,0.7434449,0.35347953,1.56362752
235,68,R,0,4,5,8,1.39604698,1.40346768,1.3440953,0.78796324,2.14422531,1.54682156,1.15538524,2.07087373
236,68,C,0,4,5,8,1.4550728,1.46546271,1.40346768,0.77254407,2.30719068,1.49424679,0.83187278,2.6840324
237,68,M,1,4,5,8,0.66197738,0.65869777,0.6173446,0.22532651,1.30055972,0.7434449,0.35347953,1.56362752
238,68,R,1,4,5,8,1.39604698,1.40346768,1.3440953,0.78796324,2.14422531,1.54682156,1.15538524,2.07087373
239,68,C,1,4,5,8,1.4550728,1.46546271,1.40346768,0.77254407,2.30719068,1.49424679,0.83187278,2.6840324
240,78,M,0,4,6,8,0.45453893,0.45616417,0.41838534,0.14867009,0.921878,0.39211903,0.12472413,1.23277935
241,78,R,0,4,6,8,0.91613918,0.91091711,0.89144116,0.50456414,1.43944171,0.72991205,0.34072795,1.56362752
242,78,C,0,4,6,8,0.79191501,0.78302497,0.74989983,0.39877318,1.32933921,0.59336191,0.2021041,1.74206436
243,78,M,1,4,6,8,0.45453893,0.45616417,0.41838534,0.14867009,0.921878,0.39211903,0.12472413,1.23277935
244,78,R,1,4,6,8,0.91613918,0.91091711,0.89144116,0.50456414,1.43944171,0.72991205,0.34072795,1.56362752
245,78,C,1,4,6,8,0.79191501,0.78302497,0.74989983,0.39877318,1.32933921,0.59336191,0.2021041,1.74206436
246,80,M,0,4,6,8,0.52635593,0.51932381,0.48672057,0.16846418,1.0831007,0.44002519,0.13212357,1.46546271
247,80,R,0,4,6,8,1.07010271,1.05969797,1.037041,0.57510965,1.71826487,0.83397295,0.35835119,1.94086391
248,80,C,0,4,6,8,0.99110495,0.95115482,0.93081857,0.46544825,1.75313811,0.72859864,0.21564216,2.46174487
249,80,M,1,4,6,8,0.52635593,0.51932381,0.48672057,0.16846418,1.0831007,0.44002519,0.13212357,1.46546271
250,80,R,1,4,6,8,1.07010271,1.05969797,1.037041,0.57510965,1.71826487,0.83397295,0.35835119,1.94086391
251,80,C,1,4,6,8,0.99110495,0.95115482,0.93081857,0.46544825,1.75313811,0.72859864,0.21564216,2.46174487
252,84,M,0,4,5,8,0.47220052,0.46613031,0.43686657,0.15239513,0.96451654,0.48988659,0.18643756,1.2872346
253,84,R,0,4,5,8,1.00629047,0.99316995,0.97193538,0.53580463,1.62890276,1.06659111,0.59894509,1.89936708
254,84,C,0,4,5,8,0.88186955,0.85372957,0.83547632,0.4187071,1.54961162,0.89723981,0.37229833,2.16234992
255,84,M,1,4,5,8,0.47220052,0.46613031,0.43686657,0.15239513,0.96451654,0.48988659,0.18643756,1.2872346
256,84,R,1,4,5,8,1.00629047,0.99316995,0.97193538,0.53580463,1.62890276,1.06659111,0.59894509,1.89936708
257,84,C,1,4,5,8,0.88186955,0.85372957,0.83547632,0.4187071,1.54961162,0.89723981,0.37229833,2.16234992
258,97,M,0,4,6,8,0.62124246,0.63083217,0.5785876,0.21479541,1.20803169,0.54815538,0.21409422,1.40346768
259,97,R,0,4,6,8,1.45706428,1.46546271,1.40346768,0.83671299,2.2074359,1.13680816,0.62405195,2.07087373
260,97,C,0,4,6,8,1.40592295,1.40346768,1.37346071,0.77312067,2.18751235,1.00577038,0.4109175,2.46174487
261,97,M,1,4,6,8,0.62124246,0.63083217,0.5785876,0.21479541,1.20803169,0.54815538,0.21409422,1.40346768
262,97,R,1,4,6,8,1.45706428,1.46546271,1.40346768,0.83671299,2.2074359,1.13680816,0.62405195,2.07087373
263,97,C,1,4,6,8,1.40592295,1.40346768,1.37346071,0.77312067,2.18751235,1.00577038,0.4109175,2.46174487
264,100,M,0,4,5,8,0.62327625,0.63083217,0.5785876,0.21522859,1.21268784,0.71353462,0.35501075,1.43413024
265,100,R,0,4,5,8,1.45479902,1.46546271,1.40346768,0.83565073,2.20395074,1.6291724,1.28168254,2.07087373
266,100,C,0,4,5,8,1.40732884,1.40346768,1.37346071,0.77369313,2.19008572,1.48138472,0.89144116,2.46174487
267,100,M,1,4,5,8,0.62327625,0.63083217,0.5785876,0.21522859,1.21268784,0.71353462,0.35501075,1.43413024
268,100,R,1,4,5,8,1.45479902,1.46546271,1.40346768,0.83565073,2.20395074,1.6291724,1.28168254,2.07087373
269,100,C,1,4,5,8,1.40732884,1.40346768,1.37346071,0.77369313,2.19008572,1.48138472,0.89144116,2.46174487
270,112,M,0,4,5,8,0.34315555,0.32280654,0.30254069,0.08341981,0.82060877,0.29735472,0.0643774,1.37346071
271,112,R,0,4,5,8,0.5820016,0.56621705,0.54226377,0.23437153,1.1016085,0.46411981,0.1377612,1.56362752
272,112,C,0,4,5,8,0.54160072,0.51932381,0.48672057,0.16759407,1.1759696,0.37229833,0.0745692,1.85875748
273,112,M,1,4,5,8,0.34315555,0.32280654,0.30254069,0.08341981,0.82060877,0.29735472,0.0643774,1.37346071
274,112,R,1,4,5,8,0.5820016,0.56621705,0.54226377,0.23437153,1.1016085,0.46411981,0.1377612,1.56362752
275,112,C,1,4,5,8,0.54160072,0.51932381,0.48672057,0.16759407,1.1759696,0.37229833,0.0745692,1.85875748
276,113,M,0,4,4,8,0.32898547,0.32280654,0.29607218,0.08465339,0.74210736,0.35195491,0.10955531,1.13068242
277,113,R,0,4,4,8,0.6425448,0.63083217,0.60414541,0.28551333,1.14272117,0.66946184,0.29928896,1.49747972
278,113,C,0,4,4,8,0.56032707,0.55411099,0.51932381,0.21268245,1.08367015,0.52496618,0.17248175,1.59778921
279,113,M,1,4,4,8,0.32898547,0.32280654,0.29607218,0.08465339,0.74210736,0.35195491,0.10955531,1.13068242
280,113,R,1,4,4,8,0.6425448,0.63083217,0.60414541,0.28551333,1.14272117,0.66946184,0.29928896,1.49747972
281,113,C,1,4,4,8,0.56032707,0.55411099,0.51932381,0.21268245,1.08367015,0.52496618,0.17248175,1.59778921
282,115,M,0,4,6,8,0.37663284,0.36750173,0.33706579,0.11172964,0.81971369,0.31307273,0.081244,1.20642179
283,115,R,0,4,6,8,0.66146953,0.65869777,0.63083217,0.31364489,1.14073345,0.51374209,0.18403554,1.43413024
284,115,C,0,4,6,8,0.5937988,0.5785876,0.55411099,0.23813033,1.12027568,0.40870325,0.10230822,1.63269725
285,115,M,1,4,6,8,0.37663284,0.36750173,0.33706579,0.11172964,0.81971369,0.31307273,0.081244,1.20642179
286,115,R,1,4,6,8,0.66146953,0.65869777,0.63083217,0.31364489,1.14073345,0.51374209,0.18403554,1.43413024
287,115,C,1,4,6,8,0.5937988,0.5785876,0.55411099,0.23813033,1.12027568,0.40870325,0.10230822,1.63269725
288,119,M,0,4,6,8,0.41201799,0.40944001,0.3755308,0.12914135,0.85835364,0.35068942,0.10416752,1.18062777
289,119,R,0,4,6,8,0.64334594,0.64461441,0.6173446,0.34030821,1.02667981,0.50730585,0.23766841,1.08284995
290,119,C,0,4,6,8,0.59620264,0.59122842,0.56621705,0.28886928,0.99668569,0.41989511,0.13996199,1.25971276
291,119,M,1,4,6,8,0.41201799,0.40944001,0.3755308,0.12914135,0.85835364,0.35068942,0.10416752,1.18062777
292,119,R,1,4,6,8,0.64334594,0.64461441,0.6173446,0.34030821,1.02667981,0.50730585,0.23766841,1.08284995
293,119,C,1,4,6,8,0.59620264,0.59122842,0.56621705,0.28886928,0.99668569,0.41989511,0.13996199,1.25971276
294,120,M,0,4,6,8,0.29060747,0.28354713,0.26574599,0.09292905,0.60270449,0.25634396,0.07865241,0.83547632
295,120,R,0,4,6,8,0.46082026,0.45616417,0.4464111,0.22883291,0.76273656,0.38442704,0.1694031,0.87238161
296,120,C,0,4,6,8,0.38520442,0.38373529,0.36750173,0.1721451,0.67484447,0.28766214,0.09282666,0.89144116
297,120,M,1,4,6,8,0.29060747,0.28354713,0.26574599,0.09292905,0.60270449,0.25634396,0.07865241,0.83547632
298,120,R,1,4,6,8,0.46082026,0.45616417,0.4464111,0.22883291,0.76273656,0.38442704,0.1694031,0.87238161
299,120,C,1,4,6,8,0.38520442,0.38373529,0.36750173,0.1721451,0.67484447,0.28766214,0.09282666,0.89144116
300,130,M,0,4,4,8,0.60865444,0.6173446,0.56621705,0.1775532,1.26237576,0.74585896,0.34072795,1.63269725
301,130,R,0,4,4,8,1.1988757,1.20642179,1.15538524,0.53787096,2.06494158,1.40346768,0.81761334,2.4091113
302,130,C,0,4,4,8,1.29296978,1.31535774,1.23277935,0.51370045,2.36479195,1.3440953,0.55411099,3.26034347
303,130,M,1,4,4,8,0.60865444,0.6173446,0.56621705,0.1775532,1.26237576,0.74585896,0.34072795,1.63269725
304,130,R,1,4,4,8,1.1988757,1.20642179,1.15538524,0.53787096,2.06494158,1.40346768,0.81761334,2.4091113
305,130,C,1,4,4,8,1.29296978,1.31535774,1.23277935,0.51370045,2.36479195,1.3440953,0.55411099,3.26034347
