1.909456840148716765e+03
3.373315492446539338e+03
4.292618604445657547e+04
1.378774267505802527e+03
2.842632919803625100e+03
4.239550347181365942e+04
1.909456840148716765e+03
1.378774267505802527e+03
3.373315492446539338e+03
2.842632919803625100e+03
7.450799166047827384e+03
4.516486145534545358e+03
7.450799166047827384e+03
6.848786975252134653e+03
4.516486145534545358e+03
7.151260913268364675e+03
1.793685743007390556e+03
5.570211799029737449e+03
1.450670734628787613e+03
5.227196790651134506e+03
1.793685743007390556e+03
1.450670734628787613e+03
5.570211799029737449e+03
5.227196790651134506e+03
2.327001878630981082e+03
3.952160467244000756e+03
2.327001878630981082e+03
3.952160467244000756e+03
4.292618604445657547e+04
4.239550347181365942e+04
4.764728052385675255e+03
4.764728052385675255e+03
