3.974711319646669835e+03
3.448911523742071040e+03
3.108373657546845607e+03
3.066530790342712407e+03
6.329441660517236414e+02
3.398769038087591525e+03
2.682734452656696249e+03
2.602630049754910488e+03
2.405431835384020815e+03
6.329441660517236414e+02
1.063284047976925285e+04
1.934268554746955942e+03
1.437454807449367945e+04
1.866214486417414264e+03
6.457567977123990204e+02
3.974711319646669835e+03
3.448911523742071040e+03
3.108373657546845607e+03
3.066530790342712407e+03
2.682734452656696249e+03
2.602630049754910488e+03
2.405431835384020815e+03
1.934268554746955942e+03
1.866214486417414264e+03
6.457567977123990204e+02
5.565308146273855527e+01
1.640974297447182835e+02
5.565308146273855527e+01
1.640974297447182835e+02
3.398769038087591525e+03
1.463842718154835893e+03
4.574602226539082949e+03
1.463842718154835893e+03
4.011937952126677374e+03
7.048929473574590702e+03
8.475371715224780928e+03
9.733079011518457264e+03
1.036173293239869963e+04
3.527474960550001015e+03
7.891797555264788571e+03
4.574602226539082949e+03
4.011937952126677374e+03
3.527474960550001015e+03
3.910751315944151429e+03
1.063284047976925285e+04
1.997132762870371153e+03
7.048929473574590702e+03
3.910751315944151429e+03
8.475371715224780928e+03
7.891797555264788571e+03
1.997132762870371153e+03
9.733079011518457264e+03
1.036173293239869963e+04
1.437454807449367945e+04
4.163241871277416067e+03
7.873931301637312572e+02
2.582302182468836691e+03
2.611941406204656232e+03
7.873931301637312572e+02
2.345323268080755952e+02
1.386895405747352925e+03
2.345323268080755952e+02
1.560376725497029838e+03
1.590015949232849380e+03
4.163241871277416067e+03
1.386895405747352925e+03
2.582302182468836691e+03
1.560376725497029838e+03
2.611941406204656232e+03
1.590015949232849380e+03
