,MarkerID,Clock,Adjusted,Fk,N_Shared,N_Others,PostMean,PostMode,PostMedian,PostCI025,PostCI975,Robust,Lower,Upper
0,3,M,0,2,1,100,0.00625536,0.00751186,0.00509092,0.00023092,0.0181257,0.09369673,0.03337288,0.26306024
1,3,R,0,2,1,100,0.00126442,0.00127668,0.00086523,3.181e-05,0.00459869,0.07870909,0.03337288,0.18563342
2,3,C,0,2,1,100,0.00347906,0.00419103,0.00284033,0.00012792,0.01011095,0.0591991,0.01707741,0.20521449
3,3,M,1,2,1,100,0.00625536,0.00751186,0.00509092,0.00023092,0.0181257,0.09369673,0.03337288,0.26306024
4,3,R,1,2,1,100,0.00126442,0.00127668,0.00086523,3.181e-05,0.00459869,0.07870909,0.03337288,0.18563342
5,3,C,1,2,1,100,0.00347906,0.00419103,0.00284033,0.00012792,0.01011095,0.0591991,0.01707741,0.20521449
6,21,M,0,2,1,100,0.00575107,0.00704026,0.0046693,0.00021293,0.0166326,0.09524845,0.03337288,0.27184554
7,21,R,0,2,1,100,0.00106892,0.00107397,0.00072785,2.685e-05,0.00389278,0.08522481,0.03337288,0.21763986
8,21,C,0,2,1,100,0.00313798,0.00384393,0.0025494,0.00011588,0.00909235,0.06489427,0.01707741,0.24659856
9,21,M,1,2,1,100,0.00575107,0.00704026,0.0046693,0.00021293,0.0166326,0.09524845,0.03337288,0.27184554
10,21,R,1,2,1,100,0.00106892,0.00107397,0.00072785,2.685e-05,0.00389278,0.08522481,0.03337288,0.21763986
11,21,C,1,2,1,100,0.00313798,0.00384393,0.0025494,0.00011588,0.00909235,0.06489427,0.01707741,0.24659856
12,22,M,0,2,1,100,0.0066228,0.00801504,0.00543194,0.0002442,0.01919641,0.10313333,0.03337288,0.31871645
13,22,R,0,2,1,100,0.00208007,0.00214461,0.00145344,5.372e-05,0.00740632,0.10195872,0.03337288,0.3114979
14,22,C,0,2,1,100,0.00466126,0.00567188,0.00384393,0.00017159,0.01342711,0.07496509,0.01707741,0.32907585
15,22,M,1,2,1,100,0.0066228,0.00801504,0.00543194,0.0002442,0.01919641,0.10313333,0.03337288,0.31871645
16,22,R,1,2,1,100,0.00208007,0.00214461,0.00145344,5.372e-05,0.00740632,0.10195872,0.03337288,0.3114979
17,22,C,1,2,1,100,0.00466126,0.00567188,0.00384393,0.00017159,0.01342711,0.07496509,0.01707741,0.32907585
18,30,M,0,2,1,100,0.00542602,0.00659827,0.00447177,0.00020162,0.01563839,0.08174303,0.03337288,0.20022015
19,30,R,0,2,1,100,0.00087451,0.00088413,0.00059919,2.195e-05,0.00318727,0.06900222,0.03337288,0.14266995
20,30,C,0,2,1,100,0.00297229,0.00360261,0.00244155,0.00011027,0.00857314,0.05215694,0.01707741,0.15929496
21,30,M,1,2,1,100,0.00542602,0.00659827,0.00447177,0.00020162,0.01563839,0.08174303,0.03337288,0.20022015
22,30,R,1,2,1,100,0.00087451,0.00088413,0.00059919,2.195e-05,0.00318727,0.06900222,0.03337288,0.14266995
23,30,C,1,2,1,100,0.00297229,0.00360261,0.00244155,0.00011027,0.00857314,0.05215694,0.01707741,0.15929496
24,38,M,0,2,1,100,0.01940608,0.02361646,0.01566309,0.00068089,0.05743817,0.13735984,0.03337288,0.56536109
25,38,R,0,2,1,100,0.02272897,0.02747376,0.01822135,0.00078624,0.06771833,0.15459739,0.03337288,0.71616105
26,38,C,0,2,1,100,0.02542484,0.03265934,0.02074425,0.00084279,0.07382642,0.107957,0.01707741,0.68246365
27,38,M,1,2,1,100,0.01940608,0.02361646,0.01566309,0.00068089,0.05743817,0.13735984,0.03337288,0.56536109
28,38,R,1,2,1,100,0.02272897,0.02747376,0.01822135,0.00078624,0.06771833,0.15459739,0.03337288,0.71616105
29,38,C,1,2,1,100,0.02542484,0.03265934,0.02074425,0.00084279,0.07382642,0.107957,0.01707741,0.68246365
30,48,M,0,2,1,100,0.00545113,0.00659827,0.00447177,0.00020246,0.01572042,0.07777062,0.03337288,0.1812331
31,48,R,0,2,1,100,0.00150089,0.00151765,0.00105101,3.838e-05,0.00538675,0.07254243,0.03337288,0.15768505
32,48,C,0,2,1,100,0.00373914,0.00456946,0.00303059,0.00013841,0.0107617,0.05128506,0.01707741,0.15401378
33,48,M,1,2,1,100,0.00545113,0.00659827,0.00447177,0.00020246,0.01572042,0.07777062,0.03337288,0.1812331
34,48,R,1,2,1,100,0.00150089,0.00151765,0.00105101,3.838e-05,0.00538675,0.07254243,0.03337288,0.15768505
35,48,C,1,2,1,100,0.00373914,0.00456946,0.00303059,0.00013841,0.0107617,0.05128506,0.01707741,0.15401378
36,63,M,0,2,1,100,0.00596418,0.00719408,0.00487555,0.00022065,0.01725358,0.09274979,0.03337288,0.2577699
37,63,R,0,2,1,100,0.0010477,0.00105101,0.00071229,2.629e-05,0.0038188,0.08289947,0.03337288,0.20592535
38,63,C,0,2,1,100,0.003238,0.00392791,0.00266202,0.00011957,0.00937708,0.06205502,0.01707741,0.22549233
39,63,M,1,2,1,100,0.00596418,0.00719408,0.00487555,0.00022065,0.01725358,0.09274979,0.03337288,0.2577699
40,63,R,1,2,1,100,0.0010477,0.00105101,0.00071229,2.629e-05,0.0038188,0.08289947,0.03337288,0.20592535
41,63,C,1,2,1,100,0.003238,0.00392791,0.00266202,0.00011957,0.00937708,0.06205502,0.01707741,0.22549233
42,76,M,0,2,1,100,0.01120126,0.0143659,0.00952786,0.00043019,0.03074695,0.0966795,0.03337288,0.28007551
43,76,R,0,2,1,100,0.00111987,0.00112141,0.0007766,2.812e-05,0.0040791,0.07844586,0.03337288,0.18439386
44,76,C,0,2,1,100,0.00684683,0.0089297,0.0057958,0.00026842,0.01839766,0.06334914,0.01707741,0.2349954
45,76,M,1,2,1,100,0.01120126,0.0143659,0.00952786,0.00043019,0.03074695,0.0966795,0.03337288,0.28007551
46,76,R,1,2,1,100,0.00111987,0.00112141,0.0007766,2.812e-05,0.0040791,0.07844586,0.03337288,0.18439386
47,76,C,1,2,1,100,0.00684683,0.0089297,0.0057958,0.00026842,0.01839766,0.06334914,0.01707741,0.2349954
48,104,M,0,2,1,100,0.00526804,0.0064572,0.00428259,0.00019612,0.01515992,0.07671888,0.03337288,0.1763644
49,104,R,0,2,1,100,0.00080071,0.00079357,0.00054957,2.01e-05,0.00291774,0.06158739,0.03337288,0.11365536
50,104,C,0,2,1,100,0.00289776,0.00352558,0.00238935,0.00010773,0.00834085,0.04782704,0.01707741,0.1339445
51,104,M,1,2,1,100,0.00526804,0.0064572,0.00428259,0.00019612,0.01515992,0.07671888,0.03337288,0.1763644
52,104,R,1,2,1,100,0.00080071,0.00079357,0.00054957,2.01e-05,0.00291774,0.06158739,0.03337288,0.11365536
53,104,C,1,2,1,100,0.00289776,0.00352558,0.00238935,0.00010773,0.00834085,0.04782704,0.01707741,0.1339445
54,116,M,0,2,1,100,0.01583245,0.01902624,0.01289442,0.00056332,0.04658415,0.12446831,0.03337288,0.46422013
55,116,R,0,2,1,100,0.03496849,0.0451648,0.0293141,0.001246,0.09776029,0.15311767,0.03337288,0.70251726
56,116,C,0,2,1,100,0.03029597,0.04142432,0.02465966,0.00098859,0.08563698,0.10099374,0.01707741,0.59726464
57,116,M,1,2,1,100,0.01583245,0.01902624,0.01289442,0.00056332,0.04658415,0.12446831,0.03337288,0.46422013
58,116,R,1,2,1,100,0.03496849,0.0451648,0.0293141,0.001246,0.09776029,0.15311767,0.03337288,0.70251726
59,116,C,1,2,1,100,0.03029597,0.04142432,0.02465966,0.00098859,0.08563698,0.10099374,0.01707741,0.59726464
60,146,M,0,2,1,100,0.00574128,0.00704026,0.0046693,0.0002127,0.01659323,0.0931415,0.03337288,0.25995179
61,146,R,0,2,1,100,0.00090998,0.00090345,0.00062566,2.281e-05,0.00331958,0.0755343,0.03337288,0.17096013
62,146,C,0,2,1,100,0.00299447,0.00360261,0.00244155,0.00011084,0.0086611,0.05906491,0.01707741,0.20428521
63,146,M,1,2,1,100,0.00574128,0.00704026,0.0046693,0.0002127,0.01659323,0.0931415,0.03337288,0.25995179
64,146,R,1,2,1,100,0.00090998,0.00090345,0.00062566,2.281e-05,0.00331958,0.0755343,0.03337288,0.17096013
65,146,C,1,2,1,100,0.00299447,0.00360261,0.00244155,0.00011084,0.0086611,0.05906491,0.01707741,0.20428521
66,148,M,0,2,1,100,0.02540046,0.03060899,0.02030073,0.00086996,0.07602264,0.15258911,0.03337288,0.69767542
67,148,R,0,2,1,100,0.05620204,0.07110659,0.0451648,0.00181181,0.16482557,0.18944327,0.03337288,1.07538681
68,148,C,0,2,1,100,0.05080549,0.06664251,0.0388237,0.00138404,0.15696344,0.129308,0.01707741,0.9791037
69,148,M,1,2,1,100,0.02540046,0.03060899,0.02030073,0.00086996,0.07602264,0.15258911,0.03337288,0.69767542
70,148,R,1,2,1,100,0.05620204,0.07110659,0.0451648,0.00181181,0.16482557,0.18944327,0.03337288,1.07538681
71,148,C,1,2,1,100,0.05080549,0.06664251,0.0388237,0.00138404,0.15696344,0.129308,0.01707741,0.9791037
72,152,M,0,2,1,100,0.01000187,0.01234893,0.00819015,0.00036971,0.02860665,0.11881698,0.03337288,0.42302244
73,152,R,0,2,1,100,0.00120821,0.00119653,0.00082862,3.03e-05,0.00440586,0.09981114,0.03337288,0.29851376
74,152,C,0,2,1,100,0.00538498,0.00659827,0.00447177,0.00019911,0.01537735,0.08300703,0.01707741,0.40346668
75,152,M,1,2,1,100,0.01000187,0.01234893,0.00819015,0.00036971,0.02860665,0.11881698,0.03337288,0.42302244
76,152,R,1,2,1,100,0.00120821,0.00119653,0.00082862,3.03e-05,0.00440586,0.09981114,0.03337288,0.29851376
77,152,C,1,2,1,100,0.00538498,0.00659827,0.00447177,0.00019911,0.01537735,0.08300703,0.01707741,0.40346668
78,27,M,0,3,3,100,0.03555941,0.03967191,0.034102,0.0100857,0.06515982,0.11364308,0.03337288,0.38698341
79,27,R,0,3,3,100,0.00449086,0.00456946,0.00401373,0.00094414,0.01042841,0.08403593,0.03337288,0.21161011
80,27,C,0,3,3,100,0.02087726,0.02361646,0.02030073,0.00585389,0.03833504,0.07371194,0.01707741,0.31816586
81,27,M,1,3,3,100,0.03555941,0.03967191,0.034102,0.0100857,0.06515982,0.11364308,0.03337288,0.38698341
82,27,R,1,3,3,100,0.00449086,0.00456946,0.00401373,0.00094414,0.01042841,0.08403593,0.03337288,0.21161011
83,27,C,1,3,3,100,0.02087726,0.02361646,0.02030073,0.00585389,0.03833504,0.07371194,0.01707741,0.31816586
84,32,M,0,3,3,100,0.03427926,0.03799362,0.03337288,0.00975287,0.06281015,0.10909457,0.03337288,0.35662567
85,32,R,0,3,3,100,0.00365959,0.00368132,0.0032336,0.00075969,0.00858697,0.07672718,0.03337288,0.17640252
86,32,C,0,3,3,100,0.01987625,0.02213381,0.01902624,0.00561891,0.03634644,0.07066232,0.01707741,0.29238401
87,32,M,1,3,3,100,0.03427926,0.03799362,0.03337288,0.00975287,0.06281015,0.10909457,0.03337288,0.35662567
88,32,R,1,3,3,100,0.00365959,0.00368132,0.0032336,0.00075969,0.00858697,0.07672718,0.03337288,0.17640252
89,32,C,1,3,3,100,0.01987625,0.02213381,0.01902624,0.00561891,0.03634644,0.07066232,0.01707741,0.29238401
90,57,M,0,3,3,100,0.01404778,0.01500048,0.01317613,0.00376384,0.02810235,0.09082561,0.03337288,0.24718552
91,57,R,0,3,3,100,0.01824436,0.01944192,0.01707741,0.0048718,0.03635937,0.10566024,0.03337288,0.33452572
92,57,C,0,3,3,100,0.01733996,0.01902624,0.01671229,0.00479986,0.03288911,0.06925621,0.01707741,0.28086352
93,57,M,1,3,3,100,0.01404778,0.01500048,0.01317613,0.00376384,0.02810235,0.09082561,0.03337288,0.24718552
94,57,R,1,3,3,100,0.01824436,0.01944192,0.01707741,0.0048718,0.03635937,0.10566024,0.03337288,0.33452572
95,57,C,1,3,3,100,0.01733996,0.01902624,0.01671229,0.00479986,0.03288911,0.06925621,0.01707741,0.28086352
96,78,M,0,3,3,100,0.02211362,0.02361646,0.02074425,0.00585347,0.04408143,0.09924112,0.03337288,0.29511391
97,78,R,0,3,3,100,0.0048706,0.00487555,0.00428259,0.00100669,0.01147301,0.08648656,0.03337288,0.22413188
98,78,C,0,3,3,100,0.01617834,0.01745052,0.0153282,0.00426231,0.03182003,0.06757071,0.01707741,0.26735902
99,78,M,1,3,3,100,0.02211362,0.02361646,0.02074425,0.00585347,0.04408143,0.09924112,0.03337288,0.29511391
100,78,R,1,3,3,100,0.0048706,0.00487555,0.00428259,0.00100669,0.01147301,0.08648656,0.03337288,0.22413188
101,78,C,1,3,3,100,0.01617834,0.01745052,0.0153282,0.00426231,0.03182003,0.06757071,0.01707741,0.26735902
102,11,M,0,4,6,100,0.0171767,0.01783177,0.01671229,0.0075155,0.02903455,0.09591984,0.03337288,0.2756914
103,11,R,0,4,6,100,0.00550183,0.00555061,0.00509092,0.00199914,0.01057675,0.08392703,0.03337288,0.21106201
104,11,C,0,4,6,100,0.00915445,0.00932415,0.00873878,0.003996,0.01549982,0.06471919,0.01707741,0.24526976
105,11,M,1,4,6,100,0.0171767,0.01783177,0.01671229,0.0075155,0.02903455,0.09591984,0.03337288,0.2756914
106,11,R,1,4,6,100,0.00550183,0.00555061,0.00509092,0.00199914,0.01057675,0.08392703,0.03337288,0.21106201
107,11,C,1,4,6,100,0.00915445,0.00932415,0.00873878,0.003996,0.01549982,0.06471919,0.01707741,0.24526976
108,119,M,0,4,6,100,0.01617755,0.01671229,0.01566309,0.00710957,0.02724003,0.07735155,0.03337288,0.17928519
109,119,R,0,4,6,100,0.00499493,0.00498207,0.0046693,0.00181774,0.0095895,0.06469122,0.03337288,0.12539986
110,119,C,0,4,6,100,0.00878645,0.00912479,0.00855194,0.00385175,0.01482101,0.04843557,0.01707741,0.13737468
111,119,M,1,4,6,100,0.01617755,0.01671229,0.01566309,0.00710957,0.02724003,0.07735155,0.03337288,0.17928519
112,119,R,1,4,6,100,0.00499493,0.00498207,0.0046693,0.00181774,0.0095895,0.06469122,0.03337288,0.12539986
113,119,C,1,4,6,100,0.00878645,0.00912479,0.00855194,0.00385175,0.01482101,0.04843557,0.01707741,0.13737468
114,122,M,0,4,6,100,0.0279753,0.02868735,0.02747376,0.0153681,0.04229639,0.11462152,0.06024891,0.21806361
115,122,R,0,4,6,100,0.00578892,0.0057958,0.00543194,0.00210923,0.01109939,0.07083051,0.03337288,0.15033049
116,122,C,0,4,6,100,0.01575443,0.01600529,0.0153282,0.00863944,0.02384986,0.07329362,0.03083029,0.17424273
117,122,M,1,4,6,100,0.0279753,0.02868735,0.02747376,0.0153681,0.04229639,0.11462152,0.06024891,0.21806361
118,122,R,1,4,6,100,0.00578892,0.0057958,0.00543194,0.00210923,0.01109939,0.07083051,0.03337288,0.15033049
119,122,C,1,4,6,100,0.01575443,0.01600529,0.0153282,0.00863944,0.02384986,0.07329362,0.03083029,0.17424273
120,126,M,0,4,6,100,0.02173095,0.02213381,0.02074425,0.00936998,0.03712033,0.10061249,0.03337288,0.30332634
121,126,R,0,4,6,100,0.01189581,0.01208491,0.01108405,0.00443144,0.02239734,0.10037358,0.03337288,0.30188753
122,126,C,0,4,6,100,0.0136787,0.01405874,0.01317613,0.00585066,0.02346079,0.0701374,0.01707741,0.28805616
123,126,M,1,4,6,100,0.02173095,0.02213381,0.02074425,0.00936998,0.03712033,0.10061249,0.03337288,0.30332634
124,126,R,1,4,6,100,0.01189581,0.01208491,0.01108405,0.00443144,0.02239734,0.10037358,0.03337288,0.30188753
125,126,C,1,4,6,100,0.0136787,0.01405874,0.01317613,0.00585066,0.02346079,0.0701374,0.01707741,0.28805616
126,47,M,0,5,10,100,0.03377886,0.034102,0.03265934,0.02021323,0.049085,0.12015984,0.04756932,0.30352307
127,47,R,0,5,10,100,0.0265746,0.02688635,0.02574895,0.01416296,0.04118382,0.11022029,0.03337288,0.36402354
128,47,C,0,5,10,100,0.0281933,0.02868735,0.02747376,0.01723594,0.04008687,0.09142629,0.02434195,0.34338932
129,47,M,1,5,10,100,0.03377886,0.034102,0.03265934,0.02021323,0.049085,0.12015984,0.04756932,0.30352307
130,47,R,1,5,10,100,0.0265746,0.02688635,0.02574895,0.01416296,0.04118382,0.11022029,0.03337288,0.36402354
131,47,C,1,5,10,100,0.0281933,0.02868735,0.02747376,0.01723594,0.04008687,0.09142629,0.02434195,0.34338932
132,86,M,0,5,10,100,0.03291082,0.03337288,0.03196107,0.01757329,0.05090012,0.09361576,0.03337288,0.2626058
133,86,R,0,5,10,100,0.03508016,0.03560838,0.034102,0.01867132,0.05436765,0.1015848,0.03337288,0.30921733
134,86,C,0,5,10,100,0.03106147,0.03196107,0.03060899,0.01667783,0.04725669,0.06787075,0.01707741,0.26973865
135,86,M,1,5,10,100,0.03291082,0.03337288,0.03196107,0.01757329,0.05090012,0.09361576,0.03337288,0.2626058
136,86,R,1,5,10,100,0.03508016,0.03560838,0.034102,0.01867132,0.05436765,0.1015848,0.03337288,0.30921733
137,86,C,1,5,10,100,0.03106147,0.03196107,0.03060899,0.01667783,0.04725669,0.06787075,0.01707741,0.26973865
138,123,M,0,5,10,100,0.02641426,0.02688635,0.02574895,0.01418651,0.04072709,0.09130781,0.03337288,0.24981715
139,123,R,0,5,10,100,0.03165035,0.03196107,0.03060899,0.01699116,0.04870639,0.10373691,0.03337288,0.32245789
140,123,C,0,5,10,100,0.02607253,0.02688635,0.02519842,0.01429383,0.03913966,0.06797351,0.01707741,0.27055605
141,123,M,1,5,10,100,0.02641426,0.02688635,0.02574895,0.01418651,0.04072709,0.09130781,0.03337288,0.24981715
142,123,R,1,5,10,100,0.03165035,0.03196107,0.03060899,0.01699116,0.04870639,0.10373691,0.03337288,0.32245789
143,123,C,1,5,10,100,0.02607253,0.02688635,0.02519842,0.01429383,0.03913966,0.06797351,0.01707741,0.27055605
144,6,M,0,6,15,100,0.07835815,0.07922108,0.07752729,0.05036153,0.1088892,0.15620391,0.04582026,0.53250808
145,6,R,0,6,15,100,0.05314252,0.05368952,0.05141824,0.03374706,0.07492832,0.14977377,0.04582026,0.48956907
146,6,C,0,6,15,100,0.05885946,0.05981642,0.05728595,0.03893772,0.08029436,0.12796889,0.03065312,0.5342372
147,6,M,1,6,15,97,0.08860051,0.09018988,0.08637448,0.05711837,0.12269149,0.16082106,0.04582026,0.56445359
148,6,R,1,6,15,88,0.08401606,0.08452775,0.08272049,0.05319057,0.11884897,0.17190379,0.04582026,0.64493112
149,6,C,1,6,15,97,0.0707281,0.07110659,0.06958629,0.04723096,0.0955118,0.13313025,0.03065312,0.57820099
150,51,M,0,6,15,100,0.06000417,0.05981642,0.05853751,0.03834459,0.08421453,0.12703199,0.0448406,0.35987758
151,51,R,0,6,15,100,0.05096087,0.05141824,0.04924304,0.02826109,0.07857952,0.12766962,0.03337288,0.48840656
152,51,C,0,6,15,100,0.04611794,0.04615155,0.0451648,0.02825205,0.0669645,0.09805431,0.02294562,0.41901878
153,51,M,1,6,15,100,0.06000417,0.05981642,0.05853751,0.03834459,0.08421453,0.12703199,0.0448406,0.35987758
154,51,R,1,6,15,100,0.05096087,0.05141824,0.04924304,0.02826109,0.07857952,0.12766962,0.03337288,0.48840656
155,51,C,1,6,15,100,0.04611794,0.04615155,0.0451648,0.02825205,0.0669645,0.09805431,0.02294562,0.41901878
156,1,M,0,7,21,100,0.04582362,0.04615155,0.0451648,0.03000436,0.06315034,0.10199178,0.03337288,0.31169993
157,1,R,0,7,21,100,0.02460938,0.02465966,0.02413243,0.01520081,0.0355328,0.08259544,0.03337288,0.20441771
158,1,C,0,7,21,100,0.02711294,0.02747376,0.0263115,0.01768347,0.03742935,0.0647052,0.01707741,0.24516376
159,1,M,1,7,21,100,0.04582362,0.04615155,0.0451648,0.03000436,0.06315034,0.10199178,0.03337288,0.31169993
160,1,R,1,7,21,100,0.02460938,0.02465966,0.02413243,0.01520081,0.0355328,0.08259544,0.03337288,0.20441771
161,1,C,1,7,21,100,0.02711294,0.02747376,0.0263115,0.01768347,0.03742935,0.0647052,0.01707741,0.24516376
162,4,M,0,7,21,100,0.05139084,0.05141824,0.05031889,0.03311242,0.07185145,0.13429233,0.03337288,0.54039186
163,4,R,0,7,21,100,0.05173806,0.05141824,0.05031889,0.03303747,0.07275418,0.14154892,0.03337288,0.6003707
164,4,C,0,7,21,100,0.03914566,0.03967191,0.03799362,0.02510607,0.05464124,0.10361368,0.01707741,0.62865453
165,4,M,1,7,21,100,0.05139084,0.05141824,0.05031889,0.03311242,0.07185145,0.13429233,0.03337288,0.54039186
166,4,R,1,7,21,100,0.05173806,0.05141824,0.05031889,0.03303747,0.07275418,0.14154892,0.03337288,0.6003707
167,4,C,1,7,21,100,0.03914566,0.03967191,0.03799362,0.02510607,0.05464124,0.10361368,0.01707741,0.62865453
168,12,M,0,7,21,100,0.05906898,0.05981642,0.05853751,0.04000478,0.07981878,0.16882787,0.07176828,0.3971511
169,12,R,0,7,21,100,0.06687854,0.06664251,0.06521765,0.04652302,0.08880747,0.19963272,0.08871692,0.44921782
170,12,C,0,7,21,100,0.05417147,0.05486252,0.05368952,0.03920396,0.06970009,0.1572572,0.05658282,0.43705544
171,12,M,1,7,21,74,0.11681342,0.11689393,0.11439467,0.07652879,0.16225072,0.21552822,0.07176828,0.64725554
172,12,R,1,7,11,100,0.03081691,0.03127772,0.02995455,0.01607962,0.04872578,0.12244056,0.03337288,0.44921782
173,12,C,1,7,21,71,0.12695821,0.12744907,0.12472413,0.08694518,0.17091063,0.2201555,0.05658282,0.856593
174,20,M,0,7,21,100,0.03833587,0.0388237,0.0371813,0.0253469,0.05250692,0.14409986,0.06830907,0.30398261
175,20,R,0,7,21,100,0.04244468,0.04232935,0.04142432,0.02972984,0.0561283,0.18120512,0.10787704,0.30437706
176,20,C,0,7,21,100,0.03414184,0.034102,0.03337288,0.02481208,0.04381631,0.13579961,0.05871853,0.31406669
177,20,M,1,7,21,51,0.19738353,0.19636326,0.19216489,0.11558045,0.29781091,0.26503104,0.06830907,1.02828872
178,20,R,1,7,21,51,0.33764782,0.33706579,0.32985912,0.22207943,0.46802606,0.38992935,0.10787704,1.40942783
179,20,C,1,7,21,51,0.24107975,0.23852606,0.23342623,0.15501882,0.34036691,0.3029439,0.05871853,1.56296504
180,36,M,0,7,21,100,0.06786999,0.06809849,0.06664251,0.04853586,0.0881403,0.13407276,0.05537304,0.32462557
181,36,R,0,7,21,100,0.03189646,0.03196107,0.03127772,0.01996137,0.04558772,0.09760326,0.03337288,0.28545323
182,36,C,0,7,21,100,0.04364863,0.04419915,0.04325415,0.03123611,0.05663,0.09335167,0.02833524,0.3075511
183,36,M,1,7,21,100,0.06786999,0.06809849,0.06664251,0.04853586,0.0881403,0.13407276,0.05537304,0.32462557
184,36,R,1,7,21,100,0.03189646,0.03196107,0.03127772,0.01996137,0.04558772,0.09760326,0.03337288,0.28545323
185,36,C,1,7,21,100,0.04364863,0.04419915,0.04325415,0.03123611,0.05663,0.09335167,0.02833524,0.3075511
186,50,M,0,9,36,100,0.08745672,0.08637448,0.08637448,0.06005384,0.11835403,0.14216209,0.03337288,0.60558339
187,50,R,0,9,36,100,0.08359721,0.08272049,0.08095188,0.05624271,0.11520236,0.16235358,0.03337288,0.78982356
188,50,C,0,9,36,100,0.05338044,0.05254161,0.05254161,0.03570527,0.0740688,0.11310402,0.01707741,0.74908991
189,50,M,1,9,36,100,0.08745672,0.08637448,0.08637448,0.06005384,0.11835403,0.14216209,0.03337288,0.60558339
190,50,R,1,9,36,100,0.08359721,0.08272049,0.08095188,0.05624271,0.11520236,0.16235358,0.03337288,0.78982356
191,50,C,1,9,36,100,0.05338044,0.05254161,0.05254161,0.03570527,0.0740688,0.11310402,0.01707741,0.74908991
192,145,M,0,9,36,100,0.04172199,0.04142432,0.04142432,0.03018078,0.05384205,0.08443645,0.03337288,0.21363201
193,145,R,0,9,36,100,0.0234096,0.02361646,0.02311153,0.01619069,0.03136313,0.06788542,0.03337288,0.1380891
194,145,C,0,9,36,100,0.02192727,0.02213381,0.02166058,0.01584614,0.02833269,0.05238287,0.01707741,0.16067803
195,145,M,1,9,36,100,0.04172199,0.04142432,0.04142432,0.03018078,0.05384205,0.08443645,0.03337288,0.21363201
196,145,R,1,9,36,100,0.0234096,0.02361646,0.02311153,0.01619069,0.03136313,0.06788542,0.03337288,0.1380891
197,145,C,1,9,36,100,0.02192727,0.02213381,0.02166058,0.01584614,0.02833269,0.05238287,0.01707741,0.16067803
198,52,M,0,10,45,100,0.06498728,0.06521765,0.06382326,0.04819801,0.0824958,0.10674668,0.03659665,0.31136329
199,52,R,0,10,45,100,0.05899933,0.05853751,0.05853751,0.0446917,0.07386978,0.11631989,0.05015,0.26979695
200,52,C,0,10,45,100,0.0470185,0.04715986,0.04615155,0.0362567,0.05797892,0.08638382,0.02586049,0.28855464
201,52,M,1,10,45,100,0.06498728,0.06521765,0.06382326,0.04819801,0.0824958,0.10674668,0.03659665,0.31136329
202,52,R,1,10,45,73,0.12709866,0.12744907,0.12472413,0.09486053,0.16146766,0.1679626,0.05015,0.56254107
203,52,C,1,10,45,89,0.05946116,0.05981642,0.05853751,0.04553623,0.07373919,0.09739266,0.02586049,0.36678848
204,7,M,0,11,55,100,0.06869654,0.06809849,0.06809849,0.05315853,0.08444704,0.1093306,0.04325415,0.2763476
205,7,R,0,11,55,100,0.07173632,0.07110659,0.07110659,0.05669543,0.08682484,0.11968506,0.05699405,0.2513335
206,7,C,0,11,55,100,0.05298042,0.05254161,0.05254161,0.04266733,0.06312859,0.09221829,0.03338599,0.25472397
207,7,M,1,11,54,100,0.06755623,0.06809849,0.06664251,0.05208812,0.08333768,0.10867621,0.04273791,0.2763476
208,7,R,1,11,55,82,0.10267809,0.10267741,0.1004821,0.08088678,0.12473181,0.14697406,0.05699405,0.37901104
209,7,C,1,11,54,87,0.06540509,0.06521765,0.06382326,0.05218927,0.07858318,0.10494747,0.03296137,0.33414782
210,74,M,0,11,55,100,0.11003273,0.10955531,0.10955531,0.09022999,0.12929898,0.14523661,0.07019047,0.30052048
211,74,R,0,11,55,100,0.04975001,0.04924304,0.04924304,0.03697464,0.06326882,0.09049252,0.03337288,0.2453758
212,74,C,0,11,55,100,0.06514716,0.06521765,0.06382326,0.05314812,0.07683888,0.09990826,0.03591755,0.27790484
213,74,M,1,11,55,94,0.11984183,0.11944779,0.11944779,0.09801357,0.14111543,0.15142808,0.07019047,0.32668912
214,74,R,1,11,55,100,0.04975001,0.04924304,0.04924304,0.03697464,0.06326882,0.09049252,0.03337288,0.2453758
215,74,C,1,11,55,95,0.07131199,0.07110659,0.06958629,0.05804425,0.08425058,0.10504009,0.03591755,0.30718748
216,133,M,0,11,55,100,0.1238864,0.12472413,0.12205746,0.09730263,0.15113643,0.22092929,0.0627539,0.77779635
217,133,R,0,11,55,100,0.14315701,0.1419932,0.1419932,0.11019686,0.17749014,0.24615805,0.05192585,1.16692907
218,133,C,0,11,55,100,0.10063845,0.1004821,0.09833373,0.08034709,0.1212298,0.23316954,0.04252942,1.27836281
219,133,M,1,11,51,100,0.11494729,0.11439467,0.11194884,0.08891814,0.14189046,0.21487544,0.05936188,0.77779635
220,133,R,1,11,54,100,0.13880796,0.1389573,0.13598631,0.10632041,0.17264053,0.24231915,0.05031889,1.16692907
221,133,C,1,11,54,100,0.09865891,0.09833373,0.0962313,0.07854466,0.11906659,0.23048892,0.04155717,1.27836281
222,67,M,0,13,78,100,0.08721002,0.08637448,0.08637448,0.06863141,0.10599885,0.1127317,0.04306281,0.29511391
223,67,R,0,13,78,100,0.12575178,0.12472413,0.12472413,0.10280955,0.14811142,0.16060948,0.06783484,0.3802678
224,67,C,0,13,78,100,0.07972029,0.07922108,0.07922108,0.06511569,0.09397348,0.10754171,0.035099,0.32950286
225,67,M,1,13,78,100,0.08721002,0.08637448,0.08637448,0.06863141,0.10599885,0.1127317,0.04306281,0.29511391
226,67,R,1,13,78,80,0.20373189,0.20503716,0.20065335,0.16399231,0.24328935,0.20031865,0.06783484,0.59154795
227,67,C,1,13,78,94,0.09219606,0.09216033,0.09018988,0.07492419,0.10911505,0.11489989,0.035099,0.37613568
228,83,M,0,13,78,100,0.13074789,0.13023354,0.12744907,0.09739785,0.16761756,0.16130432,0.03337288,0.77964766
229,83,R,0,13,78,100,0.15201638,0.1515047,0.14826543,0.11075176,0.19892685,0.18891175,0.03337288,1.0693609
230,83,C,0,13,78,100,0.09667624,0.0962313,0.09417382,0.06727433,0.13196927,0.1366492,0.01707741,1.09343271
231,83,M,1,13,78,100,0.13074789,0.13023354,0.12744907,0.09739785,0.16761756,0.16130432,0.03337288,0.77964766
232,83,R,1,13,78,100,0.15201638,0.1515047,0.14826543,0.11075176,0.19892685,0.18891175,0.03337288,1.0693609
233,83,C,1,13,78,100,0.09667624,0.0962313,0.09417382,0.06727433,0.13196927,0.1366492,0.01707741,1.09343271
234,90,M,0,13,78,100,0.08167232,0.08095188,0.08095188,0.06416355,0.09943801,0.10898308,0.03687351,0.32210962
235,90,R,0,13,78,100,0.09148501,0.09216033,0.09018988,0.07369198,0.10916684,0.13285558,0.05184743,0.34043352
236,90,C,0,13,78,100,0.06157316,0.06112328,0.06112328,0.04980685,0.07321984,0.09614735,0.02675259,0.34554832
237,90,M,1,13,78,100,0.08167232,0.08095188,0.08095188,0.06416355,0.09943801,0.10898308,0.03687351,0.32210962
238,90,R,1,13,78,76,0.16948635,0.16879399,0.16518507,0.13326444,0.20723809,0.18495975,0.05184743,0.65982263
239,90,C,1,13,78,89,0.07744318,0.07752729,0.07586971,0.06196551,0.09304721,0.10961467,0.02675259,0.44912947
240,13,M,0,14,91,100,0.16469115,0.16165332,0.16165332,0.12028341,0.2163386,0.16768499,0.03337288,0.8425482
241,13,R,0,14,91,100,0.18081594,0.17625009,0.17625009,0.12885124,0.24358934,0.19450479,0.03337288,1.13361864
242,13,C,0,14,91,100,0.12162624,0.11689393,0.11689393,0.07930232,0.17953682,0.13918273,0.01707741,1.13435389
243,13,M,1,14,91,100,0.16469115,0.16165332,0.16165332,0.12028341,0.2163386,0.16768499,0.03337288,0.8425482
244,13,R,1,14,91,100,0.18081594,0.17625009,0.17625009,0.12885124,0.24358934,0.19450479,0.03337288,1.13361864
245,13,C,1,14,91,100,0.12162624,0.11689393,0.11689393,0.07930232,0.17953682,0.13918273,0.01707741,1.13435389
246,17,M,0,14,91,100,0.19180868,0.19216489,0.18805629,0.14653424,0.24166971,0.18150188,0.04041368,0.81514319
247,17,R,0,14,91,100,0.16199056,0.16165332,0.15819707,0.11864142,0.21224985,0.18288568,0.03337288,1.00222623
248,17,C,0,14,91,100,0.13449563,0.13307885,0.13023354,0.0963575,0.18024225,0.14706411,0.0206803,1.04581902
249,17,M,1,14,91,100,0.19180868,0.19216489,0.18805629,0.14653424,0.24166971,0.18150188,0.04041368,0.81514319
250,17,R,1,14,91,100,0.16199056,0.16165332,0.15819707,0.11864142,0.21224985,0.18288568,0.03337288,1.00222623
251,17,C,1,14,91,100,0.13449563,0.13307885,0.13023354,0.0963575,0.18024225,0.14706411,0.0206803,1.04581902
252,29,M,0,14,91,100,0.23771005,0.23342623,0.23342623,0.17348404,0.31396404,0.21078198,0.04041368,1.09935665
253,29,R,0,14,91,100,0.26375285,0.25450385,0.25450385,0.16427775,0.40348152,0.23231898,0.03337288,1.61724473
254,29,C,0,14,91,100,0.24874836,0.22355135,0.22843544,0.12852889,0.44291574,0.18657288,0.0206803,1.68321725
255,29,M,1,14,91,100,0.23771005,0.23342623,0.23342623,0.17348404,0.31396404,0.21078198,0.04041368,1.09935665
256,29,R,1,14,91,100,0.26375285,0.25450385,0.25450385,0.16427775,0.40348152,0.23231898,0.03337288,1.61724473
257,29,C,1,14,91,100,0.24874836,0.22355135,0.22843544,0.12852889,0.44291574,0.18657288,0.0206803,1.68321725
258,35,M,0,14,91,100,0.22554125,0.22355135,0.21877169,0.16673185,0.29391471,0.20432306,0.04041368,1.03301449
259,35,R,0,14,91,100,0.23990782,0.23342623,0.23342623,0.1565401,0.35093053,0.2239624,0.03337288,1.50299176
260,35,C,0,14,91,100,0.20826629,0.19636326,0.19636326,0.12170809,0.33671336,0.18138424,0.0206803,1.59089768
261,35,M,1,14,91,100,0.22554125,0.22355135,0.21877169,0.16673185,0.29391471,0.20432306,0.04041368,1.03301449
262,35,R,1,14,91,100,0.23990782,0.23342623,0.23342623,0.1565401,0.35093053,0.2239624,0.03337288,1.50299176
263,35,C,1,14,91,100,0.20826629,0.19636326,0.19636326,0.12170809,0.33671336,0.18138424,0.0206803,1.59089768
264,41,M,0,14,91,100,0.15388511,0.1515047,0.1515047,0.11797933,0.19276951,0.15132004,0.0378765,0.60453725
265,41,R,0,14,91,100,0.17392867,0.17248175,0.16879399,0.12703213,0.22735518,0.16873928,0.03337288,0.85317622
266,41,C,0,14,91,100,0.12828483,0.12472413,0.12472413,0.08820451,0.17742244,0.12419576,0.01938199,0.79582073
267,41,M,1,14,91,100,0.15388511,0.1515047,0.1515047,0.11797933,0.19276951,0.15132004,0.0378765,0.60453725
268,41,R,1,14,91,100,0.17392867,0.17248175,0.16879399,0.12703213,0.22735518,0.16873928,0.03337288,0.85317622
269,41,C,1,14,91,100,0.12828483,0.12472413,0.12472413,0.08820451,0.17742244,0.12419576,0.01938199,0.79582073
270,81,M,0,14,91,100,0.09337047,0.09417382,0.09216033,0.07348332,0.1137546,0.11281106,0.03337288,0.38133771
271,81,R,0,14,91,100,0.11891657,0.11944779,0.11689393,0.09286783,0.14576409,0.14116703,0.03337288,0.59713557
272,81,C,0,14,91,100,0.07452753,0.07424757,0.07266011,0.05717598,0.09272608,0.09257956,0.01707741,0.50188946
273,81,M,1,14,91,100,0.09337047,0.09417382,0.09216033,0.07348332,0.1137546,0.11281106,0.03337288,0.38133771
274,81,R,1,14,91,100,0.11891657,0.11944779,0.11689393,0.09286783,0.14576409,0.14116703,0.03337288,0.59713557
275,81,C,1,14,91,100,0.07452753,0.07424757,0.07266011,0.05717598,0.09272608,0.09257956,0.01707741,0.50188946
276,124,M,0,14,91,100,0.14413598,0.1419932,0.1419932,0.11167108,0.17881066,0.13634998,0.0378765,0.49084041
277,124,R,0,14,91,100,0.13812158,0.13598631,0.13598631,0.10452281,0.17489088,0.13733016,0.03337288,0.56511676
278,124,C,0,14,91,100,0.1046879,0.10267741,0.10267741,0.07665886,0.136764,0.1005659,0.01938199,0.52179894
279,124,M,1,14,91,100,0.14413598,0.1419932,0.1419932,0.11167108,0.17881066,0.13634998,0.0378765,0.49084041
280,124,R,1,14,91,100,0.13812158,0.13598631,0.13598631,0.10452281,0.17489088,0.13733016,0.03337288,0.56511676
281,124,C,1,14,91,100,0.1046879,0.10267741,0.10267741,0.07665886,0.136764,0.1005659,0.01938199,0.52179894
282,9,M,0,17,100,100,0.26894222,0.26574599,0.26574599,0.20537834,0.34306977,0.26417123,0.05937849,1.17528149
283,9,R,0,17,100,100,0.23979304,0.22843544,0.22843544,0.15756536,0.35311471,0.23395655,0.03337288,1.64012429
284,9,C,0,17,100,100,0.21782774,0.20065335,0.20503716,0.13654838,0.34562889,0.23464015,0.03038489,1.81195346
285,9,M,1,17,100,100,0.26894222,0.26574599,0.26574599,0.20537834,0.34306977,0.26417123,0.05937849,1.17528149
286,9,R,1,17,100,100,0.23979304,0.22843544,0.22843544,0.15756536,0.35311471,0.23395655,0.03337288,1.64012429
287,9,C,1,17,100,100,0.21782774,0.20065335,0.20503716,0.13654838,0.34562889,0.23464015,0.03038489,1.81195346
288,42,M,0,17,99,100,0.17942224,0.18010075,0.17625009,0.14571475,0.21378684,0.18485474,0.05741114,0.59520287
289,42,R,0,17,99,100,0.16396439,0.16165332,0.16165332,0.12287147,0.20938532,0.16688959,0.03337288,0.83457398
290,42,C,0,17,99,100,0.13288446,0.13307885,0.13023354,0.1027302,0.16617103,0.14987795,0.02937817,0.76462909
291,42,M,1,17,99,100,0.17942224,0.18010075,0.17625009,0.14571475,0.21378684,0.18485474,0.05741114,0.59520287
292,42,R,1,17,99,100,0.16396439,0.16165332,0.16165332,0.12287147,0.20938532,0.16688959,0.03337288,0.83457398
293,42,C,1,17,99,100,0.13288446,0.13307885,0.13023354,0.1027302,0.16617103,0.14987795,0.02937817,0.76462909
294,129,M,0,17,99,100,0.26469371,0.26006418,0.26006418,0.2003092,0.33547474,0.22811351,0.05248429,0.99145424
295,129,R,0,17,99,100,0.32608378,0.32280654,0.32280654,0.24965415,0.4066122,0.25967302,0.05862704,1.15015327
296,129,C,0,17,99,100,0.26821327,0.26574599,0.26574599,0.19944559,0.34242122,0.21256226,0.03526028,1.28140557
297,129,M,1,17,99,100,0.26469371,0.26006418,0.26006418,0.2003092,0.33547474,0.22811351,0.05248429,0.99145424
298,129,R,1,17,99,100,0.32608378,0.32280654,0.32280654,0.24965415,0.4066122,0.25967302,0.05862704,1.15015327
299,129,C,1,17,99,100,0.26821327,0.26574599,0.26574599,0.19944559,0.34242122,0.21256226,0.03526028,1.28140557
300,61,M,0,19,100,100,0.08545884,0.08452775,0.08452775,0.06833108,0.10263928,0.10148605,0.03337288,0.30861645
301,61,R,0,19,100,100,0.0843796,0.08452775,0.08272049,0.06694896,0.10211564,0.11035139,0.03337288,0.36488999
302,61,C,0,19,100,100,0.05317526,0.05254161,0.05254161,0.04208321,0.06453223,0.07493269,0.01707741,0.32879149
303,61,M,1,19,100,100,0.08545884,0.08452775,0.08452775,0.06833108,0.10263928,0.10148605,0.03337288,0.30861645
304,61,R,1,19,100,100,0.0843796,0.08452775,0.08272049,0.06694896,0.10211564,0.11035139,0.03337288,0.36488999
305,61,C,1,19,100,100,0.05317526,0.05254161,0.05254161,0.04208321,0.06453223,0.07493269,0.01707741,0.32879149
306,72,M,0,19,100,100,0.07098908,0.07110659,0.06958629,0.05744626,0.08433145,0.0888645,0.03539354,0.22311694
307,72,R,0,19,100,100,0.080036,0.07922108,0.07922108,0.06560218,0.0940382,0.10198076,0.04078471,0.25499938
308,72,C,0,19,100,100,0.05203167,0.05254161,0.05141824,0.04277557,0.06095152,0.06866749,0.02087016,0.22593136
309,72,M,1,19,100,100,0.07098908,0.07110659,0.06958629,0.05744626,0.08433145,0.0888645,0.03539354,0.22311694
310,72,R,1,19,84,100,0.06486279,0.06521765,0.06382326,0.05161124,0.07814104,0.09225,0.03337288,0.25499938
311,72,C,1,19,100,100,0.05203167,0.05254161,0.05141824,0.04277557,0.06095152,0.06866749,0.02087016,0.22593136
312,144,M,0,19,100,100,0.10658654,0.10721295,0.10492067,0.08444167,0.12932688,0.11775606,0.03578582,0.38748556
313,144,R,0,19,100,100,0.13360368,0.13307885,0.13023354,0.10732813,0.16026646,0.14553512,0.04234765,0.50015692
314,144,C,0,19,100,100,0.08621462,0.08637448,0.08452775,0.06845341,0.1043397,0.09818508,0.02166994,0.44487008
315,144,M,1,19,100,100,0.10658654,0.10721295,0.10492067,0.08444167,0.12932688,0.11775606,0.03578582,0.38748556
316,144,R,1,19,100,100,0.13360368,0.13307885,0.13023354,0.10732813,0.16026646,0.14553512,0.04234765,0.50015692
317,144,C,1,19,100,100,0.08621462,0.08637448,0.08452775,0.06845341,0.1043397,0.09818508,0.02166994,0.44487008
318,110,M,0,20,100,100,0.0872905,0.08637448,0.08637448,0.07099916,0.10341738,0.1228116,0.03711707,0.40635454
319,110,R,0,20,100,100,0.05826437,0.05853751,0.05728595,0.04632144,0.07037525,0.10366968,0.03337288,0.32204002
320,110,C,0,20,100,100,0.04531275,0.0451648,0.04419915,0.03678566,0.05368417,0.08736012,0.01899337,0.40181329
321,110,M,1,20,100,100,0.0872905,0.08637448,0.08637448,0.07099916,0.10341738,0.1228116,0.03711707,0.40635454
322,110,R,1,20,100,100,0.05826437,0.05853751,0.05728595,0.04632144,0.07037525,0.10366968,0.03337288,0.32204002
323,110,C,1,20,100,100,0.04531275,0.0451648,0.04419915,0.03678566,0.05368417,0.08736012,0.01899337,0.40181329
324,121,M,0,20,100,100,0.13837359,0.1389573,0.13598631,0.11375555,0.16280277,0.14671943,0.05337714,0.40329232
325,121,R,0,20,100,100,0.10941973,0.10955531,0.10721295,0.08600784,0.13369627,0.12533212,0.03337288,0.47068583
326,121,C,0,20,100,100,0.08960918,0.09018988,0.08826157,0.07274448,0.10672757,0.10874147,0.0273139,0.43291897
327,121,M,1,20,100,100,0.13837359,0.1389573,0.13598631,0.11375555,0.16280277,0.14671943,0.05337714,0.40329232
328,121,R,1,20,100,100,0.10941973,0.10955531,0.10721295,0.08600784,0.13369627,0.12533212,0.03337288,0.47068583
329,121,C,1,20,100,100,0.08960918,0.09018988,0.08826157,0.07274448,0.10672757,0.10874147,0.0273139,0.43291897
330,40,M,0,21,100,100,0.1251976,0.12472413,0.12205746,0.09778819,0.15409454,0.14316416,0.03488473,0.58753441
331,40,R,0,21,100,100,0.13404318,0.13307885,0.13307885,0.10310396,0.1673327,0.16238867,0.03337288,0.79016504
332,40,C,0,21,100,100,0.08658816,0.08637448,0.08452775,0.06541143,0.10993663,0.11721015,0.01785105,0.76960286
333,40,M,1,21,100,100,0.1251976,0.12472413,0.12205746,0.09778819,0.15409454,0.14316416,0.03488473,0.58753441
334,40,R,1,21,100,100,0.13404318,0.13307885,0.13307885,0.10310396,0.1673327,0.16238867,0.03337288,0.79016504
335,40,C,1,21,100,100,0.08658816,0.08637448,0.08452775,0.06541143,0.10993663,0.11721015,0.01785105,0.76960286
336,66,M,0,21,100,100,0.0729664,0.07266011,0.07266011,0.05889628,0.08689208,0.0830519,0.03337288,0.20668334
337,66,R,0,21,100,100,0.06756001,0.06809849,0.06664251,0.05431662,0.08069593,0.08237261,0.03337288,0.2033162
338,66,C,0,21,100,100,0.04576661,0.04615155,0.0451648,0.03684961,0.0545887,0.05665799,0.01707741,0.18797502
339,66,M,1,21,100,100,0.0729664,0.07266011,0.07266011,0.05889628,0.08689208,0.0830519,0.03337288,0.20668334
340,66,R,1,21,100,100,0.06756001,0.06809849,0.06664251,0.05431662,0.08069593,0.08237261,0.03337288,0.2033162
341,66,C,1,21,100,100,0.04576661,0.04615155,0.0451648,0.03684961,0.0545887,0.05665799,0.01707741,0.18797502
342,79,M,0,21,100,100,0.13954143,0.1389573,0.13598631,0.10855147,0.17237959,0.13879223,0.03614337,0.53296863
343,79,R,0,21,100,100,0.16638281,0.16518507,0.16165332,0.12473487,0.21257612,0.15957062,0.03337288,0.76297832
344,79,C,0,21,100,100,0.11381362,0.11194884,0.11194884,0.08166534,0.1511706,0.11200934,0.01849512,0.67834619
345,79,M,1,21,100,100,0.13954143,0.1389573,0.13598631,0.10855147,0.17237959,0.13879223,0.03614337,0.53296863
346,79,R,1,21,100,100,0.16638281,0.16518507,0.16165332,0.12473487,0.21257612,0.15957062,0.03337288,0.76297832
347,79,C,1,21,100,100,0.11381362,0.11194884,0.11194884,0.08166534,0.1511706,0.11200934,0.01849512,0.67834619
348,109,M,0,21,100,100,0.19223774,0.18805629,0.18805629,0.14076492,0.25314972,0.19255985,0.03614337,1.02589482
349,109,R,0,21,100,100,0.2335293,0.22843544,0.22355135,0.15658877,0.33433283,0.22372052,0.03337288,1.49974693
350,109,C,0,21,100,100,0.16611011,0.15481473,0.15819707,0.09866933,0.26753822,0.17059104,0.01849512,1.57345852
351,109,M,1,21,100,100,0.19223774,0.18805629,0.18805629,0.14076492,0.25314972,0.19255985,0.03614337,1.02589482
352,109,R,1,21,100,100,0.2335293,0.22843544,0.22355135,0.15658877,0.33433283,0.22372052,0.03337288,1.49974693
353,109,C,1,21,100,100,0.16611011,0.15481473,0.15819707,0.09866933,0.26753822,0.17059104,0.01849512,1.57345852
354,125,M,0,21,100,100,0.18783674,0.18403554,0.18403554,0.13945367,0.24335995,0.17630723,0.03646506,0.85243896
355,125,R,0,21,100,100,0.18699373,0.18403554,0.18403554,0.13416031,0.2507984,0.19038731,0.03337288,1.08613134
356,125,C,0,21,100,100,0.14495229,0.1389573,0.1389573,0.09362938,0.21503772,0.14279334,0.01865973,1.09272399
357,125,M,1,21,100,100,0.18783674,0.18403554,0.18403554,0.13945367,0.24335995,0.17630723,0.03646506,0.85243896
358,125,R,1,21,100,100,0.18699373,0.18403554,0.18403554,0.13416031,0.2507984,0.19038731,0.03337288,1.08613134
359,125,C,1,21,100,100,0.14495229,0.1389573,0.1389573,0.09362938,0.21503772,0.14279334,0.01865973,1.09272399
360,37,M,0,22,100,100,0.17742542,0.17625009,0.17248175,0.12948258,0.23396702,0.1904902,0.03396959,1.06820594
361,37,R,0,22,100,100,0.25131653,0.24906241,0.24373731,0.18639912,0.32826433,0.27388007,0.04841987,1.54916348
362,37,C,0,22,100,100,0.16003397,0.15481473,0.15481473,0.10989009,0.22735457,0.20976595,0.02499772,1.76023058
363,37,M,1,22,100,100,0.17742542,0.17625009,0.17248175,0.12948258,0.23396702,0.1904902,0.03396959,1.06820594
364,37,R,1,22,100,100,0.25131653,0.24906241,0.24373731,0.18639912,0.32826433,0.27388007,0.04841987,1.54916348
365,37,C,1,22,100,100,0.16003397,0.15481473,0.15481473,0.10989009,0.22735457,0.20976595,0.02499772,1.76023058
366,53,M,0,30,100,100,0.2055924,0.20065335,0.20065335,0.14764035,0.27593393,0.19629961,0.03611994,1.06682165
367,53,R,0,30,100,100,0.27006582,0.26574599,0.26006418,0.17914674,0.38551616,0.22558982,0.03542415,1.436612
368,53,C,0,30,100,100,0.22111773,0.20951676,0.20951676,0.11833473,0.37031488,0.1716265,0.01915,1.53815397
369,53,M,1,30,100,100,0.2055924,0.20065335,0.20065335,0.14764035,0.27593393,0.19629961,0.03611994,1.06682165
370,53,R,1,30,100,100,0.27006582,0.26574599,0.26006418,0.17914674,0.38551616,0.22558982,0.03542415,1.436612
371,53,C,1,30,100,100,0.22111773,0.20951676,0.20951676,0.11833473,0.37031488,0.1716265,0.01915,1.53815397
372,56,M,0,30,100,100,0.13702624,0.13598631,0.13598631,0.10688631,0.16878071,0.14180919,0.03691706,0.54473049
373,56,R,0,30,100,100,0.17061133,0.16879399,0.16879399,0.13037457,0.21393889,0.16886697,0.0364966,0.78133449
374,56,C,0,30,100,100,0.11441329,0.11439467,0.11194884,0.0849132,0.14712493,0.11780697,0.01984094,0.69948719
375,56,M,1,30,100,100,0.13702624,0.13598631,0.13598631,0.10688631,0.16878071,0.14180919,0.03691706,0.54473049
376,56,R,1,30,100,100,0.17061133,0.16879399,0.16879399,0.13037457,0.21393889,0.16886697,0.0364966,0.78133449
377,56,C,1,30,100,100,0.11441329,0.11439467,0.11194884,0.0849132,0.14712493,0.11780697,0.01984094,0.69948719
378,139,M,0,36,100,100,0.13807503,0.1389573,0.13598631,0.10958888,0.16719906,0.16027917,0.05063526,0.5073424
379,139,R,0,36,100,100,0.25577714,0.25450385,0.25450385,0.21720945,0.29203953,0.26317397,0.1122153,0.6172112
380,139,C,0,36,100,100,0.16190026,0.16165332,0.15819707,0.13757212,0.1844845,0.19135673,0.05886738,0.62203213
381,139,M,1,36,100,100,0.13807503,0.1389573,0.13598631,0.10958888,0.16719906,0.16027917,0.05063526,0.5073424
382,139,R,1,36,100,56,0.56420357,0.56621705,0.55411099,0.45252904,0.68228971,0.42042157,0.1122153,1.57513544
383,139,C,1,36,100,65,0.28265793,0.28354713,0.27748472,0.22954846,0.33697021,0.28316555,0.05886738,1.36209115
384,101,M,0,42,100,100,0.07247527,0.07266011,0.07110659,0.05903527,0.08565954,0.09358542,0.03582451,0.24447591
385,101,R,0,42,100,100,0.06077846,0.06112328,0.05981642,0.04885305,0.07258465,0.08953925,0.03337288,0.24023333
386,101,C,0,42,100,100,0.04324711,0.04325415,0.04232935,0.03523835,0.05108001,0.06652019,0.01833196,0.2413783
387,101,M,1,42,100,100,0.07247527,0.07266011,0.07110659,0.05903527,0.08565954,0.09358542,0.03582451,0.24447591
388,101,R,1,42,100,100,0.06077846,0.06112328,0.05981642,0.04885305,0.07258465,0.08953925,0.03337288,0.24023333
389,101,C,1,42,100,100,0.04324711,0.04325415,0.04232935,0.03523835,0.05108001,0.06652019,0.01833196,0.2413783
390,80,M,0,50,100,100,0.13417686,0.13307885,0.13307885,0.10682502,0.16237683,0.13553153,0.03967191,0.46301774
391,80,R,0,50,100,100,0.15320621,0.1515047,0.1515047,0.11689749,0.19222831,0.15258911,0.03337288,0.69767542
392,80,C,0,50,100,100,0.10889509,0.10721295,0.10721295,0.0819336,0.13840123,0.1114419,0.02030073,0.61176618
393,80,M,1,50,100,100,0.13417686,0.13307885,0.13307885,0.10682502,0.16237683,0.13553153,0.03967191,0.46301774
394,80,R,1,50,100,100,0.15320621,0.1515047,0.1515047,0.11689749,0.19222831,0.15258911,0.03337288,0.69767542
395,80,C,1,50,100,100,0.10889509,0.10721295,0.10721295,0.0819336,0.13840123,0.1114419,0.02030073,0.61176618
396,112,M,0,52,100,100,0.36871261,0.36750173,0.35964432,0.28963002,0.44897926,0.33958845,0.13310761,0.86636904
397,112,R,0,52,100,100,0.87456759,0.87238161,0.87238161,0.75512019,0.98282103,0.59888037,0.28514493,1.25780841
398,112,C,0,52,100,100,0.65837565,0.65869777,0.64461441,0.56846306,0.73988002,0.47466994,0.17959544,1.25455052
399,112,M,1,52,100,100,0.36871261,0.36750173,0.35964432,0.28963002,0.44897926,0.33958845,0.13310761,0.86636904
400,112,R,1,52,54,99,0.47876882,0.47631419,0.47631419,0.37249932,0.58456491,0.34072795,0.09149877,1.26882069
401,112,C,1,52,100,99,0.66862151,0.67308881,0.65869777,0.57734149,0.75073283,0.47736193,0.17959544,1.26882069
402,118,M,0,52,100,100,0.63798932,0.63083217,0.63083217,0.49588453,0.78311695,0.50221497,0.16130432,1.56362752
403,118,R,0,52,100,100,1.48529075,1.49747972,1.46546271,1.27123297,1.68440967,0.98515316,0.39424343,2.46174487
404,118,C,0,52,100,100,1.37735338,1.37346071,1.3440953,1.14167734,1.60850144,0.88567998,0.25122488,3.12241769
405,118,M,1,52,100,100,0.63798932,0.63083217,0.63083217,0.49588453,0.78311695,0.50221497,0.16130432,1.56362752
406,118,R,1,52,100,100,1.48529075,1.49747972,1.46546271,1.27123297,1.68440967,0.98515316,0.39424343,2.46174487
407,118,C,1,52,100,100,1.37735338,1.37346071,1.3440953,1.14167734,1.60850144,0.88567998,0.25122488,3.12241769
408,120,M,0,52,99,100,0.58622294,0.59122842,0.5785876,0.45115921,0.72567687,0.46046645,0.14468423,1.46546271
409,120,R,0,52,99,100,1.30598664,1.31535774,1.2872346,1.11571462,1.48256295,0.79812604,0.30760213,2.07087373
410,120,C,0,52,99,100,1.21048952,1.20642179,1.20642179,1.00836423,1.40417893,0.72053163,0.20197178,2.57048692
411,120,M,1,52,99,100,0.58622294,0.59122842,0.5785876,0.45115921,0.72567687,0.46046645,0.14468423,1.46546271
412,120,R,1,52,99,100,1.30598664,1.31535774,1.2872346,1.11571462,1.48256295,0.79812604,0.30760213,2.07087373
413,120,C,1,52,99,100,1.21048952,1.20642179,1.20642179,1.00836423,1.40417893,0.72053163,0.20197178,2.57048692
414,106,M,0,53,100,100,0.09304404,0.09216033,0.09216033,0.07521175,0.1106947,0.11135763,0.04535065,0.27343649
415,106,R,0,53,100,100,0.13213718,0.13307885,0.13023354,0.11104575,0.15207554,0.15819707,0.08096938,0.3090837
416,106,C,0,53,100,100,0.08255581,0.08272049,0.08095188,0.06960913,0.09487627,0.1095198,0.04253109,0.28201922
417,106,M,1,53,99,100,0.09185616,0.09216033,0.09018988,0.07417688,0.10935443,0.11072965,0.0448406,0.27343649
418,106,R,1,53,100,76,0.21865307,0.21877169,0.21409422,0.18065552,0.25605644,0.20947982,0.08096938,0.54195545
419,106,C,1,53,99,80,0.12353887,0.12205746,0.12205746,0.10195764,0.14464125,0.13583222,0.04210815,0.43816674
420,127,M,0,64,100,100,0.30508241,0.30254069,0.29607218,0.22691471,0.39694604,0.27432438,0.05721171,1.31535774
421,127,R,0,64,100,100,0.46113924,0.45616417,0.4464111,0.34170808,0.60349804,0.39745163,0.0849857,1.85875748
422,127,C,0,64,100,100,0.40938274,0.38373529,0.39211903,0.25629429,0.63129308,0.33445343,0.05173034,2.16234992
423,127,M,1,64,100,100,0.30508241,0.30254069,0.29607218,0.22691471,0.39694604,0.27432438,0.05721171,1.31535774
424,127,R,1,64,100,100,0.46113924,0.45616417,0.4464111,0.34170808,0.60349804,0.39745163,0.0849857,1.85875748
425,127,C,1,64,100,100,0.40938274,0.38373529,0.39211903,0.25629429,0.63129308,0.33445343,0.05173034,2.16234992
426,97,M,0,67,100,100,0.21860302,0.21877169,0.21409422,0.16819501,0.27249179,0.19858253,0.05579521,0.70678143
427,97,R,0,67,100,100,0.43768523,0.43686657,0.4275261,0.36130154,0.51102912,0.27506648,0.08107444,0.93323577
428,97,C,0,67,100,100,0.31860188,0.31590474,0.31590474,0.25971676,0.37606811,0.20316246,0.04699706,0.87824608
429,97,M,1,67,99,100,0.21487785,0.21409422,0.20951676,0.16502413,0.26850894,0.1971308,0.05498242,0.70678143
430,97,R,1,67,100,98,0.45336772,0.45616417,0.4464111,0.37372775,0.52975658,0.27812372,0.08107444,0.95409605
431,97,C,1,67,99,100,0.31488733,0.31590474,0.30915051,0.25577497,0.37289508,0.20134863,0.04616163,0.87824608
432,14,M,0,70,100,100,0.11784393,0.11689393,0.11689393,0.09808567,0.136609,0.14982773,0.07098376,0.3162463
433,14,R,0,70,100,100,0.11231021,0.11194884,0.11194884,0.09433851,0.12937331,0.1562433,0.0899174,0.27149325
434,14,C,0,70,100,100,0.09560752,0.0962313,0.09417382,0.08184321,0.1081391,0.12695422,0.05246218,0.30721893
435,14,M,1,70,82,100,0.0951182,0.0962313,0.09417382,0.0768208,0.11296186,0.13038981,0.05376032,0.3162463
436,14,R,1,70,55,100,0.05399908,0.05368952,0.05368952,0.04118671,0.06714686,0.09518671,0.03337288,0.27149325
437,14,C,1,70,55,100,0.04964599,0.05031889,0.04924304,0.03823637,0.06099827,0.07420454,0.0179231,0.30721893
438,151,M,0,75,99,100,0.51460829,0.51932381,0.50822036,0.40023068,0.63145911,0.40930953,0.13613483,1.23064971
439,151,R,0,75,99,100,0.8883176,0.89144116,0.87238161,0.73989421,1.03027386,0.66629645,0.27238315,1.62987676
440,151,C,0,75,99,100,0.77076547,0.76628343,0.76628343,0.62638002,0.91374994,0.54195134,0.15706149,1.87003984
441,151,M,1,75,99,100,0.51460829,0.51932381,0.50822036,0.40023068,0.63145911,0.40930953,0.13613483,1.23064971
442,151,R,1,75,99,100,0.8883176,0.89144116,0.87238161,0.73989421,1.03027386,0.66629645,0.27238315,1.62987676
443,151,C,1,75,99,100,0.77076547,0.76628343,0.76628343,0.62638002,0.91374994,0.54195134,0.15706149,1.87003984
444,108,M,0,90,100,100,0.14862666,0.14826543,0.14509543,0.11732911,0.18103854,0.16511369,0.04509653,0.60453725
445,108,R,0,90,100,100,0.26583604,0.26574599,0.26006418,0.22364961,0.30694431,0.29191046,0.102744,0.82935954
446,108,C,0,90,100,100,0.16859016,0.16879399,0.16518507,0.14080093,0.19565751,0.21303262,0.05508827,0.82382152
447,108,M,1,90,100,100,0.14862666,0.14826543,0.14509543,0.11732911,0.18103854,0.16511369,0.04509653,0.60453725
448,108,R,1,90,100,100,0.26583604,0.26574599,0.26006418,0.22364961,0.30694431,0.29191046,0.102744,0.82935954
449,108,C,1,90,100,100,0.16859016,0.16879399,0.16518507,0.14080093,0.19565751,0.21303262,0.05508827,0.82382152
450,58,M,0,103,100,100,0.19280477,0.19216489,0.18805629,0.1558291,0.22962091,0.19659681,0.08282783,0.46663429
451,58,R,0,103,100,100,0.41619998,0.41838534,0.40944001,0.35982173,0.46766304,0.38506454,0.20605891,0.71957432
452,58,C,0,103,100,100,0.27423739,0.27155193,0.27155193,0.23713027,0.30789138,0.27172806,0.11841962,0.62351269
453,58,M,1,103,100,100,0.19280477,0.19216489,0.18805629,0.1558291,0.22962091,0.19659681,0.08282783,0.46663429
454,58,R,1,103,97,100,0.40650826,0.40944001,0.40068594,0.3502963,0.45777711,0.37896566,0.19958323,0.71957432
455,58,C,1,103,100,100,0.27423739,0.27155193,0.27155193,0.23713027,0.30789138,0.27172806,0.11841962,0.62351269
456,8,M,0,116,100,100,0.24878813,0.24373731,0.24373731,0.18378405,0.32498459,0.25425645,0.0485771,1.33079886
457,8,R,0,116,100,100,0.30421987,0.30254069,0.29607218,0.21784936,0.4058702,0.2946041,0.04853512,1.78822215
458,8,C,0,116,100,100,0.21885457,0.21409422,0.21409422,0.15105428,0.30107292,0.26240723,0.03151521,2.18489887
459,8,M,1,116,99,100,0.2427993,0.23852606,0.23852606,0.17916503,0.3175345,0.25200103,0.0477191,1.33079886
460,8,R,1,116,100,98,0.35831478,0.35195491,0.35195491,0.24801729,0.48911875,0.30218527,0.04853512,1.88144047
461,8,C,1,116,99,99,0.23359229,0.22843544,0.22843544,0.15543671,0.33127234,0.26352179,0.03088418,2.24852097
462,68,M,0,137,100,100,0.12008127,0.11944779,0.11944779,0.09724806,0.1427892,0.13096741,0.04329156,0.39620804
463,68,R,0,137,100,100,0.14496082,0.14509543,0.1419932,0.12057152,0.16847298,0.17266824,0.06375433,0.4676439
464,68,C,0,137,100,100,0.09999416,0.1004821,0.09833373,0.08357898,0.11583662,0.12720141,0.03616681,0.44737695
465,68,M,1,137,91,100,0.10633646,0.10721295,0.10492067,0.08454301,0.12849215,0.12451222,0.03912917,0.39620804
466,68,R,1,137,93,84,0.17864461,0.17625009,0.17625009,0.14426392,0.21354145,0.1960148,0.05893335,0.65195344
467,68,C,1,137,98,92,0.1120194,0.11194884,0.10955531,0.09230764,0.13160403,0.13652131,0.03517132,0.52992239
468,103,M,0,138,100,100,0.34351929,0.34442991,0.33706579,0.26049453,0.43518056,0.30851642,0.07757757,1.22693171
469,103,R,0,138,100,100,0.70927994,0.70282099,0.70282099,0.57238734,0.84971424,0.50373685,0.13136429,1.93165751
470,103,C,0,138,100,100,0.54484053,0.54226377,0.53066985,0.41074418,0.69487885,0.43366813,0.08561249,2.19673609
471,103,M,1,138,100,100,0.34351929,0.34442991,0.33706579,0.26049453,0.43518056,0.30851642,0.07757757,1.22693171
472,103,R,1,138,100,100,0.70927994,0.70282099,0.70282099,0.57238734,0.84971424,0.50373685,0.13136429,1.93165751
473,103,C,1,138,100,100,0.54484053,0.54226377,0.53066985,0.41074418,0.69487885,0.43366813,0.08561249,2.19673609
474,111,M,0,138,100,100,0.40734941,0.40068594,0.40068594,0.30533961,0.5212428,0.35047474,0.08381827,1.46546271
475,111,R,0,138,100,100,0.75767224,0.74989983,0.74989983,0.60398427,0.9186923,0.52542021,0.13330914,2.07087373
476,111,C,0,138,100,100,0.66988489,0.65869777,0.65869777,0.47582834,0.89972398,0.48112519,0.09005354,2.57048692
477,111,M,1,138,100,100,0.40734941,0.40068594,0.40068594,0.30533961,0.5212428,0.35047474,0.08381827,1.46546271
478,111,R,1,138,100,100,0.75767224,0.74989983,0.74989983,0.60398427,0.9186923,0.52542021,0.13330914,2.07087373
479,111,C,1,138,100,100,0.66988489,0.65869777,0.65869777,0.47582834,0.89972398,0.48112519,0.09005354,2.57048692
480,114,M,0,138,100,100,0.26890803,0.26574599,0.26574599,0.21391306,0.32601656,0.27601931,0.08220365,0.92680379
481,114,R,0,138,100,100,0.43502519,0.43686657,0.4275261,0.36256038,0.50531647,0.38765309,0.12883378,1.16642477
482,114,C,0,138,100,100,0.29172044,0.28974198,0.28974198,0.24356663,0.33914797,0.32847188,0.08507758,1.268181
483,114,M,1,138,100,100,0.26890803,0.26574599,0.26574599,0.21391306,0.32601656,0.27601931,0.08220365,0.92680379
484,114,R,1,138,79,100,0.33417249,0.33706579,0.32985912,0.26870105,0.39998427,0.32899214,0.09279281,1.16642477
485,114,C,1,138,88,100,0.25661429,0.25450385,0.25450385,0.21099834,0.30194774,0.30210558,0.07196747,1.268181
486,132,M,0,139,100,100,0.68557162,0.68779426,0.67308881,0.54495605,0.82654722,0.53135844,0.20117442,1.40346768
487,132,R,0,139,100,100,1.41915284,1.43413024,1.40346768,1.21849244,1.60155722,1.01596573,0.48777363,2.11611759
488,132,C,0,139,100,100,1.35119248,1.3440953,1.3440953,1.14849453,1.54074123,0.89627075,0.31933699,2.51552837
489,132,M,1,139,100,100,0.68557162,0.68779426,0.67308881,0.54495605,0.82654722,0.53135844,0.20117442,1.40346768
490,132,R,1,139,100,100,1.41915284,1.43413024,1.40346768,1.21849244,1.60155722,1.01596573,0.48777363,2.11611759
491,132,C,1,139,100,100,1.35119248,1.3440953,1.3440953,1.14849453,1.54074123,0.89627075,0.31933699,2.51552837
492,102,M,0,154,100,100,0.20913816,0.20951676,0.20503716,0.16532132,0.25396043,0.20501501,0.06939105,0.60571429
493,102,R,0,154,100,100,0.47267806,0.47631419,0.46613031,0.4051814,0.53538246,0.44549548,0.20960734,0.94684768
494,102,C,0,154,100,100,0.30736929,0.30915051,0.30254069,0.26173604,0.35012609,0.31376139,0.11355715,0.86693096
495,102,M,1,154,100,100,0.20913816,0.20951676,0.20503716,0.16532132,0.25396043,0.20501501,0.06939105,0.60571429
496,102,R,1,154,100,100,0.47267806,0.47631419,0.46613031,0.4051814,0.53538246,0.44549548,0.20960734,0.94684768
497,102,C,1,154,100,100,0.30736929,0.30915051,0.30254069,0.26173604,0.35012609,0.31376139,0.11355715,0.86693096
498,25,M,0,159,100,100,0.15529791,0.15481473,0.15481473,0.12721592,0.18265504,0.24868589,0.09641866,0.64141807
499,25,R,0,159,100,100,0.26109517,0.26006418,0.26006418,0.22598606,0.29295304,0.41631076,0.22432573,0.77260263
500,25,C,0,159,100,100,0.17503895,0.17625009,0.17248175,0.1526303,0.19501589,0.34487683,0.13267679,0.89646448
501,25,M,1,159,97,72,0.29046269,0.28974198,0.28354713,0.22742696,0.35555557,0.32777874,0.09257193,1.16059921
502,25,R,1,159,97,63,0.9300788,0.93081857,0.91091711,0.75520071,1.10638368,0.66292667,0.2132373,2.06095164
503,25,C,1,159,97,65,0.64260444,0.64461441,0.63083217,0.5091654,0.78422177,0.56534723,0.12542081,2.54836086
504,16,M,0,163,100,100,0.51903739,0.51932381,0.50822036,0.39835619,0.64528442,0.4274799,0.12720141,1.436612
505,16,R,0,163,100,100,1.10266188,1.10650775,1.08284995,0.92268249,1.27622559,0.84711291,0.34502594,2.07984445
506,16,C,0,163,100,100,1.03560237,1.037041,1.01486844,0.83131286,1.23850833,0.72872987,0.20552519,2.58385466
507,16,M,1,163,100,100,0.51903739,0.51932381,0.50822036,0.39835619,0.64528442,0.4274799,0.12720141,1.436612
508,16,R,1,163,100,94,1.16481092,1.15538524,1.15538524,0.97086896,1.3539995,0.86375159,0.34502594,2.16234992
509,16,C,1,163,95,100,0.94811712,0.95115482,0.93081857,0.75072664,1.14957295,0.69517213,0.18703231,2.58385466
510,23,M,0,169,100,100,0.18465462,0.18403554,0.18010075,0.14883105,0.22097701,0.21211378,0.06625476,0.67907963
511,23,R,0,169,100,100,0.25096846,0.24906241,0.24906241,0.20571124,0.2955305,0.2906514,0.09017039,0.93687336
512,23,C,0,169,100,100,0.1645836,0.16518507,0.16165332,0.13548317,0.19346184,0.2349954,0.05790835,0.95362484
513,23,M,1,169,100,90,0.25791725,0.25450385,0.25450385,0.20109153,0.31864623,0.23462607,0.06625476,0.83087455
514,23,R,1,169,100,90,0.40051767,0.40068594,0.39211903,0.31986526,0.48246695,0.33061646,0.09017039,1.21222989
515,23,C,1,169,100,90,0.29052309,0.28974198,0.28354713,0.22689886,0.35676208,0.26885915,0.05790835,1.24826983
516,150,M,0,170,100,100,0.51701232,0.51932381,0.50822036,0.39689426,0.64305752,0.44410157,0.12953177,1.5226087
517,150,R,0,170,100,100,0.89176567,0.89144116,0.87238161,0.72867694,1.05264424,0.64141807,0.19815381,2.07625151
518,150,C,0,170,100,100,0.75615692,0.74989983,0.74989983,0.58851906,0.93415806,0.59443154,0.13082596,2.70090772
519,150,M,1,170,100,100,0.51701232,0.51932381,0.50822036,0.39689426,0.64305752,0.44410157,0.12953177,1.5226087
520,150,R,1,170,100,99,0.91492761,0.91091711,0.91091711,0.74694631,1.08048252,0.64669909,0.19815381,2.11058126
521,150,C,1,170,100,100,0.75615692,0.74989983,0.74989983,0.58851906,0.93415806,0.59443154,0.13082596,2.70090772
522,143,M,0,193,100,100,0.11272562,0.11194884,0.11194884,0.09252198,0.13239677,0.13733016,0.07283305,0.25894248
523,143,R,0,193,100,100,0.14750226,0.14826543,0.14509543,0.12446275,0.16921035,0.17739656,0.11588774,0.27155193
524,143,C,0,193,100,100,0.10084279,0.1004821,0.1004821,0.08593185,0.11459371,0.13115153,0.06871945,0.25030355
525,143,M,1,193,68,100,0.08119116,0.08095188,0.07922108,0.06369275,0.09890216,0.10809228,0.04512176,0.25894248
526,143,R,1,193,75,85,0.13846716,0.1389573,0.13598631,0.11259192,0.1640784,0.15504452,0.0687888,0.3494581
527,143,C,1,193,72,88,0.09086376,0.09018988,0.09018988,0.07440379,0.10693156,0.10983369,0.0390692,0.30877111
528,82,M,0,205,100,100,0.20116109,0.20065335,0.19636326,0.1622797,0.23987835,0.24326367,0.10777051,0.54910396
529,82,R,0,205,100,100,0.45760078,0.45616417,0.45616417,0.39629596,0.51295429,0.43947078,0.23904213,0.80795202
530,82,C,0,205,100,100,0.2977815,0.29607218,0.29607218,0.25899359,0.33270022,0.33743023,0.14670357,0.77611715
531,82,M,1,205,69,98,0.1569154,0.15819707,0.15481473,0.12221946,0.19260766,0.20286842,0.07307093,0.56322807
532,82,R,1,205,54,98,0.24886354,0.24906241,0.24373731,0.19914184,0.2979787,0.26570909,0.08530944,0.82759093
533,82,C,1,205,59,98,0.18602224,0.18805629,0.18403554,0.15210122,0.21854188,0.21801943,0.05944508,0.79960308
534,87,M,0,205,100,100,0.49975432,0.4973543,0.48672057,0.38005572,0.62645948,0.40745381,0.11829172,1.40346768
535,87,R,0,205,100,100,1.11284503,1.10650775,1.10650775,0.9341312,1.28225158,0.66276757,0.22148343,1.98326735
536,87,C,0,205,100,100,1.02247409,1.01486844,1.01486844,0.83406148,1.20696565,0.5965551,0.14772169,2.4091113
537,87,M,1,205,100,100,0.49975432,0.4973543,0.48672057,0.38005572,0.62645948,0.40745381,0.11829172,1.40346768
538,87,R,1,205,100,100,1.11284503,1.10650775,1.10650775,0.9341312,1.28225158,0.66276757,0.22148343,1.98326735
539,87,C,1,205,100,100,1.02247409,1.01486844,1.01486844,0.83406148,1.20696565,0.5965551,0.14772169,2.4091113
540,46,M,0,207,100,100,0.2518528,0.24906241,0.24906241,0.19896165,0.3066907,0.22306872,0.07631373,0.65204067
541,46,R,0,207,100,100,0.48613419,0.48672057,0.47631419,0.40333135,0.56555373,0.3755308,0.14603925,0.96565399
542,46,C,0,207,100,100,0.36346477,0.35964432,0.35964432,0.2978072,0.42680491,0.2769455,0.08849077,0.86674361
543,46,M,1,207,100,99,0.2539991,0.25450385,0.24906241,0.20064979,0.3092634,0.22381333,0.07631373,0.656401
544,46,R,1,207,96,99,0.45686228,0.45616417,0.4464111,0.37643201,0.53566157,0.36017222,0.13349895,0.97172322
545,46,C,1,207,96,100,0.33581915,0.33706579,0.32985912,0.27256699,0.39812757,0.26405231,0.08044319,0.86674361
546,55,M,0,216,100,100,0.17789194,0.17625009,0.17625009,0.14214304,0.21397313,0.18138984,0.06742483,0.48798452
547,55,R,0,216,100,100,0.36949494,0.36750173,0.36750173,0.31676408,0.41783718,0.311027,0.1449074,0.66758354
548,55,C,0,216,100,100,0.24306173,0.24373731,0.23852606,0.20774092,0.27572114,0.22318928,0.08327657,0.59816891
549,55,M,1,216,100,100,0.17789194,0.17625009,0.17625009,0.14214304,0.21397313,0.18138984,0.06742483,0.48798452
550,55,R,1,216,89,84,0.39634486,0.39211903,0.39211903,0.33264112,0.45647185,0.31155005,0.12253262,0.79214361
551,55,C,1,216,89,94,0.23509156,0.23342623,0.23342623,0.19757522,0.27054631,0.21311144,0.07048768,0.64431806
552,130,M,0,228,100,100,0.38176001,0.38373529,0.3755308,0.30362652,0.46021132,0.36889432,0.16001958,0.85041481
553,130,R,0,228,100,100,0.76802345,0.76628343,0.76628343,0.66099154,0.86632025,0.63644689,0.3789551,1.06889877
554,130,C,0,228,100,100,0.57779173,0.5785876,0.56621705,0.49523624,0.65402385,0.51075294,0.23837145,1.09437839
555,130,M,1,228,100,100,0.38176001,0.38373529,0.3755308,0.30362652,0.46021132,0.36889432,0.16001958,0.85041481
556,130,R,1,228,60,100,0.45775399,0.45616417,0.45616417,0.36850988,0.54569646,0.44592896,0.18603505,1.06889877
557,130,C,1,228,66,100,0.36852653,0.36750173,0.35964432,0.29875618,0.43661174,0.3656615,0.12217742,1.09437839
558,65,M,0,241,100,100,0.18277726,0.18403554,0.18010075,0.14575138,0.22059774,0.19362401,0.06404434,0.5853797
559,65,R,0,241,100,100,0.33721516,0.33706579,0.32985912,0.28439334,0.38787673,0.33768557,0.13773143,0.82792682
560,65,C,0,241,100,100,0.22355931,0.22355135,0.21877169,0.18706413,0.25872655,0.24764003,0.07898174,0.7764527
561,65,M,1,241,100,100,0.18277726,0.18403554,0.18010075,0.14575138,0.22059774,0.19362401,0.06404434,0.5853797
562,65,R,1,241,93,100,0.30831461,0.30915051,0.30254069,0.25788999,0.35703768,0.31963175,0.12339793,0.82792682
563,65,C,1,241,95,100,0.20846288,0.20951676,0.20503716,0.17334227,0.24262699,0.23730687,0.07252799,0.7764527
564,24,M,0,243,100,100,0.12855668,0.12744907,0.12744907,0.10686437,0.14928158,0.15020058,0.07311694,0.30854976
565,24,R,0,243,100,100,0.15583361,0.15481473,0.15481473,0.13346324,0.17629756,0.2018931,0.13216165,0.30841641
566,24,C,0,243,100,100,0.1157056,0.11689393,0.11439467,0.10041553,0.12958126,0.15693708,0.07954706,0.30961857
567,24,M,1,243,89,95,0.12369352,0.12472413,0.12205746,0.1011717,0.14541275,0.14693718,0.06566261,0.32881019
568,24,R,1,243,98,50,0.43820943,0.43686657,0.4275261,0.35251344,0.5266437,0.33760143,0.1284083,0.88759622
569,24,C,1,243,63,96,0.08933645,0.09018988,0.08826157,0.07452855,0.10336502,0.13155469,0.05266793,0.32859909
570,49,M,0,251,100,100,0.44342573,0.4464111,0.43686657,0.33719774,0.55689852,0.41906406,0.11801083,1.48812345
571,49,R,0,251,100,100,1.03079268,1.037041,1.01486844,0.85462273,1.20051931,0.75944123,0.25357049,2.27451933
572,49,C,0,251,100,100,0.90813597,0.81761334,0.87238161,0.67525726,1.18054121,0.69444107,0.160817,2.99874023
573,49,M,1,251,100,96,0.56233882,0.56621705,0.55411099,0.41903172,0.7164323,0.43619043,0.11801083,1.6122426
574,49,R,1,251,100,95,1.37242017,1.37346071,1.3440953,1.13229619,1.60339228,0.79866374,0.25357049,2.51552837
575,49,C,1,251,100,95,1.53352337,1.53019623,1.49747972,1.23429992,1.82321886,0.7399184,0.160817,3.40436182
576,147,M,0,263,100,100,0.32302183,0.32280654,0.31590474,0.26003401,0.38564449,0.41910935,0.19458889,0.90268591
577,147,R,0,263,100,100,0.70303289,0.70282099,0.68779426,0.6075928,0.7894554,0.76760948,0.45952852,1.28223667
578,147,C,0,263,100,100,0.89056081,0.89144116,0.87238161,0.76189324,1.00744848,0.62953829,0.2967769,1.33540872
579,147,M,1,263,100,94,0.51025521,0.50822036,0.50822036,0.40630162,0.61447143,0.45232706,0.19458889,1.05144632
580,147,R,1,263,100,54,1.63697867,1.63269725,1.63269725,1.38348886,1.87814818,0.96502809,0.45952852,2.02659721
581,147,C,1,263,85,94,0.78388406,0.78302497,0.76628343,0.66207445,0.89766578,0.61797447,0.23617245,1.61700677
582,19,M,0,273,100,100,0.45336336,0.45616417,0.4464111,0.34503003,0.56927977,0.40124922,0.10104833,1.59330633
583,19,R,0,273,100,100,0.89211631,0.89144116,0.87238161,0.73924229,1.04283249,0.67724753,0.20978862,2.18631596
584,19,C,0,273,100,100,0.91789944,0.93081857,0.91091711,0.59882731,1.18810713,0.61874714,0.1296438,2.95307625
585,19,M,1,273,100,99,0.51275002,0.50822036,0.50822036,0.38547313,0.65036065,0.40617893,0.10104833,1.63269725
586,19,R,1,273,100,99,1.01850261,1.01486844,1.01486844,0.83857614,1.19709388,0.68824035,0.20978862,2.25786687
587,19,C,1,273,100,99,0.94786245,0.93081857,0.93081857,0.72434586,1.194858,0.62940224,0.1296438,3.05565854
588,69,M,0,288,100,100,0.17109028,0.17248175,0.16879399,0.13988936,0.20150073,0.22456827,0.1189326,0.42402932
589,69,R,0,288,100,100,0.34451874,0.34442991,0.33706579,0.29873941,0.385609,0.39826851,0.27880723,0.56891568
590,69,C,0,288,100,100,0.22579774,0.22355135,0.22355135,0.1970763,0.25151229,0.30629077,0.17480852,0.53666741
591,69,M,1,288,73,84,0.16966464,0.16879399,0.16879399,0.13373244,0.20623429,0.20232433,0.078057,0.52442618
592,69,R,1,288,50,100,0.16578885,0.16518507,0.16518507,0.13327573,0.19805152,0.23418419,0.09639783,0.56891568
593,69,C,1,288,61,80,0.19151029,0.19216489,0.18805629,0.15734519,0.22469274,0.23728068,0.07276316,0.77377237
594,149,M,0,289,100,100,0.13360122,0.13307885,0.13307885,0.11029757,0.15593253,0.24790778,0.15514968,0.39612242
595,149,R,0,289,100,100,0.23037925,0.22843544,0.22843544,0.20023452,0.25771984,0.42655701,0.38464866,0.47303137
596,149,C,0,289,100,100,0.15272139,0.1515047,0.1515047,0.13385587,0.16915811,0.34439269,0.238114,0.4981073
597,149,M,1,289,100,50,0.50900808,0.50822036,0.4973543,0.39314424,0.62927965,0.42993523,0.15514968,1.1913934
598,149,R,1,289,100,50,1.04966831,1.05969797,1.037041,0.88264313,1.20737376,0.83556661,0.38464866,1.81508904
599,149,C,1,289,100,50,0.6931972,0.68779426,0.68779426,0.58088678,0.8003268,0.72441156,0.238114,2.20386918
600,137,M,0,332,100,100,0.68972953,0.68779426,0.67308881,0.54264026,0.83934762,0.57100979,0.20852292,1.56362752
601,137,R,0,332,100,100,1.55471919,1.56362752,1.53019623,1.33559594,1.75655373,1.19074985,0.60140963,2.35760306
602,137,C,0,332,100,100,1.520884,1.53019623,1.49747972,1.28018942,1.74842957,1.0693609,0.38241063,2.99032673
603,137,M,1,332,100,100,0.68972953,0.68779426,0.67308881,0.54264026,0.83934762,0.57100979,0.20852292,1.56362752
604,137,R,1,332,100,100,1.55471919,1.56362752,1.53019623,1.33559594,1.75655373,1.19074985,0.60140963,2.35760306
605,137,C,1,332,100,100,1.520884,1.53019623,1.49747972,1.28018942,1.74842957,1.0693609,0.38241063,2.99032673
606,140,M,0,332,100,100,0.70204631,0.70282099,0.68779426,0.55007345,0.85711853,0.58191086,0.20739929,1.63269725
607,140,R,0,332,100,100,1.6024894,1.59778921,1.59778921,1.37154649,1.81597978,1.15040187,0.52610198,2.51552837
608,140,C,0,332,100,100,1.59796523,1.59778921,1.56362752,1.33234372,1.85294135,1.08812847,0.34779604,3.40436182
609,140,M,1,332,100,100,0.70204631,0.70282099,0.68779426,0.55007345,0.85711853,0.58191086,0.20739929,1.63269725
610,140,R,1,332,100,100,1.6024894,1.59778921,1.59778921,1.37154649,1.81597978,1.15040187,0.52610198,2.51552837
611,140,C,1,332,100,100,1.59796523,1.59778921,1.56362752,1.33234372,1.85294135,1.08812847,0.34779604,3.40436182
612,135,M,0,333,100,100,0.39530769,0.39211903,0.39211903,0.31823897,0.47130308,0.37887321,0.20539198,0.69888274
613,135,R,0,333,100,100,0.84213975,0.83547632,0.83547632,0.73496818,0.93855083,0.71755543,0.59842752,0.86039791
614,135,C,0,333,100,100,0.64781941,0.64461441,0.64461441,0.56668871,0.71940896,0.55855977,0.37928285,0.82257612
615,135,M,1,333,100,100,0.39530769,0.39211903,0.39211903,0.31823897,0.47130308,0.37887321,0.20539198,0.69888274
616,135,R,1,333,50,100,0.4663084,0.46613031,0.45616417,0.37926724,0.55083281,0.47951615,0.26724348,0.86039791
617,135,C,1,333,50,100,0.37245009,0.3755308,0.36750173,0.30244632,0.44053094,0.355241,0.1534158,0.82257612
618,88,M,0,360,100,100,0.37805745,0.3755308,0.36750173,0.28761839,0.47533624,0.33268716,0.08576064,1.29057737
619,88,R,0,360,100,100,0.81383234,0.81761334,0.80013228,0.67226182,0.95383064,0.64901788,0.20838777,2.02134805
620,88,C,0,360,100,100,0.60280184,0.60414541,0.59122842,0.4784718,0.7336204,0.5275252,0.1187528,2.34337912
621,88,M,1,360,100,100,0.37805745,0.3755308,0.36750173,0.28761839,0.47533624,0.33268716,0.08576064,1.29057737
622,88,R,1,360,95,100,0.75889635,0.74989983,0.74989983,0.62206327,0.89523745,0.62161481,0.19116202,2.02134805
623,88,C,1,360,99,100,0.58973963,0.59122842,0.5785876,0.46758508,0.71886275,0.52206784,0.11630847,2.34337912
624,60,M,0,362,100,100,0.24351067,0.24373731,0.23852606,0.19563409,0.2914698,0.33075146,0.14291684,0.76545582
625,60,R,0,362,100,100,0.49043332,0.48672057,0.48672057,0.4210424,0.55379264,0.61249381,0.3939879,0.95218322
626,60,C,0,362,100,100,0.32453359,0.32280654,0.32280654,0.27897905,0.36628849,0.51086334,0.24960128,1.04559302
627,60,M,1,362,98,69,0.61035938,0.60414541,0.60414541,0.45673337,0.77411892,0.43591254,0.13926409,1.36445613
628,60,R,1,362,100,66,1.48218617,1.49747972,1.46546271,1.24128626,1.70869312,0.87445806,0.3939879,1.94086391
629,60,C,1,362,100,66,1.4830754,1.49747972,1.46546271,1.23451478,1.71993736,0.77544649,0.24960128,2.4091113
630,18,M,0,395,100,100,0.33140882,0.32985912,0.32985912,0.26543507,0.3976344,0.32719652,0.1524902,0.70206192
631,18,R,0,395,100,100,0.57065205,0.56621705,0.56621705,0.48669228,0.64946744,0.5252499,0.35647155,0.77393962
632,18,C,0,395,100,100,0.4333539,0.43686657,0.4275261,0.36974513,0.4922481,0.42270257,0.22340645,0.7997865
633,18,M,1,395,91,100,0.30578247,0.30254069,0.30254069,0.2424345,0.3697709,0.3073003,0.13450875,0.70206192
634,18,R,1,395,76,100,0.39620236,0.39211903,0.39211903,0.32654832,0.46389723,0.42190756,0.22999984,0.77393962
635,18,C,1,395,77,100,0.30589251,0.30254069,0.30254069,0.25168752,0.35824393,0.33215672,0.13794692,0.7997865
636,96,M,0,397,100,100,0.49767034,0.4973543,0.48672057,0.37453964,0.62991004,0.41317351,0.10870622,1.57040092
637,96,R,0,397,100,100,1.0746996,1.08284995,1.05969797,0.89629591,1.24781818,0.76149568,0.26632095,2.17735655
638,96,C,0,397,100,100,0.96261605,0.95115482,0.95115482,0.75528122,1.18195866,0.67739391,0.1609213,2.85147161
639,96,M,1,397,100,100,0.49767034,0.4973543,0.48672057,0.37453964,0.62991004,0.41317351,0.10870622,1.57040092
640,96,R,1,397,100,100,1.0746996,1.08284995,1.05969797,0.89629591,1.24781818,0.76149568,0.26632095,2.17735655
641,96,C,1,397,100,100,0.96261605,0.95115482,0.95115482,0.75528122,1.18195866,0.67739391,0.1609213,2.85147161
642,99,M,0,397,100,100,0.45893824,0.45616417,0.45616417,0.35586865,0.56565665,0.38673259,0.12944781,1.15538524
643,99,R,0,397,100,100,1.01623965,1.01486844,0.99316995,0.86512045,1.15640527,0.77193501,0.35716561,1.66836796
644,99,C,0,397,100,100,0.86945887,0.87238161,0.85372957,0.72105206,1.01251061,0.61282483,0.21097079,1.78012448
645,99,M,1,397,100,100,0.45893824,0.45616417,0.45616417,0.35586865,0.56565665,0.38673259,0.12944781,1.15538524
646,99,R,1,397,100,100,1.01623965,1.01486844,0.99316995,0.86512045,1.15640527,0.77193501,0.35716561,1.66836796
647,99,C,1,397,100,100,0.86945887,0.87238161,0.85372957,0.72105206,1.01251061,0.61282483,0.21097079,1.78012448
648,93,M,0,398,100,100,0.52717773,0.53066985,0.51932381,0.40166732,0.66053667,0.43441859,0.12069339,1.56362752
649,93,R,0,398,100,100,1.13645404,1.13068242,1.13068242,0.95174116,1.31561888,0.94439521,0.37830046,2.35760306
650,93,C,0,398,100,100,1.0108961,0.99316995,0.99316995,0.79307992,1.24726278,0.8223095,0.22129204,3.05565854
651,93,M,1,398,100,100,0.52717773,0.53066985,0.51932381,0.40166732,0.66053667,0.43441859,0.12069339,1.56362752
652,93,R,1,398,100,100,1.13645404,1.13068242,1.13068242,0.95174116,1.31561888,0.94439521,0.37830046,2.35760306
653,93,C,1,398,100,100,1.0108961,0.99316995,0.99316995,0.79307992,1.24726278,0.8223095,0.22129204,3.05565854
654,94,M,0,398,100,100,0.51209332,0.50822036,0.50822036,0.38463924,0.64894807,0.40639845,0.10336764,1.59778921
655,94,R,0,398,100,100,1.13331747,1.13068242,1.10650775,0.93893689,1.32419585,0.87275878,0.30280234,2.51552837
656,94,C,0,398,100,100,1.02385348,1.01486844,1.01486844,0.78958898,1.2826241,0.75192847,0.17341622,3.26034347
657,94,M,1,398,100,100,0.51209332,0.50822036,0.50822036,0.38463924,0.64894807,0.40639845,0.10336764,1.59778921
658,94,R,1,398,100,100,1.13331747,1.13068242,1.10650775,0.93893689,1.32419585,0.87275878,0.30280234,2.51552837
659,94,C,1,398,100,100,1.02385348,1.01486844,1.01486844,0.78958898,1.2826241,0.75192847,0.17341622,3.26034347
660,89,M,0,400,100,100,0.56014364,0.55411099,0.55411099,0.42868634,0.69912668,0.46136953,0.13037435,1.63269725
661,89,R,0,400,100,100,1.18987495,1.18062777,1.18062777,1.00084209,1.37155876,0.96221654,0.38431627,2.4091113
662,89,C,0,400,100,100,1.06416216,1.05969797,1.037041,0.83753988,1.31185223,0.86309847,0.22848481,3.26034347
663,89,M,1,400,100,100,0.56014364,0.55411099,0.55411099,0.42868634,0.69912668,0.46136953,0.13037435,1.63269725
664,89,R,1,400,100,100,1.18987495,1.18062777,1.18062777,1.00084209,1.37155876,0.96221654,0.38431627,2.4091113
665,89,C,1,400,100,100,1.06416216,1.05969797,1.037041,0.83753988,1.31185223,0.86309847,0.22848481,3.26034347
666,105,M,0,400,100,100,0.47746503,0.47631419,0.46613031,0.36790885,0.59221306,0.42078843,0.12351699,1.43351048
667,105,R,0,400,100,100,1.02555292,1.01486844,1.01486844,0.86814916,1.17504166,0.8201796,0.33713865,1.99530547
668,105,C,0,400,100,100,0.81136359,0.80013228,0.80013228,0.66511895,0.95867387,0.70823407,0.19983108,2.51009756
669,105,M,1,400,98,100,0.46813122,0.46613031,0.45616417,0.35977057,0.58231838,0.41549077,0.12042645,1.43351048
670,105,R,1,400,100,94,1.16886565,1.15538524,1.15538524,0.9804966,1.35010131,0.85382183,0.33713865,2.16234992
671,105,C,1,400,100,94,1.11430811,1.10650775,1.10650775,0.87998787,1.35486311,0.74836173,0.19983108,2.8025935
672,62,M,0,432,100,100,0.36007285,0.35964432,0.35195491,0.28437566,0.43677024,0.45282445,0.18667948,1.09840667
673,62,R,0,432,100,100,0.83766492,0.83547632,0.83547632,0.72001345,0.94579884,0.88922829,0.53377555,1.48138472
674,62,C,0,432,100,100,0.58666277,0.59122842,0.5785876,0.5002001,0.66693523,0.77486013,0.3595666,1.66981088
675,62,M,1,432,100,91,0.63335417,0.63083217,0.6173446,0.48938748,0.7808038,0.50091417,0.18667948,1.3440953
676,62,R,1,432,100,91,1.42717813,1.43413024,1.40346768,1.22199217,1.6154482,0.99607194,0.53377555,1.85875748
677,62,C,1,432,100,91,1.43223658,1.43413024,1.40346768,1.22444964,1.62176233,0.8817646,0.3595666,2.16234992
678,70,M,0,442,100,100,0.16387157,0.16518507,0.16165332,0.13343246,0.19368494,0.22095751,0.11055429,0.44161305
679,70,R,0,442,100,100,0.37774607,0.3755308,0.3755308,0.33206278,0.41752568,0.47858434,0.35096744,0.6526046
680,70,C,0,442,100,100,0.23597534,0.23342623,0.23342623,0.2081639,0.25987652,0.34952919,0.20191491,0.6050601
681,70,M,1,442,84,100,0.14449527,0.14509543,0.1419932,0.11568534,0.17294468,0.2025987,0.09294615,0.44161305
682,70,R,1,442,100,50,0.88492016,0.89144116,0.87238161,0.74319895,1.0242292,0.75993379,0.35096744,1.64544999
683,70,C,1,442,100,50,0.56982742,0.56621705,0.56621705,0.47164584,0.66919895,0.6171445,0.20191491,1.8862764
684,43,M,0,460,100,100,0.46459761,0.46613031,0.45616417,0.36490535,0.56568528,0.46226782,0.16175817,1.32105567
685,43,R,0,460,100,100,0.98391707,0.99316995,0.97193538,0.84147582,1.11612259,0.87739234,0.41272727,1.86519618
686,43,C,0,460,100,100,0.72438966,0.71817602,0.71817602,0.61500443,0.82795025,0.78786294,0.26563115,2.33680436
687,43,M,1,460,100,87,0.68396138,0.68779426,0.67308881,0.52616245,0.84818744,0.51390866,0.16175817,1.63269725
688,43,R,1,460,100,87,1.44432818,1.43413024,1.43413024,1.21963217,1.65769058,0.9971489,0.41272727,2.4091113
689,43,C,1,460,100,87,1.44451182,1.43413024,1.43413024,1.17696367,1.7114581,0.92061508,0.26563115,3.19063538
690,44,M,0,540,100,100,0.68023974,0.67308881,0.67308881,0.53196575,0.83159002,0.5520192,0.1948835,1.56362752
691,44,R,0,540,100,100,1.28832254,1.2872346,1.25971276,1.11175523,1.45017529,1.02434395,0.55243693,1.89936708
692,44,C,0,540,100,100,1.27845958,1.2872346,1.25971276,1.08128814,1.46448295,0.9382918,0.35762906,2.46174487
693,44,M,1,540,100,100,0.68023974,0.67308881,0.67308881,0.53196575,0.83159002,0.5520192,0.1948835,1.56362752
694,44,R,1,540,100,100,1.28832254,1.2872346,1.25971276,1.11175523,1.45017529,1.02434395,0.55243693,1.89936708
695,44,C,1,540,100,100,1.27845958,1.2872346,1.25971276,1.08128814,1.46448295,0.9382918,0.35762906,2.46174487
696,45,M,0,540,100,100,0.17952783,0.18010075,0.17625009,0.14599903,0.21234098,0.31234057,0.18253029,0.53446817
697,45,R,0,540,100,100,0.3992553,0.40068594,0.39211903,0.34983033,0.44311411,0.5764657,0.52519314,0.6327438
698,45,C,0,540,100,100,0.24928334,0.24906241,0.24373731,0.21921549,0.27587571,0.46102067,0.33214833,0.63989499
699,45,M,1,540,100,62,0.6886277,0.68779426,0.67308881,0.53416404,0.8486048,0.47436228,0.18253029,1.23277935
700,45,R,1,540,100,62,1.25571889,1.25971276,1.23277935,1.07856609,1.42077091,0.87729754,0.52519314,1.46546271
701,45,C,1,540,100,62,1.10272778,1.10650775,1.08284995,0.93382967,1.26259192,0.75249747,0.33214833,1.70481798
702,5,M,0,549,100,100,0.14453258,0.14509543,0.1419932,0.11899266,0.16900835,0.29974209,0.20650474,0.43507631
703,5,R,0,549,100,100,0.21923867,0.21877169,0.21877169,0.18832819,0.24768657,0.44955776,0.43498229,0.46462162
704,5,C,0,549,100,100,0.13961721,0.1389573,0.1389573,0.12085702,0.15655832,0.36889432,0.27959168,0.48672057
705,5,M,1,549,100,60,0.6628949,0.65869777,0.65869777,0.52008465,0.81015492,0.48986895,0.20650474,1.16206333
706,5,R,1,549,100,58,1.12403606,1.13068242,1.10650775,0.93455383,1.30865077,0.83928311,0.43498229,1.61936738
707,5,C,1,549,100,60,0.86493106,0.87238161,0.85372957,0.70944168,1.01875308,0.70042007,0.27959168,1.75465978
708,31,M,0,555,100,100,0.69597921,0.70282099,0.68779426,0.5467008,0.8477072,0.57311161,0.20556962,1.59778921
709,31,R,0,555,100,100,1.56958472,1.56362752,1.56362752,1.34777476,1.77499017,1.25876022,0.62987853,2.51552837
710,31,C,0,555,100,100,1.53185508,1.53019623,1.49747972,1.27563018,1.77906123,1.14779422,0.40407754,3.26034347
711,31,M,1,555,100,100,0.69597921,0.70282099,0.68779426,0.5467008,0.8477072,0.57311161,0.20556962,1.59778921
712,31,R,1,555,100,100,1.56958472,1.56362752,1.56362752,1.34777476,1.77499017,1.25876022,0.62987853,2.51552837
713,31,C,1,555,100,100,1.53185508,1.53019623,1.49747972,1.27563018,1.77906123,1.14779422,0.40407754,3.26034347
714,33,M,0,555,100,100,0.67810518,0.67308881,0.67308881,0.53380961,0.82481596,0.56225385,0.20659402,1.53019623
715,33,R,0,555,100,100,1.44749161,1.43413024,1.43413024,1.24641117,1.63049432,1.15301546,0.60166965,2.20959233
716,33,C,0,555,100,100,1.38909049,1.37346071,1.37346071,1.16686874,1.60080398,1.0449153,0.38958486,2.8025935
717,33,M,1,555,100,100,0.67810518,0.67308881,0.67308881,0.53380961,0.82481596,0.56225385,0.20659402,1.53019623
718,33,R,1,555,100,100,1.44749161,1.43413024,1.43413024,1.24641117,1.63049432,1.15301546,0.60166965,2.20959233
719,33,C,1,555,100,100,1.38909049,1.37346071,1.37346071,1.16686874,1.60080398,1.0449153,0.38958486,2.8025935
720,34,M,0,555,100,100,0.1392778,0.1389573,0.1389573,0.1166454,0.16056866,0.21712306,0.19370772,0.24336884
721,34,R,0,555,100,100,0.2309953,0.23342623,0.22843544,0.20354091,0.25452066,0.34633336,0.56903865,0.21078849
722,34,C,0,555,100,100,0.16511046,0.16518507,0.16165332,0.14715034,0.18002823,0.27992422,0.36300221,0.21585976
723,34,M,1,555,50,99,0.09629095,0.0962313,0.09417382,0.07606213,0.11616295,0.17284286,0.12163611,0.24560678
724,34,R,1,555,50,100,0.12712003,0.12744907,0.12472413,0.10654525,0.1465238,0.25422898,0.30662193,0.21078849
725,34,C,1,555,50,99,0.10485201,0.10492067,0.10267741,0.08980668,0.11855187,0.20186775,0.18692171,0.21800887
726,84,M,0,600,100,100,0.67153442,0.67308881,0.65869777,0.53106963,0.8131039,0.56633944,0.23352715,1.37346071
727,84,R,0,600,100,100,1.49084284,1.49747972,1.46546271,1.29345826,1.66716484,1.14990472,0.68128469,1.94086391
728,84,C,0,600,100,100,1.45719854,1.46546271,1.43413024,1.25219594,1.64417954,1.03906013,0.4679472,2.3071961
729,84,M,1,600,100,100,0.67153442,0.67308881,0.65869777,0.53106963,0.8131039,0.56633944,0.23352715,1.37346071
730,84,R,1,600,100,100,1.49084284,1.49747972,1.46546271,1.29345826,1.66716484,1.14990472,0.68128469,1.94086391
731,84,C,1,600,100,100,1.45719854,1.46546271,1.43413024,1.25219594,1.64417954,1.03906013,0.4679472,2.3071961
732,91,M,0,600,100,100,0.72488035,0.71817602,0.71817602,0.57345109,0.8767987,0.62974241,0.26632095,1.48908862
733,91,R,0,600,100,100,1.67042644,1.66836796,1.63269725,1.44730041,1.87180777,1.32434315,0.79754255,2.19911122
734,91,C,0,600,100,100,1.7178598,1.70481798,1.70481798,1.47606353,1.93573412,1.27010105,0.58386349,2.76290042
735,91,M,1,600,100,98,0.76687381,0.76628343,0.74989983,0.60585745,0.92871152,0.63837553,0.26632095,1.53019623
736,91,R,1,600,100,98,1.75700917,1.74206436,1.74206436,1.52104629,1.97123455,1.34191837,0.79754255,2.25786687
737,91,C,1,600,100,98,1.90987983,1.89936708,1.89936708,1.64106639,2.15301677,1.29309015,0.58386349,2.86382376
738,153,M,0,648,100,100,0.43914491,0.43686657,0.43686657,0.36882043,0.50522433,0.69865621,0.46042323,1.06015613
739,153,R,0,648,100,100,0.46212048,0.46613031,0.45616417,0.39509722,0.52378273,0.73632905,0.75624735,0.71693537
740,153,C,0,648,100,100,0.4022834,0.40068594,0.40068594,0.35015201,0.44865744,0.8425482,0.64838697,1.09485154
741,153,M,1,648,100,54,1.46458616,1.46546271,1.43413024,1.19611233,1.72838625,0.9147935,0.46042323,1.81756067
742,153,R,1,648,100,54,1.60472578,1.59778921,1.59778921,1.34931205,1.84896254,1.06417342,0.75624735,1.49747972
743,153,C,1,648,100,54,1.97051907,1.98326735,1.94086391,1.66951395,2.25463163,1.26491143,0.64838697,2.46766358
744,134,M,0,667,100,100,0.31181749,0.30915051,0.30915051,0.2513739,0.37166677,0.50723277,0.21933981,1.17299765
745,134,R,0,667,100,100,0.66306032,0.65869777,0.65869777,0.5757398,0.74228873,1.03435492,0.6991849,1.53019623
746,134,C,0,667,100,100,0.42074701,0.41838534,0.41838534,0.36519349,0.4711391,0.93182497,0.44863568,1.93541847
747,134,M,1,667,100,88,0.75089185,0.74989983,0.73386653,0.58665541,0.9184907,0.58563279,0.21933981,1.56362752
748,134,R,1,667,100,88,1.61841998,1.63269725,1.59778921,1.38987602,1.82739754,1.24294553,0.6991849,2.20959233
749,134,C,1,667,100,88,1.63448023,1.63269725,1.59778921,1.38123094,1.87249852,1.13349615,0.44863568,2.86382376
750,136,M,0,668,100,100,0.25065908,0.24906241,0.24906241,0.2042756,0.29573497,0.42937808,0.20739929,0.88894006
751,136,R,0,668,100,100,0.53555891,0.53066985,0.53066985,0.46834008,0.5954017,0.89530275,0.64600909,1.24079834
752,136,C,0,668,100,100,0.33748507,0.33706579,0.33706579,0.29639219,0.37399255,0.75225356,0.40582794,1.3943974
753,136,M,1,668,100,77,0.73450843,0.73386653,0.71817602,0.57273663,0.90074998,0.55130384,0.20739929,1.46546271
754,136,R,1,668,100,77,1.59937851,1.59778921,1.56362752,1.36774557,1.81436362,1.19474547,0.64600909,2.20959233
755,136,C,1,668,100,77,1.49057477,1.49747972,1.46546271,1.2470463,1.72498367,1.04367396,0.40582794,2.6840324
756,138,M,0,668,99,100,0.68798549,0.68779426,0.67308881,0.53850444,0.84028178,0.57393295,0.20615925,1.59778921
757,138,R,0,668,99,100,1.58799567,1.59778921,1.56362752,1.36186425,1.79668843,1.30591574,0.69276713,2.46174487
758,138,C,0,668,99,100,1.54105806,1.53019623,1.53019623,1.29090198,1.77956211,1.17317691,0.4313699,3.19063538
759,138,M,1,668,99,100,0.68798549,0.68779426,0.67308881,0.53850444,0.84028178,0.57393295,0.20615925,1.59778921
760,138,R,1,668,99,100,1.58799567,1.59778921,1.56362752,1.36186425,1.79668843,1.30591574,0.69276713,2.46174487
761,138,C,1,668,99,100,1.54105806,1.53019623,1.53019623,1.29090198,1.77956211,1.17317691,0.4313699,3.19063538
762,141,M,0,668,100,100,0.7021079,0.70282099,0.68779426,0.54798346,0.85920296,0.55976826,0.19191587,1.63269725
763,141,R,0,668,100,100,1.63746795,1.63269725,1.63269725,1.4057628,1.85175833,1.23611427,0.59443154,2.57048692
764,141,C,0,668,100,100,1.60141475,1.59778921,1.56362752,1.33534358,1.85765194,1.13631688,0.37117356,3.47873934
765,141,M,1,668,100,100,0.7021079,0.70282099,0.68779426,0.54798346,0.85920296,0.55976826,0.19191587,1.63269725
766,141,R,1,668,100,100,1.63746795,1.63269725,1.63269725,1.4057628,1.85175833,1.23611427,0.59443154,2.57048692
767,141,C,1,668,100,100,1.60141475,1.59778921,1.56362752,1.33534358,1.85765194,1.13631688,0.37117356,3.47873934
768,142,M,0,668,100,100,0.68985523,0.68779426,0.67308881,0.53778635,0.84526135,0.54845163,0.18567354,1.62004336
769,142,R,0,668,100,100,1.52455808,1.53019623,1.49747972,1.30684624,1.72610758,1.13865235,0.54449508,2.38115863
770,142,C,0,668,100,100,1.4841781,1.49747972,1.46546271,1.23850716,1.7222542,1.0452541,0.33999235,3.21347271
771,142,M,1,668,100,100,0.68985523,0.68779426,0.67308881,0.53778635,0.84526135,0.54845163,0.18567354,1.62004336
772,142,R,1,668,100,99,1.54477876,1.53019623,1.53019623,1.32352692,1.74811372,1.14531623,0.54449508,2.4091113
773,142,C,1,668,100,99,1.52210512,1.53019623,1.49747972,1.26781568,1.7685469,1.05284939,0.33999235,3.26034347
774,2,M,0,764,100,100,0.12521471,0.12472413,0.12472413,0.10304219,0.14656428,0.32110177,0.26040164,0.39595123
775,2,R,0,764,100,100,0.18052141,0.18010075,0.18010075,0.15498044,0.20403347,0.43142452,0.54732671,0.34006584
776,2,C,0,764,100,100,0.1185109,0.11944779,0.11689393,0.10281958,0.13263145,0.38706706,0.36718416,0.40802661
777,2,M,1,764,100,53,0.9166896,0.91091711,0.91091711,0.71808631,1.1214217,0.60787444,0.26040164,1.41900542
778,2,R,1,764,98,53,1.39747593,1.40346768,1.37346071,1.16289115,1.62487374,0.97711976,0.53525376,1.78375771
779,2,C,1,764,100,53,1.31040434,1.31535774,1.2872346,1.07653693,1.54231319,0.91498992,0.36718416,2.2800726
780,115,M,0,948,100,100,0.72018318,0.71817602,0.70282099,0.57293256,0.86724421,0.64086381,0.29903034,1.37346071
781,115,R,0,948,100,100,1.6659035,1.66836796,1.63269725,1.44927848,1.85697333,1.35781801,0.92961231,1.98326735
782,115,C,0,948,100,100,1.70346439,1.70481798,1.66836796,1.48333639,1.89614242,1.2796067,0.69451611,2.35760306
783,115,M,1,948,100,100,0.72018318,0.71817602,0.70282099,0.57293256,0.86724421,0.64086381,0.29903034,1.37346071
784,115,R,1,948,100,100,1.6659035,1.66836796,1.63269725,1.44927848,1.85697333,1.35781801,0.92961231,1.98326735
785,115,C,1,948,100,100,1.70346439,1.70481798,1.66836796,1.48333639,1.89614242,1.2796067,0.69451611,2.35760306
