256169,27920,254520,29569,0.02702702702702703,0.03556187766714083,8917.0283712666,5442.478388813852,6292.155774937511,33699.307398860816,34039.958529857606,33582.39657855744
222884,25120,221500,26504,0.015100671140939598,0.02097315436241611,13620.467393339915,4285.808882989626,6514.4925116141785,34785.72198713269,35248.36951171707,34245.19444380004
230500,27564,228374,29690,0.023391812865497075,0.029239766081871343,9564.27256440558,6470.288794492918,5844.6866165085485,32803.206445219155,33037.64722199405,32532.885355753253
234700,29496,233477,30719,0.02593192868719611,0.04213938411669368,9522.91685101014,11771.48418060824,6298.125685496763,33557.78819187607,34231.879782110846,33934.788753568886
221825,29176,220689,30312,0.021897810218978103,0.048357664233576646,7184.237066915871,8781.816183312465,5586.329349919496,34863.9811623616,34812.536951379276,34158.99933307237
225793,27216,223163,29846,0.01936619718309859,0.03961267605633803,7271.837184290444,11722.094194835641,4788.412362830056,33007.25604443789,33650.33977733394,33010.233094382944
258877,29492,257995,30374,0.014563106796116505,0.02912621359223301,23290.796194159586,6901.424149919888,5713.618131502972,34905.331153359824,35449.98000694556,34393.87448834461
270338,29966,268011,32293,0.022658610271903322,0.0445619335347432,8192.292735105497,5304.311971030654,5130.437211405419,33486.20058232113,33741.986979092624,33306.44179992709
229933,27116,229237,27812,0.02564102564102564,0.03561253561253561,9317.970376703355,4310.3650877074315,5397.642904507551,31732.67674345014,32075.120444161163,31573.65717810265
245096,29480,243413,31163,0.03142857142857143,0.06,5612.780444551442,4996.225966178037,6585.04195878058,33747.68973897132,33897.68653684112,33621.04823315883
212992,27108,213819,26281,0.04326123128119801,0.03993344425956739,8034.4114544043305,6819.334469004682,6526.0714066843675,33668.72859662311,33344.4431785117,33040.54803160756
236570,25574,234974,27170,0.012704174228675136,0.02631578947368421,7483.618731149846,15653.872456462708,5257.287282802275,33425.63403080669,34158.57214577334,33374.20745405433
202766,23810,199994,26582,0.013779527559055118,0.03937007874015748,4611.48172682374,5007.119120561303,5033.868891416457,32718.914333277065,32712.71229143907,31922.158598811242
215698,24402,213853,26247,0.03924914675767918,0.034129692832764506,13295.888865916348,6644.498069633286,6221.093533235051,33960.63632933569,33876.77890479326,33120.31351625555
224932,27072,224160,27844,0.02577319587628866,0.03006872852233677,20070.49685870243,8440.54374785824,5969.730714427976,33329.85454502022,34490.40977671932,32881.96075733637
256101,27988,251534,32555,0.02990897269180754,0.05266579973992198,13257.139799931112,8241.291562640603,5780.4718685809,33665.4309625758,33784.75624583946,33670.21659184427
240483,28878,238924,30437,0.022970903522205207,0.036753445635528334,21049.821111326084,6960.265739860731,6597.635528669625,32914.78362222986,33326.888456047294,33427.616473805116
237461,25708,236557,26612,0.01775147928994083,0.025887573964497042,15052.736776902646,5617.812704326836,5856.102030823834,33960.337417334566,33893.78303637944,33475.805495628716
253061,28900,249440,32521,0.023255813953488372,0.049247606019151846,17016.05385634691,10720.994489471897,6320.958460160484,32802.98445194938,32834.05685718206,32090.439985337518
210678,25518,211073,25123,0.022099447513812154,0.026243093922651933,13871.761827972845,4722.186563063901,5150.296532517272,33425.06852119438,32853.957146553206,32838.65462000465
287175,34314,286731,34758,0.015625,0.03125,3606.746407333792,5913.659202381289,6399.170993709563,33893.852947884145,34163.4526470384,33861.943106354476
263953,30896,262580,32269,0.024930747922437674,0.024238227146814405,6676.474050515207,2813.2588992506953,4884.479746227785,32062.3022606274,32827.48402341197,32165.637604230804
254224,28800,254821,28203,0.020935960591133004,0.034482758620689655,9171.786049119255,4418.46110075752,4952.414361199882,34465.15087466917,34525.71439316583,33353.77903745746
199030,21870,196124,24776,0.03350970017636684,0.059082892416225746,6567.013039696385,4891.761793774497,5728.486768216165,32920.10609006569,33219.177296959926,32509.126767299247
250178,28606,246859,31925,0.021604938271604937,0.03935185185185185,4270.043649519421,6754.823749908672,4879.98246902323,33870.556462274035,33739.6672795342,33197.59905884313
212263,26858,211306,27815,0.017366136034732273,0.03400868306801737,17214.849945501872,3825.074296880948,6045.159728757321,32972.727171434024,33686.50781817062,32738.092665103974
205310,23174,201485,26999,0.031413612565445025,0.03926701570680628,12533.375986355482,6600.497494158782,4869.258851541556,33009.37215055665,33683.34395880962,33082.42668848376
209050,25206,208123,26133,0.04,0.042608695652173914,9670.130003410584,4228.722787292426,4640.361413212436,33518.20626247579,34154.22848790279,33756.04854491785
228252,29812,226240,31824,0.034532374100719423,0.04820143884892086,7093.052951057092,5247.628021036365,5910.759118870332,32287.18493586164,33565.689896208256,32218.492175275725
236332,25812,234872,27272,0.029745042492917848,0.042492917847025496,13125.502226069322,8021.23383630875,6004.377167387494,33246.9564657739,33676.92093856755,33343.701479738156
229588,26448,227629,28407,0.03759398496240601,0.07593984962406015,7749.565456431721,9566.245667546313,7615.52731248216,34166.83579602521,34106.63263992643,32715.81170683323
234803,26318,232443,28678,0.028764805414551606,0.03637901861252115,10115.65373679213,2957.4122219703113,4726.156574672129,33140.717993338985,32168.72903046839,32426.07871903423
237205,25964,233182,29987,0.0344311377245509,0.0344311377245509,11931.978421372829,14562.510259303755,6657.79665324013,32810.1699032745,32784.4142167869,33091.06322580927
262979,31870,260679,34170,0.033846153846153845,0.036923076923076927,4393.0930912977265,8487.608976737836,4782.956844591685,32879.58546014823,33736.82402218774,32832.07288905149
241309,30132,240385,31056,0.030595813204508857,0.0499194847020934,14265.242477691178,8455.467602406305,6867.486496281778,34468.25634184799,33920.37430820378,33019.099412731906
213229,25892,209873,29248,0.02882882882882883,0.04864864864864865,11480.911469196391,7665.856179649187,5178.9255267252465,31674.05660138923,32360.656308601963,32237.907608808255
222808,27192,220882,29118,0.0288135593220339,0.043220338983050846,13642.970076065572,9654.344183000881,6451.887145543259,33757.83068663829,33579.11274678258,34124.013300637715
239094,31306,237752,32648,0.018518518518518517,0.04552469135802469,8730.021916195059,10832.59247404508,6780.028250273863,32381.402357674542,32948.710510893725,32558.932230360373
253243,28718,254043,27918,0.025714285714285714,0.02142857142857143,23018.613719032594,10202.979403279805,7156.96110456302,33311.26070246372,33082.24109384454,33488.19884959901
256115,30110,252790,33435,0.01652892561983471,0.030303030303030304,6816.94278038761,5690.971326037193,5406.689157641975,33266.17806761067,33441.15468886923,33066.18248307076
212853,24316,209932,27237,0.011217948717948718,0.027243589743589744,3080.7195358757417,2437.5465542997545,4664.747592376694,32271.418610074525,32249.327200605247,31350.94687958322
242831,28610,242273,29168,0.017902813299232736,0.04283887468030691,6670.051290525095,6618.658208296969,7089.705324695855,33202.118197203396,32944.22547125122,33007.97401471885
229393,23616,226525,26484,0.0234009360374415,0.041341653666146644,7333.844382283682,3817.197029115074,6533.756017468415,33593.927144554546,33356.80617067355,33300.99007333897
309760,35984,307622,38122,0.027901785714285716,0.03850446428571429,12872.425482226234,7249.201617626452,6181.417265550924,33576.360420545854,34027.80358820189,33693.81482949978
226826,25178,224841,27163,0.027777777777777776,0.041666666666666664,4267.654846650209,4691.261741071647,4555.6040125607415,31136.27406023833,32114.13780063922,31701.30949295869
263230,30534,261201,32563,0.02203856749311295,0.03236914600550964,18886.88599573823,8076.563114244668,6610.25687448998,31918.290121618593,32287.096234322136,32489.11656598982
277348,31788,271999,37137,0.024691358024691357,0.028120713305898493,16516.547986344187,9800.002462956381,6003.893444343175,34435.524236076846,33964.903627594926,34272.68523500113
293952,37824,292931,38845,0.03156565656565657,0.058712121212121215,13292.583518925356,6197.925103825213,4772.513513060902,35132.33023851557,34846.68633918132,34046.42405975724
248368,30416,244783,34001,0.021630615640599003,0.04076539101497504,14709.00647551222,6524.955267039904,5551.270927684659,34268.50619101775,33869.9055521451,32930.0169257042
256336,33108,255182,34262,0.026392961876832845,0.03592375366568915,6337.292349590994,5443.354869663492,5045.172822156482,32298.390113141606,32603.395063723987,31329.87179008966
264077,30772,261458,33391,0.02478134110787172,0.04081632653061224,12646.320131641505,5825.674675482799,6362.601828224327,34023.97848317349,34180.175125659756,33655.215534591654
277913,32336,274912,35337,0.029787234042553193,0.05177304964539007,12698.311398820231,7179.581553371094,6131.092909110245,32922.42218010189,32632.663056580437,32552.24700437237
227887,29162,229939,27110,0.0380952380952381,0.04206349206349207,4639.250063142044,3855.442546499714,6513.204488787989,32893.39237869148,33177.500876274265,33002.126204601926
219002,23062,215457,26607,0.01859799713876967,0.04864091559370529,3164.081805491641,6134.526427796574,5287.523831318906,33235.3335729865,32895.22552468311,33103.398909384756
252832,32324,249388,35768,0.026385224274406333,0.06134564643799472,7269.967730760535,3838.4285202014607,4964.446960077926,32536.936820975676,32450.199042453827,31721.78418382873
197070,21954,195410,23614,0.017429193899782137,0.027233115468409588,6527.526862110074,5731.2420015458165,5170.161586149449,33634.81247894318,33946.642535481136,33813.09027065419
208558,27638,207259,28937,0.02214022140221402,0.03874538745387454,11034.622895176557,7177.9690299531985,4588.7538363537205,33830.6746070161,33994.16629227177,32911.93417048888
250013,27716,246703,31026,0.014970059880239521,0.033682634730538924,5890.442024405795,3353.691432475446,4772.492660856479,33312.02294837564,34207.395298792784,33204.19786803004
256580,30716,256347,30949,0.0208,0.036,13994.06648227484,11561.08820504252,6647.713030856406,32218.426024711946,32864.805687101856,32410.882812447035
230685,26364,226065,30984,0.022684310018903593,0.05198487712665406,15217.12578509064,12944.167957268375,4739.08253393184,34497.69114945372,34093.54575050845,33640.720229261315
274641,35608,275092,35157,0.04993429697766097,0.040735873850197106,4517.400400620098,2705.8686656832933,4714.566086960177,34873.394847740325,34928.40562516395,34672.92394082599
233842,28302,233110,29034,0.03202846975088968,0.028469750889679714,4116.27140457302,8593.587142444812,4476.690778159131,34306.285731361095,34995.36220567738,34137.20329043501
250664,28120,248209,29520,0.017377567140600316,0.02764612954186414,14733.067594503505,12176.537512798188,5769.892251831372,33158.72937129379,33152.37880078195,32326.767396461222
229903,27146,228157,28892,0.018461538461538463,0.03461538461538462,6553.388425290724,8110.444625044912,4938.341673013972,32039.11437747799,32791.01344178722,32459.33112895442
247184,29492,246414,30262,0.028081123244929798,0.046801872074883,12817.488920779786,9961.44888702599,6822.120515447008,33478.628174152924,33880.29996467026,33952.998972229645
203333,26108,204294,25147,0.025500910746812388,0.04371584699453552,8880.386450996422,5580.512335603256,5712.842248883516,33968.52583521572,34068.129552421364,32987.19081668494
255888,31408,254343,32953,0.025991792065663474,0.027359781121751026,11049.617544260851,5546.53472486767,6718.535719323661,32954.48072030581,33719.960138713184,33277.44139626123
230852,27212,228025,30039,0.01926444833625219,0.0446584938704028,20744.2842849045,5899.966197005002,6288.5909448607335,34270.910251420646,33875.2158365363,33982.54744464894
260765,31916,258971,33710,0.04421768707482993,0.05272108843537415,6375.587157622256,4660.253098928238,4680.169238229556,32823.337466950434,33331.25986418938,32783.899627413804
197607,24234,197297,24544,0.025408348457350273,0.022686025408348458,9485.624061850585,12921.331197183119,5985.810723717506,33967.306619953495,34520.82650606967,33766.757327227795
224658,25342,220570,29430,0.02680067001675042,0.03768844221105527,6215.9698505733195,8720.584636776326,5814.787024739015,32203.468538067635,32902.06723145531,32456.486281367113
213425,23744,211594,25575,0.017241379310344827,0.027586206896551724,6839.85455531528,4374.500196436331,6613.677156121973,34888.379612654746,35303.47424926111,34917.27526097243
230256,25780,228830,27206,0.0167427701674277,0.03424657534246575,8874.562812478476,5250.8943252623285,5851.4031984743515,33727.65975288712,33002.42180202863,33331.868674023106
262743,27778,259980,30541,0.025677603423680456,0.02710413694721826,4786.554132267507,7208.480014103281,5488.703241066193,33610.72942682914,33704.466281939465,33435.76022254522
260240,31360,259881,31719,0.021865889212827987,0.03498542274052478,5268.598600307332,5795.954479341522,4499.185430882171,34970.113005933104,35073.39085425446,34096.74287421596
247329,26200,244990,28539,0.012259194395796848,0.0297723292469352,3977.8181793292492,3179.9008351418074,6433.065919173223,33772.05732935999,33942.82764888402,33604.056183048815
206550,27706,207161,27095,0.03090909090909091,0.05,18157.603828176474,8051.692852046843,6755.337535029861,32434.950633746987,32504.934985260134,32566.14019365616
221802,28198,220149,29851,0.02936378466557912,0.05057096247960848,7999.422689742509,7050.924163742014,6951.076613354945,33920.330276744295,33731.16071540503,33596.49457736179
254430,28594,254561,28463,0.014064697609001406,0.02461322081575246,13074.157521442432,10098.680501909452,5416.519438547942,35285.87997090601,34832.908414072306,34038.57948166042
245807,31922,244832,32897,0.05121293800539083,0.05997304582210242,10938.300586201809,11291.35414524935,6147.755012598117,33064.42437555739,32774.24972451571,32796.94766094282
211152,23104,210338,23918,0.03832752613240418,0.0313588850174216,6082.2089748437575,7701.696500133713,5947.69359044754,33332.327360888994,32717.430605888814,33679.03397924832
264219,34990,265738,33471,0.04479578392621871,0.045454545454545456,9613.781556722828,9074.885833478746,6429.203079542645,33349.889251609784,33716.102348129214,33458.746995973415
216721,24360,216003,25078,0.018214936247723135,0.04735883424408015,2956.2051838035673,5907.011819360676,6080.499539147993,33365.61693886226,33934.74603497655,33652.219876915944
214670,23474,211853,26291,0.01858736059479554,0.0362453531598513,2166.1504890511496,3634.798592723842,3996.296129845122,35213.10226635805,34870.23117867975,34522.546110369025
218916,27100,216655,29361,0.020710059171597635,0.042899408284023666,8533.09717369263,5829.981799779856,5393.549448818251,32281.91911346017,33011.75218819411,32466.864619064156
232035,31134,231376,31793,0.01932367149758454,0.05152979066022544,7397.309705191697,7112.485505145353,6553.121309723522,33227.504550037345,33795.76842257166,33241.83635613887
217851,23230,215418,25663,0.025974025974025976,0.040584415584415584,15400.148894581642,7390.770809871332,5801.761610604428,33871.612550879545,34310.10011587981,33465.57891608721
243098,29386,239446,33038,0.0350609756097561,0.0350609756097561,16598.794957637205,10188.757803866782,8305.557186010677,33387.527492703135,34012.32405534624,33891.691315403856
236572,27624,232209,31987,0.03715170278637771,0.06114551083591331,8808.745816645445,8397.360323186038,5995.437301806936,32466.56836107009,32868.078798184375,32587.295364128655
210969,26200,209184,27985,0.025974025974025976,0.056818181818181816,10660.948586874383,4898.578801685801,4996.548409881319,34680.10291447975,34870.534261235145,34179.79291871756
207033,22408,204356,25085,0.022727272727272728,0.03409090909090909,6080.6837496843345,6323.243854509147,4772.169279890179,33634.25528645274,33180.41398960361,32729.978349079487
234820,23244,230785,27279,0.021116138763197588,0.03770739064856712,18528.89688093213,6517.704426543581,5561.430223632917,33835.65530576569,33469.68377956331,33063.72914280133
235511,29714,234017,31208,0.032407407407407406,0.0470679012345679,5502.640592773566,8808.163176890857,6081.990720952639,35208.73739629161,34909.93267980502,34612.35780585055
219940,26076,218955,27061,0.026119402985074626,0.030783582089552237,14197.688383625686,11471.340398089644,6420.040859575846,32359.435431627135,33108.78298990802,32347.580650427142
278348,33016,277751,33613,0.018361581920903956,0.031073446327683617,15046.54805210362,8537.311956330768,5379.065770099945,33663.63960580299,33982.83279446865,33393.95087107547
252348,26436,248289,30495,0.014534883720930232,0.018168604651162792,5438.013172968842,4785.633427392974,5758.605551508688,34361.14673509406,34915.10292284738,33501.935116376066
243397,28044,243097,28344,0.01639344262295082,0.03415300546448088,10772.865777824894,4439.73647791328,4486.086914309281,34402.19164943346,34815.32370019937,34177.860639650615
237419,27806,233564,31661,0.02653631284916201,0.037011173184357544,3231.168686296765,4204.414780038396,5501.171347384789,33822.74535714491,34497.71208723555,33287.38049544761
210167,25058,209088,26137,0.03387096774193549,0.04032258064516129,17022.420953113426,7608.79552406599,7525.6277668637285,35553.06317944071,34765.327564049316,34498.72095000604
217609,25440,217249,25800,0.027888446215139442,0.04880478087649402,6544.4492455415975,8232.047382768935,4810.063822245346,33369.62508904344,34197.37619086558,33689.96148028896
242352,28048,240536,29864,0.016591251885369532,0.03996983408748114,20958.161812393824,5686.849753440036,5342.525693913717,34332.10253873261,34836.821772337564,34169.40950055538
206393,24968,204089,27272,0.0210896309314587,0.05008787346221441,8623.529115302028,3538.985763250176,5318.323347257106,30838.515574092347,30848.409875416866,31877.69326448841
296104,33372,290937,38539,0.02053915275994865,0.0417201540436457,7866.098316688291,4416.726578858347,5900.937157081299,33402.31377176705,34056.35479786275,33405.0928665354
221921,27080,219882,29119,0.023121387283236993,0.04046242774566474,7370.711959936736,7287.385619346895,6466.468298808549,32029.66106682532,32286.286084238855,31999.42509617919
242569,28872,240698,30743,0.024657534246575342,0.030821917808219176,6996.093724565773,4744.421806523524,5160.969809062962,31613.235603150457,31923.363713331608,31456.580172639566
248677,26948,242498,33127,0.013910355486862442,0.04559505409582689,4814.042728346878,2449.96127743462,5799.214544698484,33038.559905568596,33463.21327231547,32189.17008007852
274265,33760,273490,34535,0.03506311360448808,0.05119214586255259,18373.982103482653,10516.2620951179,6108.013817874667,33693.118784338556,33732.518196113684,33564.31727704249
198773,23068,198711,23130,0.031413612565445025,0.029668411867364748,6431.215869951226,4942.477342380982,6648.078736583309,33277.07583344357,34108.52064704166,33036.92995474538
199654,25022,200668,24008,0.02286902286902287,0.028066528066528068,8962.125588793306,3136.8108057961044,5011.051968802945,34064.319947316726,34788.853113353995,34042.320506907934
254322,30834,255639,29517,0.030913978494623656,0.02956989247311828,11340.800517743637,10957.983701493024,6059.736606815474,32908.51129015123,33594.16356156916,32371.285503653886
244350,30226,243231,31345,0.029914529914529916,0.0584045584045584,15140.423402208222,4745.274054917427,6365.5797990535075,32857.92359424718,33238.15304644277,32640.020230004116
251912,28988,250816,30084,0.03753753753753754,0.04354354354354354,11124.16392804137,12633.101937355288,6079.293855224154,32462.815160483435,32888.97195935737,32384.840323823322
213897,23272,207839,29330,0.021621621621621623,0.04504504504504504,6517.7792833035755,6265.419394723032,5067.331177944579,32656.343939654173,32287.598977692713,32425.501944138166
222185,24824,218395,28614,0.020477815699658702,0.03583617747440273,7274.074389066095,3161.8980727771095,4784.68889184335,35204.74251490651,35149.20247413664,34173.654294801374
222210,27790,222511,27489,0.0214168039538715,0.029654036243822075,3049.496491548885,6216.6529667435725,5042.566672363811,32727.570389954766,33982.04450664379,33509.255153672355
253102,25682,249183,29601,0.025518341307814992,0.03987240829346093,15646.826507959104,6184.497987335742,5039.688866709483,33384.49833380937,33316.4195392946,33436.6362537045
224623,30402,222637,32388,0.042879019908116385,0.05742725880551302,9791.128456548327,9519.403905849984,5503.725071312348,33241.28758530678,33812.33319539964,32783.05803405806
205409,22120,203594,23935,0.015873015873015872,0.044444444444444446,11475.758655181507,8681.80166439518,6378.326509005388,33355.01604061339,33836.02629168823,33538.481058633275
221141,27860,219205,29796,0.03599374021909233,0.057902973395931145,9073.401275426504,7237.992753459225,5110.1979338472465,33412.8669619936,33526.78376905819,33708.731059801234
235642,28554,234190,30006,0.022887323943661973,0.028169014084507043,8838.526187526617,6363.61273074438,4574.209911959641,33557.85830844104,34407.510925788345,33527.89965077671
209523,23766,207124,26165,0.02768729641693811,0.03420195439739414,12550.23958659911,4394.399142417736,5447.546468824762,33196.197390972695,33072.103747419285,32658.922750832946
273715,29886,272420,31181,0.033950617283950615,0.05864197530864197,12337.78015213328,10073.495544605825,6332.901435339195,33704.34528116851,34348.78747572183,33290.22828436861
238304,30020,238127,30197,0.023494860499265784,0.02643171806167401,8596.784217913008,5653.991071845518,6374.5482788586005,34524.988477551866,34771.52248695379,33738.21569531513
214637,24484,212810,26311,0.030405405405405407,0.030405405405405407,14833.365419732443,13996.068346322754,6438.299304986514,33318.40816628395,33832.85932045405,33465.630740020795
242172,28228,239976,30424,0.04325259515570934,0.03460207612456748,11191.299185990638,4307.552651145224,5240.4828329755355,33462.98083810569,33625.023855181986,33449.2759052344
227465,27560,228062,26963,0.02857142857142857,0.02556390977443609,10175.881711324322,4645.567270303858,5006.052153362109,33021.8492159235,33065.57410803289,32332.847627516894
230148,29952,229563,30537,0.025848142164781908,0.021809369951534735,4841.133884767518,6179.026316702684,5389.874232249392,33814.36919272871,34401.46622821505,34191.18012203562
252305,29656,247528,34433,0.026706231454005934,0.05934718100890208,16997.682418698776,8424.640798158422,5737.637801700076,32573.63642688717,32815.78194766354,32153.197435719725
227854,26162,227119,26897,0.02923076923076923,0.043076923076923075,7962.3839013105835,4983.354403726482,5539.014827741153,33605.14801329814,34756.02440196787,33284.37380413756
246121,29504,246250,29375,0.023575638506876228,0.0412573673870334,8972.752201194888,4363.0720580627,5218.946433324153,33352.60438843618,33465.50222608805,33069.06438744909
212650,23546,210322,25874,0.025,0.03461538461538462,10610.933227314734,9549.47505498012,7350.941022183288,33219.55055371134,33460.770168164214,33023.882914367154
268201,33200,263053,38348,0.016819571865443424,0.04204892966360856,10399.189280069368,10695.09945248326,6011.601876123194,33180.36704589924,33592.82476295316,33004.847630656564
230350,25686,226305,29731,0.03186646433990895,0.0417298937784522,11848.307682753973,4996.276438052428,7180.407511659798,32050.216629978477,31880.52499001842,32390.462779063124
266115,33094,266240,32969,0.01805869074492099,0.031038374717832957,13533.039029401578,7886.14109054745,6689.56916452655,33619.9417819024,34583.79139534131,33101.967350120154
239781,29580,240734,28627,0.022658610271903322,0.02416918429003021,12078.56655317231,18728.669668539216,6736.428730124155,33485.877572334444,34149.4022787305,33507.272962435396
234918,29278,232930,31266,0.025510204081632654,0.04251700680272109,9345.68604729303,8012.829172590428,4649.65733165507,33379.61247165095,33516.47449734927,33254.40557140919
280262,33338,279956,33644,0.017766497461928935,0.05139593908629442,15957.6352445787,11909.209462679764,5910.795971357389,33135.24388714904,33804.412207637666,33422.486994666375
233722,26378,231792,28308,0.017366136034732273,0.01808972503617945,10842.823512261186,3129.3260378853697,5009.822752573573,33230.9180688427,33912.32643242323,33101.49487061827
263727,28954,259476,33205,0.026836158192090395,0.0346045197740113,17119.88238293859,12924.256243887985,6995.8139990903965,34792.784727588434,35780.686111784475,34964.80936191587
205212,25188,204508,25892,0.03161397670549085,0.0524126455906822,12254.52493821362,9095.821121055642,5291.951328515335,31806.090345592518,32343.815634031842,32127.108967925993
173067,21414,173066,21415,0.02,0.049,7773.665077661482,6396.67200577653,5714.1868784187445,33919.94858152694,33889.6670264825,34377.306899803
252557,27284,249536,30305,0.016697588126159554,0.04823747680890538,10894.358556141633,4553.087678411038,5014.815111051735,33302.29626726804,33644.81108499744,33204.941562415384
252906,30118,249621,33403,0.035036496350364967,0.043795620437956206,9976.306909750208,5841.034794421869,5818.800125560696,33403.46496291186,33534.28266938951,33444.446337441834
227490,26526,225704,28312,0.02508361204013378,0.029264214046822744,24215.722571713162,18280.74952856832,6267.241826768069,33721.64242127578,34148.69429832377,33738.23704964666
236838,25306,235031,27113,0.021828103683492497,0.027285129604365622,11026.24977294557,9198.547511306035,4988.970183036662,33475.86796830516,34062.898021456866,33387.978082967966
246278,28298,244574,30002,0.018158236057068743,0.02529182879377432,21315.09545861722,11196.06657452354,7005.82687020271,32021.63129161996,32946.36469997789,31832.473497143346
202793,26648,202858,26583,0.033807829181494664,0.025800711743772242,6492.107837743806,4641.292846964284,4831.992350013088,32755.590854393016,33332.83778749768,32868.726866162455
258650,28646,258109,29187,0.028328611898016998,0.026912181303116147,4237.403932433161,4112.6913137619,4967.996840216876,33409.623953014205,34398.9408059443,33571.02014333768
260034,29410,259236,30208,0.03581661891117478,0.032234957020057305,19677.629138069897,22506.824842922008,8042.963300585392,33278.64880927111,33620.82551913255,33423.90115103603
287637,33852,284168,37321,0.033101045296167246,0.046167247386759584,16204.483923920803,12839.30604025133,5461.927334014607,32476.735255988486,32667.663573661197,32733.734908977185
201543,22186,199897,23832,0.028985507246376812,0.042572463768115944,13975.25765320694,6147.475821892622,5207.622443997039,32959.33615338123,33869.686479765514,33101.00149353361
213548,24596,210411,27733,0.02037617554858934,0.05642633228840126,10129.634549105878,4179.450340039203,5534.603485895465,33539.447706423314,33827.86177860991,33302.309141012876
254768,28256,252593,30431,0.04022191400832178,0.057558945908460474,16744.22847021668,14189.406828348488,5677.014268018552,32797.71723158231,33151.28967611301,32788.674846179645
236162,28034,234225,29971,0.02348993288590604,0.030201342281879196,3858.4366201913476,3308.9726434073955,5112.688686293247,33227.175706578775,33403.49355004399,33206.07778586325
241984,24272,237449,28807,0.01447178002894356,0.02604920405209841,6238.726760180904,4564.690055305512,5286.031824555351,32333.890524348055,32874.85934710794,32184.937729526577
225043,25958,225178,25823,0.04251968503937008,0.04015748031496063,3955.8522102950255,7337.946038228567,6395.388369128387,35323.920917975476,34768.535063465584,34090.753780726955
278940,34660,274920,38680,0.028678304239401497,0.06172069825436409,7244.5073743999465,6305.354972159834,6016.94704459534,31812.17599910903,32528.94375333317,31656.25297303066
225611,25390,222777,28224,0.020155038759689922,0.050387596899224806,15265.917109741915,4594.28008093518,5735.2138927745555,33327.61979909157,33338.416865096086,32850.700938538874
210989,26180,207647,29522,0.039792387543252594,0.06401384083044982,7911.402552775418,5701.5810007329555,5114.833812882625,34147.55734048143,34358.006437749485,33914.74939542922
174468,19132,172366,21234,0.022587268993839837,0.03696098562628337,16169.9583024518,10953.863135153479,8586.018448229317,32492.462413523383,32648.767915663695,32280.158045476812
215924,24176,214207,25893,0.012195121951219513,0.04369918699186992,4632.111665716599,12098.848798942421,6631.558585449037,34653.62144441692,34078.30177328553,34440.91625368478
252413,29548,250496,31465,0.025974025974025976,0.03506493506493506,17279.022202100954,10070.985067486848,5617.231440730972,33588.18801612938,33889.86755757822,33286.95568380393
203511,25930,203833,25608,0.03220035778175313,0.03309481216457961,4824.744315956118,4654.7942999642955,5222.8105836281175,33040.55561434068,33451.21806592875,32790.07640141947
258065,28160,255886,30339,0.02275960170697013,0.041251778093883355,16915.826270820868,8987.367384708044,6686.931399954379,34423.11539675191,34384.053787049954,33872.61369430812
244567,28962,241989,31540,0.03375527426160337,0.03375527426160337,6275.85169363552,3958.7199368177166,6315.23584699713,32426.40781630347,32933.33490867514,33027.14384741192
229793,27256,226381,29655,0.027692307692307693,0.05384615384615385,5387.139232821788,4713.198657853846,5568.205155440993,33517.49453749096,33671.24671308406,33596.42584368815
175607,20642,173288,22961,0.026615969581749048,0.060836501901140684,10533.144968177328,10783.68640047475,8111.802850205784,34325.092507399204,34270.16794758546,33905.663281111316
226023,26986,223629,29380,0.028273809523809524,0.03125,9977.692816366089,7557.264688044168,5562.91951074767,32880.9015981338,32693.127083315612,32518.802710199194
239161,28128,235027,32262,0.02608695652173913,0.06086956521739131,9603.686931743727,6628.136704324409,6211.192344316808,33790.80326355269,33410.55032043003,32677.132615969957
228867,28182,227444,29605,0.03074670571010249,0.05124450951683748,8126.72815932007,6510.633624012608,5918.327455274223,32545.767648323068,32723.818016359055,31964.923362374207
286117,33108,285257,33968,0.02063106796116505,0.021237864077669904,5612.221117162068,3540.6236516815366,4617.774295477789,33854.6250478529,34053.294404263455,33204.57100824138
257697,28528,255660,30565,0.028901734104046242,0.020953757225433526,9744.543440212592,9029.770122290816,5322.0243140461525,35330.881090579125,35075.38944902651,34163.61123235414
217966,26070,216128,27908,0.02786377708978328,0.04643962848297214,6867.109311630097,8590.793799114688,5150.893122753396,35446.57597453444,34483.83547230969,34407.45761571503
243267,28174,242038,29403,0.035114503816793895,0.04580152671755725,8668.079109949274,5537.352485631506,6745.448318759431,33894.939127534446,34321.63829318623,33761.891317474525
266213,28636,261966,32883,0.014084507042253521,0.04295774647887324,12739.227646256204,12870.859240777047,5601.676051861487,33124.45057833335,34027.985486257385,33391.219851361624
250099,29742,245910,33931,0.02023121387283237,0.05491329479768786,14339.81380680902,5672.74579321002,5917.673802182473,33555.45853828729,33538.50150476578,33437.23106266503
258023,32498,256472,34049,0.040345821325648415,0.030979827089337175,6979.5345794227405,3560.5093378741644,4452.50220847624,34342.87984289424,34609.7825776524,33769.98099022929
217064,23036,213496,26604,0.020771513353115726,0.04673590504451038,8185.003601980718,6192.690488718504,6992.954191665695,32810.07521988709,33850.258468656124,33053.81882054309
233525,27596,232275,28846,0.017543859649122806,0.022328548644338118,19323.582085056565,9904.848427103325,6462.792387994449,34640.63917682381,34825.42536730495,34216.21749297871
258571,27654,255431,30794,0.016150740242261104,0.04441453566621804,8295.432118556588,4885.094563615845,6772.467612609734,33701.310049818974,33576.22444324574,33064.92273097242
211120,25076,210490,25706,0.02564102564102564,0.04304029304029304,4105.330483387658,3542.456459230473,4623.610432876154,34561.192085847986,34277.11303255924,33307.99915487749
293338,33846,291992,35192,0.024509803921568627,0.03676470588235294,10507.511679062945,6951.085440651622,6090.295298357967,33113.16079468778,33166.0002295752,33181.82548532253
297817,32808,296523,34102,0.01990632318501171,0.026932084309133488,5836.997024383718,6090.707011207925,5439.2736951344905,33551.93976367045,32835.39573106987,32960.48010172799
258231,32290,257101,33420,0.035526315789473684,0.028289473684210528,10733.81674894447,4475.816641367983,4598.209597535006,33292.1248437459,33341.75010396916,32740.936937958584
228627,26398,226076,28949,0.026595744680851064,0.034574468085106384,7208.975387602872,5774.490213801647,6287.97245800344,33356.55084810782,33320.035673087375,32673.848947089893
215410,24690,212795,27305,0.015734265734265736,0.032342657342657344,9705.982244660509,5127.212299749798,6772.791342972815,33760.714067384724,34288.349669395255,33987.81860839947
226129,26880,224784,28225,0.03145695364238411,0.042218543046357616,11537.180782698148,6309.618021101116,4941.597235462853,33001.61941615422,32605.880380484974,32407.934808359354
228165,26860,224523,28486,0.0249609984399376,0.030421216848673948,9320.078037855197,7870.153866274378,6917.920398025111,33734.112222610536,34228.41482487577,33687.81490001949
278667,29358,274344,33681,0.01680672268907563,0.03851540616246499,13963.623970232957,11575.132106762741,5037.639293977639,33277.614567738085,33521.85176425648,32724.656816069506
233862,28282,233787,28357,0.027777777777777776,0.029513888888888888,5802.872999543979,5780.94390395195,4731.2506346324435,32265.87227377428,32912.9960051947,32429.256195582064
286673,32552,284256,34969,0.03435114503816794,0.02544529262086514,6642.935799603683,3669.934842787766,4737.821718824321,33424.03757083078,33494.85192727603,33288.207942112545
262073,28448,261341,29180,0.021671826625386997,0.04489164086687306,10912.422920231944,6953.58663140483,5008.6676372727325,33395.21625583053,33096.22877724674,32607.41887212501
250672,28112,246156,32628,0.02606310013717421,0.03635116598079561,15496.62160885967,14790.53803404362,7827.985739924248,33759.00788695695,34263.80219153815,33738.52112096905
234756,29440,235460,28736,0.03365384615384615,0.04246794871794872,11268.912975847561,4787.232516814485,6017.089894153397,32909.01563498134,33495.41239335469,33029.72421455355
226179,24822,225928,25073,0.033928571428571426,0.04732142857142857,8287.507380273266,7860.8394086741155,6380.624346377038,33765.189086499646,34071.14672250561,33524.62657644292
231971,27110,229278,29803,0.020086083213773313,0.032281205164992825,9877.322899166664,8699.646662168623,5222.409113815396,32726.511368315718,32482.793805029207,32661.670931283043
225868,26136,224585,27419,0.01615508885298869,0.046849757673667204,8441.290493618351,4679.291216928725,5611.6282078631175,35351.754395281656,35386.716560713554,34325.4795475396
216842,23258,212947,27153,0.04725609756097561,0.04649390243902439,10772.891682414305,6261.419438136823,6822.36135333962,31652.53684954945,32815.18014341121,32110.937331272442
232145,26936,230678,28403,0.035897435897435895,0.05299145299145299,13270.604944574625,8881.154263414186,5747.758885755494,34784.02673109799,34489.82832764404,33395.36402538568
283330,32514,283268,32576,0.02529960053262317,0.02663115845539281,12663.98294869685,3585.904812146318,6478.69871304836,34293.64888828201,33961.878283650956,32964.77276299658
264223,30626,263005,31844,0.01858736059479554,0.04151177199504337,14144.30785449309,8694.836654927845,4969.183203385061,33677.921074287704,34171.0961515509,33669.526785662645
211401,25768,210468,26701,0.042662116040955635,0.028156996587030716,15199.622523270757,19135.117628371132,7536.4331977907505,31581.59511886247,32067.618581999403,32015.33723294279
202298,22378,201536,23140,0.019455252918287938,0.0311284046692607,13335.688132135048,4558.203122003477,6053.923643542598,33281.49386279223,34038.03608684421,33260.33055024249
240469,28892,239805,29556,0.02572347266881029,0.03376205787781351,11008.03005082686,2885.595770189925,5148.0337600242065,32446.912817083972,33163.27015631758,32954.64029812515
226026,25978,224251,27753,0.027463651050080775,0.03715670436187399,19882.694886715075,9644.064413902119,6092.1954474291515,32915.06883200929,32951.025125289016,31866.819135189646
261124,28320,259382,30062,0.013871374527112233,0.038461538461538464,12806.975039684481,5846.624462731069,5424.68307023888,33468.307914002115,33688.78434202259,32926.37764210268
233903,25178,229876,29205,0.035483870967741936,0.035483870967741936,10199.153679827677,6059.800835906254,5763.760264280457,31623.013304462544,31660.596572417966,31624.15375598526
256251,29974,253325,31831,0.026722925457102673,0.04781997187060478,3398.8104110167524,3162.122553302737,4260.707661631036,33924.11546944072,34173.69921320017,34049.569386872994
330122,39542,327462,42202,0.02464332036316472,0.051232166018158234,19837.64852855088,8667.918206467868,5670.685630184866,33188.736192309225,32974.404601954586,33022.27625639283
294569,31472,291345,34696,0.01700318809776833,0.03825717321997875,23530.522118890265,14752.166759854435,6959.4620137789525,34552.54896849932,34174.778537517006,33695.69104639676
231829,27252,230820,28261,0.015015015015015015,0.036036036036036036,15983.489571092749,6841.413862580169,4832.092728797547,32991.41050055589,33538.94481948136,32296.984285012288
233600,26500,231423,28677,0.03857566765578635,0.04154302670623145,10666.572379635656,5205.386366923543,7032.386273862802,33395.96236449549,33506.62791897928,33222.48847838359
178349,23252,178144,23457,0.03805496828752643,0.049682875264270614,13616.01492584432,5459.996049129946,4904.783236387745,33650.277718921345,34209.09016769082,33163.13385380637
237980,26216,236162,28034,0.023255813953488372,0.027616279069767442,17224.414965759315,11722.312538542381,5504.556104440672,33948.1030053184,33914.78180626762,34109.61348448956
274394,32522,272726,34190,0.026395939086294416,0.03553299492385787,11619.712693689971,10540.5137179993,8460.378125328973,32845.80869678449,32752.492845448432,32733.2805951596
252575,29386,252330,29631,0.02112676056338028,0.0528169014084507,14192.840791261755,8939.118246333772,5544.299594500633,33184.763431106425,33423.86341148415,33011.45901435742
252930,30094,250257,32767,0.028315946348733235,0.038748137108792845,10873.117154597398,10769.692423280772,5416.926226845923,34766.06243726303,34836.8239815691,34511.68280937012
280707,31774,277657,34824,0.026462395543175487,0.054317548746518104,9538.817213092567,8687.189261977632,4518.575018350709,33368.505524929235,33118.39049536109,32938.99164155899
258741,27484,255865,30360,0.015214384508990318,0.042185338865836794,6149.86942310557,4824.243120312512,5060.544657550449,32167.57014649122,32253.65162749783,32073.5916345341
273536,33380,273449,33467,0.021505376344086023,0.018145161290322582,4213.292178555195,5518.575153678753,5064.9953506553375,33667.740104227814,34597.30949824234,33586.21041585531
287170,33186,283343,37013,0.036470588235294116,0.051176470588235295,9615.434978921257,6648.949997197846,4685.512668919628,32969.37157026928,33102.80742410521,32364.882228230108
232021,27060,230879,28202,0.03106508875739645,0.047337278106508875,15707.876356128218,7180.240657469167,5276.540818673333,33071.078894771585,33486.085176401706,32967.38742765466
236278,27918,233636,30560,0.022606382978723406,0.03523936170212766,5972.104727337159,10191.741673508779,6482.52657151112,32111.430917091966,31966.780111653996,32195.67672802063
261862,29738,259872,31728,0.03597122302158273,0.050359712230215826,9015.438963126631,6314.919876821812,6474.906497292436,32734.57410116272,32966.405160777016,32836.618712758296
232636,25428,230316,27748,0.02936378466557912,0.03425774877650897,6581.954348278163,2432.753246822621,6333.233667650602,32687.973078208346,32941.21802032459,32773.51546861144
202631,22994,200142,25483,0.02529182879377432,0.04085603112840467,10617.46099266739,9368.73681721638,7171.6280796281735,33319.40117570033,33376.19576065269,32738.894399262867
240445,30996,237126,34315,0.020434227330779056,0.03639846743295019,9692.019133014364,5939.981158545005,5728.632429394048,34841.96055828714,35425.16790851618,34075.61505818605
265786,30150,262771,33165,0.014804845222072678,0.03566621803499327,19950.47876428602,8931.102580712115,7226.715712074098,33901.95671626492,34180.59469039286,33196.79573301858
214804,25296,210940,29160,0.02079722703639515,0.02772963604852686,17928.52481818755,8097.9650460602425,5647.873842846658,33878.78651086378,33971.75225223505,33825.34931164556
197524,21500,194266,24758,0.02018348623853211,0.022018348623853212,11143.701569015322,3463.095715946223,5828.535594729602,32199.921053460217,32428.725026849963,32322.609870483782
194236,24788,195043,23981,0.029288702928870293,0.04811715481171548,13499.122855617112,7074.260285461921,6353.092882073928,33261.25380413178,33522.137482547565,33268.62343950499
247762,26814,244851,29725,0.011940298507462687,0.026119402985074626,6107.196356872097,3359.45704654444,6338.208143450909,34653.4741762686,35252.97025769734,34371.32095961542
277719,32530,275578,34671,0.0280970625798212,0.05427841634738186,8469.395123870416,5035.217841858377,5591.963883754615,34000.175237959535,33934.9038485421,33698.9749893673
228672,25344,225851,28165,0.024806201550387597,0.03875968992248062,10903.27513551539,8311.704174665976,6158.754283219637,33148.96301689235,33640.62599727794,33679.89133503959
259188,30256,256985,32459,0.021613832853025938,0.032420749279538905,6729.6671216388895,7807.249783360111,5350.799554482373,32443.827702774204,32640.109966870106,33001.654298992915
230246,25790,228507,27529,0.03343949044585987,0.04060509554140127,13798.197946418008,6547.4599687667705,6096.894803303058,33816.35748073497,33605.38446335639,33044.07604066991
250583,29258,249050,30791,0.030428769017980636,0.027662517289073305,11922.782185488672,7520.242334419983,6563.211207704706,33435.319617767156,34473.57258800604,33814.34840968507
239839,27450,236651,30638,0.02457757296466974,0.05145929339477726,10485.685198660869,4479.445193020838,5097.503118185853,33812.581916014366,33476.52459302818,33094.87675475962
267921,31288,267010,32199,0.03686635944700461,0.019969278033794162,7452.959227189491,5525.206613776857,6007.246908498511,34303.90456155011,34517.6394681341,34443.63050588849
253164,29860,249388,33636,0.01871657754010695,0.051470588235294115,12660.872185104725,7644.1860355370245,5615.501710832589,31458.41224745192,31948.17503619315,31833.474119800925
232031,25018,229164,27885,0.012544802867383513,0.025985663082437275,16463.34834754703,6311.37293390047,6103.567989627831,33084.2121278784,34124.66408844564,33158.35980338456
184248,21868,181660,24456,0.027559055118110236,0.0531496062992126,12895.089437008995,5637.045460840462,5296.868457374746,32701.24855605288,33947.21830614705,32999.09955765607
244829,26612,241870,29571,0.02003338898163606,0.034223706176961605,13198.529748655177,5272.134625163245,6617.574524534232,33318.65573694889,34861.66672839,33283.49613415366
230503,28578,230912,28169,0.030100334448160536,0.03177257525083612,12568.58492265553,8914.784081631466,4434.843191857858,33730.652822103955,34632.57426029726,33772.0486145104
256863,29362,256377,29848,0.019877675840978593,0.03211009174311927,11103.006223125705,9445.05186463321,4835.71046412978,32180.47471985141,32149.495866769194,31572.529582338902
207873,23488,205647,25714,0.013282732447817837,0.03510436432637571,10401.831056756808,5213.082095455126,5292.5362317343215,33237.66315680635,33957.98309550424,32460.56687525517
229653,27396,228465,28584,0.019490254872563718,0.05772113943028486,9670.609680087551,8409.851329798861,5188.424362472743,32550.38328098437,33550.68962522947,33031.32736306784
238500,29824,235931,32393,0.017673048600883652,0.045655375552282766,7595.677884470161,6362.046374811068,5164.584142443112,34098.47223525872,34493.10689657458,33872.132454399456
256300,30996,255823,31473,0.018867924528301886,0.027576197387518143,3089.3315268027072,6024.409545280713,5424.3720745723695,32782.533603789445,33189.82176863739,32296.099395232253
198894,22006,196691,24209,0.030303030303030304,0.034511784511784514,17571.994748074478,10555.68931632082,6657.070961752657,33915.05641341407,34034.33409849525,32621.785394281316
