231989,27092,231331,27750,0.027247956403269755,0.03201634877384196,7191.51701399571,8669.671859582806,5356.895508489481,34809.812302698345,34599.76482224466,34262.75736215862
260387,32294,259063,33618,0.036986301369863014,0.0273972602739726,4905.281148213756,3290.8520821175202,5586.05505390015,32674.99540539328,33097.56235873234,32224.537188749837
255119,28970,253980,30109,0.022300469483568074,0.02464788732394366,11707.376183776363,7910.800441250305,6660.194327511109,32083.218944301563,32533.82117230067,32115.112055661455
264654,31282,264773,31163,0.01973001038421599,0.03842159916926272,4781.058517551837,15322.028056757494,8156.611855323761,34575.505880086,34433.85913848766,33717.73806281373
240466,29934,242106,28294,0.026525198938992044,0.04111405835543767,16054.627898016735,11840.553444002428,5452.376303123958,33203.10726610759,33345.68684604722,32773.13374127055
219686,24350,219146,24890,0.028112449799196786,0.02677376171352075,9379.435154629211,9055.588088766523,5901.114137269365,34249.65869906543,34070.29769517908,33452.071208594956
272558,29942,270686,31814,0.03170028818443804,0.04851104707012488,9693.979897402862,10001.121919633139,6939.06663908211,34477.097034061815,34272.58813826175,33824.60828826831
282533,32188,280586,34135,0.029914529914529916,0.03685897435897436,10015.537849937758,7297.044873356671,5843.643635176474,33437.224551916195,34039.831629145214,33341.01854376554
210225,25000,209100,26125,0.02406417112299465,0.02874331550802139,16130.801042650053,9287.938790515114,5448.042523614142,34882.40145174666,34550.898554564206,34572.92468632018
304104,34620,302933,35791,0.0344418052256532,0.0498812351543943,15042.632450908037,6711.445599022057,6873.037886169257,32292.031445336397,32561.029133535718,32335.149119850365
279434,29702,277306,31830,0.017101710171017102,0.039603960396039604,12675.782807554628,8100.668733929194,6491.66979080664,32877.993673543024,33118.07674566918,32731.647439011624
249906,28878,248092,30692,0.03348729792147806,0.04503464203233257,15059.582536000475,12569.23226712504,6413.066557357436,32609.611736234805,33023.70796110704,32901.49229451718
260570,28874,259294,30150,0.010727056019070322,0.037544696066746125,6379.0619377728735,10594.784979578473,6159.492466216021,34791.428924400425,34819.15105637033,33986.336606395154
291794,35390,289776,37408,0.035015447991761074,0.049948506694129764,10402.214918013173,8646.498629722528,7100.306458201963,33517.605660099165,33211.33155038608,33263.87983111762
230705,26344,228036,28000,0.01775147928994083,0.03254437869822485,10104.717207789541,9528.07464667061,5730.580725470629,33632.99956271328,33871.12559190982,33051.37266058847
204404,24080,205031,23453,0.022569444444444444,0.033854166666666664,4586.863571935594,8762.746490337126,6752.928488427226,33621.99386557865,33555.81894937719,33087.27649877905
210389,22900,207777,25512,0.014903129657228018,0.03576751117734724,21938.758198213865,16901.841797444697,7833.325738534012,32735.59300419401,32890.98290151295,33055.89876658381
230784,25252,227644,28392,0.032509752925877766,0.05201560468140442,14694.654303182666,8508.575668776442,6069.188145327126,34129.28688000532,33845.51188361268,33879.667845799675
247822,30962,247214,31570,0.033734939759036145,0.0463855421686747,12640.477801217445,7429.786566886999,7582.583733471842,32512.743549044684,33360.89830480118,33118.92213851192
254500,32796,254556,32740,0.019753086419753086,0.04691358024691358,7897.7462589031165,5515.07026286241,4379.480197593456,34707.86932669146,34701.43949893727,33988.75011485551
197606,23294,196695,24205,0.024311183144246355,0.03403565640194489,7614.626382575665,6790.899553224585,7166.290071187399,33663.30976802843,33893.569955438266,33303.33787885264
272134,28170,269901,30403,0.020042194092827006,0.0290084388185654,9865.470524938986,6782.10160226658,6327.57970152868,32704.107517899258,32764.746775199626,32106.42792175262
272197,33612,272896,32913,0.029661016949152543,0.057733050847457626,8544.778658603229,8127.233054957572,5516.912381012356,32386.391166865444,32456.294971467836,32639.170360831053
243008,31568,243364,31212,0.03663003663003663,0.045177045177045176,18193.25703268986,10001.653250448482,5957.975435933378,34233.76513914999,34655.59080856967,34511.06901654101
256676,30620,256695,30601,0.015950920245398775,0.02638036809815951,8708.443537442909,3804.2859930678023,5601.124653329869,33733.455550401246,33595.74212319327,33099.74827142139
262495,30186,259489,33192,0.018162393162393164,0.024572649572649572,17301.09422881619,5337.948715641921,5559.0603628938,33084.812024946994,33374.50704607062,33124.324110314825
252734,28166,249529,31371,0.0330188679245283,0.03891509433962264,3303.786910587625,9448.793698455818,5767.172383190035,33838.073790151255,33790.04370147729,33260.42753489356
219423,27586,218199,28810,0.03513174404015056,0.045796737766624844,13494.487675343991,7378.824317734644,7511.18161188915,33781.172573743024,33996.220947573565,33774.079603866834
219176,24860,216426,27610,0.011922503725782414,0.022354694485842028,12190.264476859906,3938.4729540743087,5452.690676891233,33827.65425409098,34452.01848901949,33630.629765149046
264020,29744,261482,32282,0.022919179734620022,0.03437876960193004,7910.645433787637,4975.352107248749,6044.896109605976,31663.214505182175,32170.66149747018,31497.075714708295
211229,23996,206938,28287,0.020771513353115726,0.04228486646884273,11777.886237798579,8185.284209934282,6468.011373836435,33775.384940424694,34844.32883805376,34122.378408997254
174531,19950,173400,21081,0.029411764705882353,0.026816608996539794,13564.497429664165,9952.336429904903,7545.835698767751,33864.92667192023,34781.108650818875,33882.038710528315
250373,31588,251675,30286,0.03,0.03888888888888889,11965.869263373621,12772.1644615682,7816.689509659379,32718.19864887109,33065.63042212987,33055.336336124274
215127,23994,212288,26833,0.047128129602356406,0.054491899852724596,6833.4860030297605,9346.46443703953,4293.138673415186,31361.744727381978,32291.129265568678,32062.488633751167
253353,30736,254721,29368,0.04046858359957402,0.03567625133120341,15470.819624749953,11358.339830540823,7960.248170134992,34137.32426777873,34203.32209041198,34419.66576236774
221686,24330,220159,25857,0.01920768307322929,0.035414165666266505,5751.593608773053,8552.686094790135,6702.011795435705,33559.428059612816,33824.57779065566,33172.46152361894
198528,22372,197310,23590,0.03159340659340659,0.040521978021978024,6335.562769204308,6870.871718334448,4965.1133842864065,33141.08415357954,32808.110565011484,32822.10211756114
265744,34560,265870,34434,0.030425963488843813,0.03803245436105477,12565.914358205626,5387.937726905229,7489.417063989098,31651.673106807768,32140.73427422327,32358.87536097513
256975,29250,254725,31500,0.03005780346820809,0.05317919075144509,15998.76716506821,12690.05185881266,8462.695218905399,32202.83315821744,32813.073594803645,32286.28405330442
249585,28144,250153,27576,0.015727391874180863,0.027522935779816515,5668.037149822834,7288.2065207332935,5457.5164854765335,33808.01114144307,34206.7177871838,33837.60723957632
249676,33348,249513,33511,0.039318479685452164,0.04062909567496723,11624.6288266227,10815.036229796584,9064.333525884234,32614.172322482245,33016.53865332559,32810.38551839224
218531,26494,216369,28656,0.0335195530726257,0.04748603351955307,6831.2808470959,7126.094021788343,5858.255045479094,35128.82457388689,35089.225737734414,34777.254423488936
229312,28752,228341,29723,0.026595744680851064,0.028590425531914893,9055.098317455617,10573.80931333189,5715.515382249473,32162.783546278548,32863.72001812592,32438.397155319315
232816,27284,231081,29019,0.01591187270501836,0.0397796817625459,8383.753879853872,10776.537634166518,6139.67118450723,33706.19672144492,34059.4525086134,33438.95207835337
185552,22384,186110,21826,0.02190923317683881,0.027386541471048513,14591.694493927478,11986.918218987817,7716.056135564227,32087.42243374603,32373.29550168336,32145.615537955022
214389,24732,213667,25454,0.024193548387096774,0.03467741935483871,24790.757539264167,4953.214096892258,6446.270527541929,31414.747443040458,32054.92116098571,31706.31513435614
226978,31086,228219,29845,0.019417475728155338,0.038295577130528585,11056.923669024733,6906.619765881304,6511.592743642304,32016.566291384268,32304.594653080727,31903.76316906779
254173,29916,254176,29913,0.035227272727272725,0.03920454545454546,10137.018688841355,11684.080599586725,7932.66920345618,33993.990517021,34466.43118819292,33985.33820670856
279351,33130,277798,34683,0.01834862385321101,0.02490170380078637,5497.553818267492,10204.355275872935,6326.270914358836,31232.20226126907,32101.16948534446,31898.603423471344
217329,25720,217336,25713,0.02664796633941094,0.02314165497896213,13399.248665438516,4239.835487208759,8702.475022984578,33262.440925721785,33763.41680904181,32954.45259123999
270905,32696,272194,31407,0.015940488841657812,0.03772582359192349,14621.789850727197,11432.014909302126,6778.625296551388,34026.83353827219,33951.98452045747,33810.39106773441
219378,28626,218755,29249,0.04225352112676056,0.046094750320102434,14216.57280066032,9692.277440236528,6589.146646267768,33597.66773093966,34053.49658787589,33615.93774522754
214863,26218,213879,27202,0.0291005291005291,0.05489417989417989,6734.788160633685,8166.650313000241,5107.659614409596,33725.72925318151,33940.88696596144,33456.71820540927
265614,30322,267199,28737,0.027466937945066123,0.031027466937945065,11746.916615618415,8142.133537311343,7762.797347766227,33905.38106638994,34083.07661255404,33323.049877399615
266043,28806,263273,31576,0.023991275899672846,0.05507088331515812,7371.24006098225,7810.602169672604,6593.306972749438,33395.20178211545,34308.58834995122,33699.83543721717
215765,27284,215362,27687,0.02702702702702703,0.03982930298719772,9061.947373829436,8564.089042698295,7128.732134372576,32964.273652291304,33335.805572638084,32901.4004107868
235264,26880,233069,29075,0.02861035422343324,0.05790190735694823,12116.820399827699,8565.148981693386,7315.751058763223,32699.53679396512,32800.030207700634,32133.06725557251
194224,22932,192979,24177,0.026687598116169546,0.033751962323390894,18574.533245148486,12908.57449442416,7268.793549213304,32871.628377106535,32789.257308983826,32761.453198238498
229510,24506,225723,28293,0.015625,0.024088541666666668,16717.565212567813,17843.59523393617,5520.511914846743,32276.1453354349,32886.66519924496,32180.02409828481
205042,25358,204020,26380,0.01664145234493192,0.02723146747352496,10523.130290935766,2964.863130160296,6751.386925691831,32376.168729848207,32926.87897415762,31833.864649409457
212515,24654,211782,25387,0.01881331403762663,0.027496382054992764,8116.379580744309,7553.990616378583,6610.540450002235,33895.022080685994,33968.40186093465,34105.61514815152
177889,21920,175892,23917,0.02090032154340836,0.0297427652733119,9449.770301584063,12107.728838095372,6087.777425329321,34708.39333806649,35927.50740484524,34976.83209565851
247515,30214,246898,30831,0.016643550624133148,0.04230235783633842,13913.244298661148,4708.367884351427,6130.654876120619,34476.55615012268,33544.595331261306,33959.893553158676
242090,28310,241886,28514,0.0195822454308094,0.038511749347258484,17115.883753675203,4911.753562837328,6773.960644727498,33553.23465253911,33285.368978250495,33181.375108990345
236054,26090,233456,28688,0.015306122448979591,0.029974489795918366,16496.1449060904,9748.581261467905,6262.745822065617,34040.61872976262,34568.87616738774,34226.32120096809
242719,28722,241682,29759,0.021711366538952746,0.034482758620689655,10054.988088548595,13506.38460217076,6373.339503673795,34859.53772055732,34397.84576457984,33314.32963078611
259332,30112,256280,33164,0.02802547770700637,0.04394904458598726,8264.988810550565,6559.928352223693,4741.882399075895,31686.373231079117,31917.405135490008,31758.1067355999
288393,33096,283685,37804,0.029069767441860465,0.0436046511627907,6039.454323049034,4438.318545495239,4894.265843220843,34099.13881408603,34380.169039149456,33722.964594287376
196242,26542,196014,26770,0.0296875,0.04453125,6559.359178299019,5667.958832838391,5615.791808019082,34190.91989695407,33929.86490989784,33714.547793268386
262029,30652,260596,32085,0.029447852760736196,0.04478527607361963,12305.534859947098,7687.248434244376,7337.067020651524,34324.36202036109,33965.48115291388,33325.69266404449
217413,23668,215996,25085,0.022919179734620022,0.031363088057901084,10960.76741811732,6030.428853651717,5837.541451053301,34280.130570051704,33991.30511658227,33892.32984427228
223304,26696,225013,24987,0.02937062937062937,0.032867132867132866,6020.970460000275,7408.314664234418,5429.499374973252,32331.691624682582,32706.797126040674,32354.655618037505
231234,26830,231623,26441,0.02332814930015552,0.026438569206842923,10544.648599985218,6336.89985702329,5509.484967302588,33230.42608370877,34042.139188589055,33322.44234421466
235110,27034,232861,29283,0.013568521031207599,0.042740841248303935,12081.35455035471,5085.183544849781,5661.995791666108,32494.004589345197,33377.07929042034,32557.53556674649
227385,27640,224894,30131,0.024844720496894408,0.03804347826086957,14856.360204149121,8234.881275911663,6818.260744795624,34203.470134038434,34043.50216425649,33749.75196158339
232596,27504,232592,27508,0.0199468085106383,0.02992021276595745,13050.77543503563,7277.983888249147,4913.829737817892,33205.9818474757,33510.37325912756,33400.655028548215
257932,31512,258634,30810,0.02576112412177986,0.02576112412177986,16180.820340869015,19693.56503567684,7167.7649166592955,33051.034709996726,33874.25698181208,33116.355001438744
249941,29900,250504,29337,0.025031289111389236,0.02753441802252816,17835.27470651827,7462.593533370702,5452.183926260572,33025.094547626584,32881.32920209461,32029.672116453436
248258,28418,246125,30551,0.03506907545164718,0.035600425079702444,5061.300987147315,7425.7961468698895,5154.100728786977,32429.384991328912,32925.80784872323,32407.134055767012
269712,32788,268709,33791,0.03493975903614458,0.046987951807228916,14382.085928278297,6876.6848625098455,6602.170828300077,34048.311425482716,33919.76416570081,33499.75814987821
266258,29678,263907,32029,0.02871410736579276,0.04244694132334582,19650.436246730806,7629.489687615736,6189.899736049863,35292.32378206502,35496.52669408027,34824.72390399321
250344,32680,251580,31444,0.032511210762331835,0.05044843049327354,9464.059754351776,7403.210238507792,6727.350310595521,34072.30052774949,34206.5978491681,33844.91446332592
209460,22864,208879,23445,0.012,0.025333333333333333,30958.07306420563,8050.369716065016,6389.188973469548,33307.49286518233,33362.556860663644,33624.371096527015
226553,26456,228109,24900,0.026722925457102673,0.02180028129395218,16720.573898707353,10821.349664041156,7236.156554943814,33373.91540629912,34124.21582167266,33293.592499393715
230136,29964,228821,31279,0.02009456264775414,0.034278959810874705,4041.5763171237245,6164.068828180442,5733.019207622024,32117.66167107529,32389.032175348766,32955.7612771063
227932,28104,228288,27748,0.020463847203274217,0.03137789904502047,6455.461976708239,2954.5629179559896,5521.95399814942,33912.30271315663,34681.408336265515,34268.26391356178
226804,25200,225302,26702,0.022458628841607566,0.03250591016548463,11221.49712915688,10806.930270234167,7363.604058324499,31994.094208958504,32759.16441634727,31835.23593862137
218594,25442,215325,28711,0.03644314868804665,0.04664723032069971,14442.080277508534,8820.718359302415,6763.155913489495,31655.21980181957,31914.976018168483,32053.86924497887
257419,30950,255728,32641,0.02043010752688172,0.05053763440860215,11822.119795667799,10421.761646735866,8002.763465951199,35451.067560273295,35832.49333462809,34602.39563027288
265879,31146,261681,35344,0.02871410736579276,0.035580524344569285,5541.512459804128,4392.310663718342,6205.6666957083335,32063.36869217975,32618.758439527763,31714.506025578492
273665,34360,273574,34451,0.03048065650644783,0.047479484173505275,8963.4477990602,15332.03435017713,6436.530430329331,33149.641803148224,33406.504144561826,33576.49822855807
193801,22424,192475,23750,0.032640949554896145,0.04302670623145401,8113.323268998042,5335.067124934926,5048.329175901536,33128.223666202044,33615.00983717809,32581.237454490376
277347,35134,277227,35254,0.0198744769874477,0.02981171548117155,11275.369585740384,8667.326366927642,7166.809114874547,32782.89301852508,33000.04270545671,32245.816168755115
191205,19476,188185,22496,0.017783857729138167,0.03283173734610123,7804.800608281799,7327.4429421290015,6940.337166409965,33627.578145533,33432.85123860286,33285.465134160186
289978,37206,290336,36848,0.025390625,0.0341796875,13314.015876479702,7029.151988471916,7552.803076932451,33345.894560039385,33628.04694919399,32987.01738699304
263281,29400,259487,33194,0.01871657754010695,0.05414438502673797,21302.248001696204,11540.538359739769,7511.21970393362,32965.829617493575,32935.9934624349,32975.73839469746
219847,25178,220739,24286,0.014833127317676144,0.027194066749072928,8312.737264275602,7378.257197410669,6466.594251460022,32048.835339260055,33107.52527781901,32409.770916078876
245356,27128,243601,28883,0.023316062176165803,0.033031088082901554,20763.429791889128,14023.101920431309,7173.393557793959,32481.289960976403,33026.38307244745,32504.342147448588
270733,30668,270146,31255,0.02262443438914027,0.03619909502262444,8920.669316991294,11510.77598437934,5542.90928491682,33846.90730282305,33950.09175277514,33296.190102702356
240869,26420,240580,26709,0.014823261117445839,0.029076396807297605,14189.603464140557,10507.581801862647,6392.317671661219,32697.92860004931,32817.764425938054,31908.30145963616
276844,32292,276765,32371,0.023622047244094488,0.03937007874015748,15882.234182020693,10991.492640415669,8085.9240576000275,32263.812102338503,32356.34646975909,32094.856601156123
194452,22704,194380,22776,0.014416775884665793,0.019659239842726082,7128.394612627718,4091.8526064656207,5114.423688187787,35046.83414393332,35563.37642054211,34703.409207036966
240148,28176,239036,29288,0.022277227722772276,0.03650990099009901,8684.042914260728,5954.362371449929,5922.42403709169,33154.32872847104,33545.61669612929,33225.00244645369
291397,34644,288583,37458,0.025050100200400802,0.034569138276553106,16655.647502899563,13308.916580943403,5740.031327511441,31629.934423467508,31715.232686492724,31527.569824673617
218893,26132,217531,27494,0.023743016759776536,0.03840782122905028,4824.975523432983,6623.637890722053,6792.04946204671,33956.86945262935,34101.03179289482,33957.80114539121
258916,30528,257814,31630,0.0389908256880734,0.04529816513761468,7007.082104861191,6522.077382817856,5696.673552768699,32568.12745423858,33031.803154131856,32797.2863815523
228115,26910,227355,27670,0.023952095808383235,0.037125748502994015,7041.671967539905,6363.491290307829,5349.148840501307,32307.305875016158,32004.84831746591,32091.422037634522
238674,27582,237672,28584,0.028023598820058997,0.03466076696165192,10539.01117666684,15322.827894690585,6306.680108143705,34340.2939330238,34923.32103035508,34069.852097432246
279538,29598,276983,32153,0.013546798029556651,0.03633004926108374,23293.34334244831,3728.1651112601244,8316.418275213144,34240.350957546674,33945.5290098521,33603.41525793359
262829,32020,263708,31141,0.02434077079107505,0.029918864097363083,10714.531949878814,6351.644638691589,5823.36798575594,32935.39958979136,34446.168132666004,33078.812757875705
221948,26056,220129,27875,0.029224904701397714,0.04193138500635324,15186.926803497274,10250.003954594691,6223.347535899503,33561.42474659666,33660.66741251123,33289.65384830773
243575,27866,239453,31988,0.01674641148325359,0.03827751196172249,11969.462178285006,4264.04707703313,5576.330940803108,32224.102979548825,32767.731826964355,32001.355999431067
243122,27278,239836,30564,0.016901408450704224,0.0323943661971831,2869.533650099634,12289.534215625952,5292.654228563352,31963.45291805868,33439.848679958224,32266.755959845308
260577,32104,262142,30539,0.03547671840354767,0.04379157427937916,11278.339952905057,10027.156347897264,5854.062147676725,32644.048871092593,32539.544999585356,32132.642191715433
293489,34840,293939,34390,0.01899335232668566,0.03513770180436847,13152.912462137825,9311.198377029945,6324.90879043782,34040.65830219695,34406.41419088348,33337.166384587064
269063,30146,268705,30504,0.02959183673469388,0.03214285714285714,10888.759150532718,3938.750381659284,6382.232980476774,33398.12188004977,34262.945608907874,32887.73004156086
200619,25006,201298,24327,0.03741007194244604,0.05539568345323741,22594.306029084113,9343.468560755035,8075.853696541507,32981.82165728082,33444.39563886216,32643.00938354331
266960,31156,265099,33017,0.024896265560165973,0.03008298755186722,8853.726307934494,5237.750072230691,6362.938027289833,34193.72002509131,34790.62946719128,34311.17615209894
227090,26926,225963,28053,0.026509572901325478,0.039764359351988215,8120.561589930239,8896.771133914777,6067.776194380135,32858.09364471565,32416.170082009266,32425.752572019323
224648,25352,223047,26953,0.030226700251889168,0.039672544080604534,11739.116021252119,13074.4920886889,8284.709034093983,32918.341070052484,33240.0523994829,32304.170546270456
288842,38342,291875,35309,0.025871766029246346,0.03993250843644545,4798.893436193919,8972.302083364759,6027.613257896052,33185.427705274415,33354.333855800636,33416.847098692786
218719,24330,215446,27603,0.027510316368638238,0.04951856946354883,6465.7946076657,4187.298424784075,5876.154408147393,32101.835547499984,33148.63209046603,32089.076192845267
210305,24920,209049,26176,0.017218543046357615,0.030463576158940398,12608.353384481032,10493.549504922166,9315.672435947154,32485.351365747865,32776.65120744527,32197.165476821225
214681,22488,212485,24684,0.02483660130718954,0.0392156862745098,11481.457150365653,9089.839769629152,6937.025936667577,32593.64697449401,33008.1831376913,33486.54967604927
208430,23894,208312,24012,0.027298850574712645,0.028735632183908046,10091.48755471312,10880.209933370988,6307.565907832026,32630.32042101099,32629.9103588891,32010.642838821386
237201,28024,236281,28944,0.027428571428571427,0.029714285714285714,9753.374642942634,10113.91307017274,7178.175802901097,33034.45463377392,33784.76656376655,33064.70772700527
273046,29454,270262,32238,0.022660098522167486,0.03399014778325123,15665.735111798404,10449.450304330154,6214.69368685952,31840.961677327952,32503.341900852294,31981.60081905745
221223,25786,218708,28301,0.02188782489740082,0.024623803009575923,8196.10594317409,8602.747850138105,5837.364487432062,33590.44113629216,33538.67505929499,33195.06872382939
236065,27104,234867,28302,0.02168021680216802,0.03590785907859079,6504.608028900751,5753.603396262334,7140.75678692173,33294.73853958757,33928.038467550454,33254.55182870555
280541,34180,280073,34648,0.02932551319648094,0.050342130987292275,10253.576194818343,7473.2311153913615,6210.56429385404,31750.681260608824,32015.808968648565,31932.852428963793
190831,23538,189966,24403,0.01644736842105263,0.039473684210526314,9007.487979709906,5150.514430614449,5577.918481624567,33610.27604364688,33734.1118560366,32650.856781002283
248097,25432,244716,28813,0.014473684210526316,0.03355263157894737,12197.918422134508,6909.185200504365,5711.768949290523,32440.671384011526,32325.491041508914,31967.279286682915
269226,31078,265741,34563,0.018369690011481057,0.04247990815154994,6122.264781065091,9439.427804556957,5507.830760894223,31655.792680100396,32662.230344924454,31819.46158184719
252741,29220,250878,31083,0.021505376344086023,0.03763440860215054,11407.095588463604,3749.6542666797563,6019.817607340807,33775.59691595028,34108.07493922762,33251.62068571368
205848,22636,205833,22651,0.024285714285714285,0.03428571428571429,18928.316013365496,9987.187752394031,6313.07752818691,31429.26349672297,32210.04336336221,31980.991034942548
225229,25772,223423,27578,0.01957831325301205,0.021837349397590362,2461.899037761231,8196.004995391351,5076.791075300309,32458.19474988365,32502.477895841705,32256.79622582772
265769,33440,265815,33394,0.028182701652089408,0.04956268221574344,9574.558162204434,10174.734583720006,6857.150946961844,33278.689329770554,33573.7752776293,32617.83474059191
212047,25122,211788,25381,0.015299026425591099,0.030598052851182198,5961.089513173961,8848.360379341226,8012.293204993195,35164.65583166156,35261.733776277106,35083.39742407621
243732,28752,241553,30931,0.023148148148148147,0.036265432098765434,13427.260388170804,9197.457156768307,5383.501568587301,32817.08886630754,33480.99369498026,32932.69568819291
243366,29118,244186,28298,0.03741935483870968,0.02838709677419355,12440.134058482223,9532.860338069353,6459.801955782282,33864.98631688296,34380.07082332956,33660.47306425533
231659,27422,228423,30658,0.031017369727047148,0.04218362282878412,12116.50584714043,8173.160043166467,6401.898812038333,33053.732386378426,33144.3122863762,32610.068899937683
191677,22692,188796,25573,0.026986506746626688,0.021739130434782608,9975.685538010504,4543.380926775172,6281.57641710646,33908.499042998636,33632.68372725125,33978.08648564773
229499,27550,230270,26779,0.031788079470198675,0.03245033112582781,10677.041575919371,7045.074098543311,6333.525662008885,32804.007333575035,33263.204775266524,32571.35858854007
225658,24342,223864,26136,0.0160857908847185,0.036193029490616625,9480.472412865447,4947.394155029989,7178.407305876521,33437.853357554835,34196.55256747891,33359.551308276
235155,28014,234728,28441,0.028795811518324606,0.03337696335078534,12766.865293035575,3601.1113633272116,5999.5940441132525,33675.90943248679,33573.104026940775,33923.90342111293
221943,27058,224708,24293,0.02832512315270936,0.03263546798029557,14498.836122745053,8984.423534539106,5891.194895668649,33911.6597006391,34688.59356235578,34064.567324910626
219140,24896,217625,26411,0.0297029702970297,0.0297029702970297,9382.955715333643,12107.132542952575,5946.497288719136,32997.73840912972,34689.28913340733,33442.00573581946
254756,30400,250991,33098,0.033012379642365884,0.04951856946354883,12250.008461014513,6265.094105224057,5729.874152916757,32897.87562370886,33315.048364283735,32278.95619811332
277888,31248,274850,34286,0.013303769401330377,0.03991130820399113,10243.854259343236,5003.1168684486365,6517.889555713243,32635.66307089263,33915.02328981064,32342.236406552933
229721,27328,229394,27655,0.01164294954721863,0.028460543337645538,4257.492514557626,6614.30898660251,6332.546986861191,31934.763492058817,32444.705223446446,32146.67924387782
232166,27934,231069,29031,0.016069221260815822,0.029666254635352288,5586.954442933153,3787.0876070520776,6209.325443965145,32873.240916055496,33116.29405120474,32665.882872454767
236616,31708,234913,33411,0.03238341968911917,0.06865284974093264,8215.403344112392,5613.87335174664,5933.643474122252,33979.46320694328,34013.130193534285,33978.469182342844
286022,32074,284993,33103,0.0281214848143982,0.03655793025871766,10559.043785050651,9977.153522125422,7555.727714739291,32814.82024940162,32740.745835080736,32930.128407129225
211930,22326,209482,24774,0.024539877300613498,0.03680981595092025,13233.759782555257,7575.945611066519,8376.473308398596,33554.9777412517,33783.199242195835,33518.5194137663
220871,24154,217913,27112,0.015552099533437015,0.049766718506998445,6221.002399438794,8384.674222399319,6561.972765264278,35012.31637746976,34602.05483118963,34413.23274556554
260208,29236,258498,30946,0.0313588850174216,0.03774680603948897,15338.349241888725,8839.824284319664,7348.859302849925,33762.64607493481,33829.86024200935,33616.42645492272
222064,27936,222002,27998,0.019736842105263157,0.0375,25066.779699974926,7976.864898814924,6744.282459633084,33999.23219881874,32880.4494071643,33201.1589211291
231332,28768,230456,29644,0.018475750577367205,0.037528868360277134,13286.515570461013,5338.3979440307985,5212.656999685806,34007.31066698744,34388.73288016844,33213.800727717804
235162,29034,235128,29068,0.02736318407960199,0.033582089552238806,14189.873712102066,7082.141512420129,6529.790388819301,34627.59165490423,34737.91699947795,34475.407734064494
186560,23204,187955,21809,0.0297029702970297,0.04031117397454031,6940.515421433647,7075.479849628437,6930.845885732566,33772.00641330311,33629.22552985885,33724.22774172688
216244,23856,214386,25714,0.01948051948051948,0.044805194805194806,6722.761540740105,9154.242562720667,6134.925577663575,33635.18861371549,33666.42395975877,33365.66132072948
236047,27122,234440,28729,0.023282887077997673,0.02910360884749709,12877.279544644223,7394.383442022878,6582.461356285207,33727.62347637123,34036.43113194651,33193.59826106234
246894,27682,244817,29759,0.026341463414634145,0.02829268292682927,4466.512390701967,4417.403795934529,5086.747799979898,33039.25666399016,34062.99712956898,32978.27128818947
229921,25104,227740,27285,0.020618556701030927,0.024627720504009163,3691.8277022518573,1996.2388046737678,5196.712750900844,32549.983370196456,32879.99646544809,32233.596202600773
240449,26840,239358,27931,0.024050632911392405,0.03354430379746835,5841.310614030416,11420.964083665276,7207.749999122775,33592.836404579975,34106.1493713172,32657.34956182352
261480,32284,259854,33910,0.027180067950169876,0.04077010192525481,9514.89353295199,9024.016585406773,6341.2823369061525,34112.966923535656,34551.268578814976,34188.33359587664
276079,29730,271819,33990,0.02002002002002002,0.04604604604604605,15324.810976768267,8259.010239803947,6514.340633382916,31844.281361022462,31708.797546678663,32222.030373695434
252737,29224,249572,32389,0.03512396694214876,0.03925619834710744,6849.11202530735,4528.655641137521,6123.301950491796,33851.84481242494,34748.44065185838,33959.21608768766
222369,28632,221348,29653,0.0273972602739726,0.05273972602739726,10287.689681523127,5044.709948299371,5251.719882196567,34388.59515713482,34820.35267461749,34209.19843851641
197920,21104,196360,22664,0.017973856209150325,0.03104575163398693,10322.345760953382,11471.888529528362,6235.183386428935,33168.312370232634,33389.29674842594,33548.95304046278
236981,28244,234753,30472,0.0359375,0.05625,7398.219168714257,6271.763011544083,6589.587720052691,30973.851384911773,32125.938633754948,31555.102889454367
248697,26928,244078,31547,0.03308823529411765,0.03860294117647059,9143.58468767836,5911.963778769451,5398.184889487054,33563.948779181264,33540.851277793765,32812.69829676102
234502,27642,232535,29609,0.025974025974025976,0.043683589138134596,14658.167732958438,9480.368750844042,8002.522441434163,33455.81083122631,33390.2806514637,33421.540788450686
270791,32810,269930,33671,0.03489640130861505,0.0430752453653217,9912.698055816436,8550.356900833953,6690.742565404276,34328.631414417985,34493.000358544334,33316.31766344112
217377,21744,215717,23404,0.011789924973204717,0.026259378349410504,17693.48101859497,9359.159035875704,7863.634073120989,33994.8620035782,33435.64987794871,33111.89994194211
241600,28800,240653,29747,0.03479381443298969,0.04832474226804124,12323.560989925663,9330.519311950977,4863.470967481503,33079.19383902042,33546.77695635062,33053.88616278411
269315,32086,268283,33118,0.02540650406504065,0.04573170731707317,9071.951567892516,5411.615590494549,5166.03835572296,34514.5481096592,34437.64816821314,34042.76137323284
252073,27768,248637,31204,0.02857142857142857,0.030952380952380953,5463.30862439533,2150.8951352187432,4544.578146823823,34374.64008529056,34661.67336961553,34265.63345862673
260514,33250,259072,34692,0.0308839190628328,0.0516506922257721,9139.381832480574,4603.160401272253,7816.070381642764,33042.10574247498,33556.39627414139,32481.559092195104
270489,30912,267338,34063,0.01958762886597938,0.03711340206185567,9942.91565300519,4490.1425500950545,6735.70453707093,32033.957222885383,31755.332973424236,31957.916666055153
197845,23996,196793,25048,0.021666666666666667,0.04083333333333333,7933.051510662435,6976.261791517865,7355.711761886757,32909.86119796508,33101.348673140106,33479.81635430222
227990,28046,227176,28860,0.022280471821756225,0.03014416775884666,8616.861247208575,6518.076457089975,7258.3321428036825,34607.55208003908,34475.92808152779,34097.78376181695
253442,29582,250975,32049,0.02349869451697128,0.047650130548302874,8222.017419223706,6594.857433952922,5687.701110595679,33141.651655712536,33856.89625896437,33605.03198784453
238951,26274,237257,27968,0.023809523809523808,0.03571428571428571,4369.417048343364,4309.041488727857,6489.71552294371,33454.90994439427,34234.91734328584,33547.229890672636
249269,28460,248370,29359,0.02132701421800948,0.02428909952606635,15645.386842754744,11753.432235249886,6354.814037544571,32729.180969249675,32658.81970590521,32861.36688007799
247813,27812,246013,29612,0.03163686382393398,0.030261348005502064,22458.290049409345,4977.159745000452,5626.599210976724,33145.64848326719,33524.71741942944,32745.118219412965
253154,29870,250792,32232,0.026515151515151516,0.05113636363636364,8435.610086203993,4722.475350306786,5633.155648503495,33269.65767197453,33169.4708097642,33183.15404935346
194031,24058,194526,23563,0.02900763358778626,0.025954198473282442,13514.14592356171,5036.8694563418085,5994.004610046181,33194.25642461664,32802.85058459989,33226.08145081821
252079,27762,247853,31988,0.01875,0.0453125,7325.552413260477,7715.369423151882,6852.174123489416,33451.48229442148,33316.221071394524,32925.96634364177
247583,25946,244986,28543,0.017496635262449527,0.03230148048452221,19757.402261671647,11503.485753769157,5771.865089300545,34341.491720833474,34161.4029237444,33763.18756381886
216999,28026,214367,30658,0.04632152588555858,0.042915531335149866,11437.594270546671,5611.7952216792655,5490.667124439154,34492.087938913195,34653.920238651146,34653.919079547195
221448,26556,220645,27359,0.022354694485842028,0.023099850968703428,25312.683021142257,10793.700274130964,7905.361682841098,32543.84217183818,33250.01887929129,32353.89767589864
211791,23434,209810,25415,0.03506493506493506,0.032467532467532464,9241.640411404973,12624.848665948091,6725.806208709973,32622.749263685382,32918.40278708858,32689.03250478312
224018,27986,223779,28225,0.036535859269282815,0.04262516914749662,15224.83739021756,6309.99297048845,5619.360444188053,33397.11467630958,33866.04549465812,33211.44495979815
245430,29146,243645,30931,0.022988505747126436,0.04482758620689655,5876.902214360112,8773.690422719297,6467.879442245922,32116.15260135528,31906.108296253045,31729.592043528188
246491,29134,244121,31504,0.02211874272409779,0.06053550640279395,6383.420665298938,8997.704076845104,5654.412359224913,32157.201991325855,33397.29398167433,32178.25836116294
218114,23950,215519,26545,0.026455026455026454,0.026455026455026454,11359.140999441286,8004.19567674103,7713.692925578414,32677.427205813583,33052.5454382534,32749.543596853455
235603,23478,231871,27210,0.023696682464454975,0.03909952606635071,13890.6767982387,6223.953931180383,8059.937586170705,33679.38088390041,33745.22922151197,33244.4895835016
260530,31070,259845,31755,0.019744483159117306,0.03368176538908246,7102.441152648143,8228.685544877202,5841.024148785276,33679.32579319161,33317.70991413993,33314.13585155582
220645,28356,219968,29033,0.048,0.048,15032.88064241835,6790.793401925454,6816.469347727989,33802.29621063912,33646.70197758479,33529.11057441199
230584,25452,228221,27815,0.02763819095477387,0.03768844221105527,15470.966723196585,7175.7760564016,7228.664958360614,33219.108417667536,33664.964346309935,32795.590760359366
205287,24154,205963,23478,0.005383580080753701,0.03566621803499327,8492.201984277406,5418.610193144671,6425.601920972499,32370.54623365783,32266.923270117557,32592.83982396664
206772,25552,209149,23175,0.027308192457737322,0.03901170351105332,21259.537379450274,14641.586293993003,7166.93974872935,33614.48976797986,33971.98953988021,33202.862264842275
259221,29148,257229,31140,0.02466367713004484,0.03139013452914798,21789.826025282437,16183.296296572746,6907.6240409978645,33960.055562636175,33891.41024286079,33611.35776406294
209276,23048,207620,24704,0.014263074484944533,0.028526148969889066,8007.471616372688,9830.265835397835,6263.010388139802,34149.673882945346,34523.6778171202,33935.28527231702
232521,26560,231819,27262,0.022020725388601035,0.05116580310880829,5105.6385873959825,4127.669398023234,7045.283167598242,34032.55072770433,34202.68320576301,33808.569399267784
258078,27078,253172,31984,0.014527845036319613,0.030871670702179176,10622.95502064696,5597.958254078744,7123.871046525239,32988.4420782339,33628.76060573577,33286.36437614738
266730,31386,263518,34598,0.02187120291616039,0.040097205346294046,11227.848643115725,8328.488036659204,5380.302174919314,34083.24115789727,34449.623420721604,33701.25005556676
211178,25018,209186,27010,0.027548209366391185,0.040633608815427,6121.845558154513,6023.457971943066,6343.951565727684,32082.811215462927,32131.3571611524,31881.616140990816
240281,27008,238295,28994,0.03155006858710562,0.03497942386831276,16308.939464074121,8675.54809497194,5224.155231557891,33746.33351634057,33972.22209923592,33304.12762615801
243168,29316,242586,29898,0.02127659574468085,0.03856382978723404,9323.397392849523,8891.068474979294,6218.97346209203,33010.422510806944,32637.03994387474,32561.105957604566
223092,26908,223307,26693,0.015294117647058824,0.03823529411764706,14115.680260633448,6388.230105936946,6412.460142359321,34939.76261763891,35433.61735076463,34698.52658177169
223283,23726,220448,26561,0.029449423815621,0.04289372599231754,8802.95881141398,7958.113139137786,6616.661940442325,32057.329397095553,33509.058762398294,32541.502109264824
206151,23290,204696,24745,0.02643171806167401,0.0513950073421439,8592.5521373479,7165.744868572196,5523.179578614339,31792.753357201105,31273.341541755475,31811.786888933508
284480,33616,282305,35791,0.030451866404715127,0.039783889980353634,4955.559653271063,4746.481058540363,4879.081431348072,35355.457978652754,35073.5105127658,34429.26949094177
254493,29596,254041,30048,0.026260504201680673,0.026260504201680673,17407.435641190925,13200.652940215623,7309.838930582888,32874.68615884165,33051.20948628345,32955.838942062925
209018,23306,208599,23725,0.030303030303030304,0.05027548209366391,14578.758879626832,7291.082755555714,6625.96894545467,33109.5904817721,33084.12605919506,32915.53444882611
250226,30674,252740,28160,0.017369727047146403,0.034739454094292806,6835.216020757481,4949.3966987710755,5590.725485650924,33159.22343709545,34361.050474179276,32965.938760742814
235653,27516,235722,27447,0.02937576499388005,0.03916768665850673,7236.711034896711,2887.2798514288534,5531.532360619433,33185.04133200932,34648.82719516037,33491.10467418823
221350,26654,220991,27013,0.03058103975535168,0.03134556574923547,5314.296144845267,3612.9734996436773,5259.941387952026,33012.382548872425,32904.207368595926,32436.40588854603
244611,28918,244091,29438,0.028312570781426953,0.05096262740656852,20983.60297237471,14896.470308302214,7231.311101477256,33470.46367317865,33573.90047563704,33498.633662355925
240871,26418,236132,31157,0.028268551236749116,0.052414605418138985,13205.93304895139,10387.69131366852,6263.114947377011,34070.202153160004,34137.42151933608,33701.493298524016
242286,28114,240019,30381,0.02236842105263158,0.038157894736842106,13926.345700326838,6688.384146107562,7204.552924215123,32330.965992715723,33248.66689578701,32726.468939780956
241343,25946,239081,28208,0.02441860465116279,0.029069767441860465,5386.531166194779,2733.9513290526056,6224.300361679685,32850.535757171085,33429.8987190688,32697.184085610297
251141,28700,249743,30098,0.03502824858757062,0.03785310734463277,12699.082795330965,9911.755065867428,6988.107974317154,32911.779753363684,33058.89048895505,33193.280575895405
255594,33850,256235,33209,0.01834862385321101,0.03800786369593709,15959.25344497322,8610.035135122049,6350.878027481695,34523.55003838539,34640.85129305666,33775.27891921972
258542,28754,256933,30363,0.025606469002695417,0.04380053908355795,4855.48425140218,6642.399028247251,5926.857109382388,33612.337627130226,34425.36921525916,34198.11077453242
253424,29600,251952,31072,0.019393939393939394,0.04181818181818182,9078.526607284775,5724.886611942961,5908.706087824064,33790.28907789298,34478.771453774716,33284.08902247253
251197,28644,250255,29586,0.03368176538908246,0.03484320557491289,9565.316673080526,6918.157119534809,6632.979703250979,33580.38730976065,33442.03955097411,32394.324935160523
226658,25346,226750,25254,0.020242914979757085,0.03576248313090418,14943.381610807175,6484.7263103641,6073.30422595712,33378.14673240683,33877.083576475394,32889.59316878652
229807,27242,230425,25611,0.015037593984962405,0.03007518796992481,13204.731160764795,4020.5140229141457,5637.189516606717,35058.74293037441,35294.03478037816,34227.408078658395
243810,26590,241924,28476,0.02295918367346939,0.032525510204081634,11029.746603009944,11631.964577739152,6082.990018055162,34339.892106405736,35037.21378687129,33853.17076484238
279727,32754,278977,33504,0.035035035035035036,0.026026026026026026,13723.012669370937,13793.239168537202,6695.690195077577,33070.7115282701,33396.35913974566,33192.25502608547
225855,25146,224432,26569,0.023316062176165803,0.02655440414507772,12620.742505991033,12564.892625239325,7598.139461876208,32324.469552107505,32857.90495392753,32361.358817824024
231911,27170,230845,28236,0.030344827586206897,0.046206896551724136,4671.045649309093,4723.293081126899,5398.11743168687,32542.897437211508,33750.808644109224,32898.56924518196
257089,33432,258932,31589,0.02727272727272727,0.026136363636363635,7158.690237225182,6704.959372363415,6056.979452916879,33644.58546538125,34228.993445791144,33926.8079886442
277544,31592,274780,34356,0.018038331454340473,0.03889515219842165,9271.647418105396,14583.950250439006,6952.230958023868,33129.648892116,32921.46057339489,32456.925291502594
233087,25994,229258,29823,0.024771838331160364,0.0423728813559322,11826.071391571635,10212.704665863746,8073.818158701892,33159.890728562816,33809.749049706275,33262.61966239713
268146,32158,267350,32954,0.020930232558139535,0.0377906976744186,18569.689571230712,11658.032215788531,6440.961646095856,34793.103742680316,35169.92973806651,34607.23374538389
224559,24442,222865,26136,0.033921302578018994,0.036635006784260515,11165.822619278997,9908.090739173549,6567.076330150746,33764.043818477454,34217.40442415885,33939.048075474966
239808,28516,239943,28381,0.031446540880503145,0.03962264150943396,10813.548135125779,9545.525655087928,5791.472706007543,34124.135600462534,34956.02358734017,33727.062249083974
177582,21334,176380,22536,0.029565217391304348,0.03826086956521739,11178.809337897785,5102.361490996832,6455.416830394258,33561.93568103274,34199.97352020316,33286.80691202993
295120,34356,295528,33948,0.011441647597254004,0.033752860411899316,9948.996950231454,2285.222446530051,5770.243988554232,32423.235805969976,33271.31610398569,31859.918909388733
277815,32434,277157,33092,0.01893095768374165,0.030623608017817373,7832.682945644974,6309.371257979287,6491.324330012878,33015.59124340608,33237.58514851343,33148.521098867845
259461,26764,255350,30875,0.027180067950169876,0.04190260475651189,14577.28480254577,5041.499259809578,7215.757896748642,32286.95546719478,32114.529670865326,32270.736949293536
205700,22784,203116,25368,0.023734177215189875,0.05063291139240506,12709.906369989496,8768.990377689042,6128.978879298599,33449.41385094893,33372.48106350314,32848.48203140221
257620,29676,255738,31558,0.025200458190148912,0.045819014891179836,9991.275622304303,5895.335971990426,5340.24191346465,32718.59528992757,33624.1301489351,32840.57822813478
226130,25874,225916,26088,0.018427518427518427,0.022727272727272728,17881.893483360018,14521.872318705902,6367.35291422202,34832.61177327788,34772.67724909553,34355.12119565708
249434,27242,246795,29881,0.02063106796116505,0.023058252427184466,7427.294827273089,18475.99367392318,7290.682476768269,32686.8659991637,34134.11954230022,33004.321298823255
297077,33548,294669,35956,0.016414141414141416,0.03282828282828283,10564.761984000854,9578.94987019259,6404.606160626912,33322.44819886418,33219.402821121475,32524.994598812227
228141,28908,228702,28347,0.03280839895013123,0.043963254593175856,9053.189272023366,9822.632347472483,7974.511693093482,33236.4448167991,34163.15862151326,33927.10944103217
225400,26604,224160,27844,0.03829160530191458,0.029455081001472753,15570.705093029052,16968.630084188375,8067.391908518018,32817.51987540539,33219.40168952619,32916.38691225332
239002,27254,236742,29514,0.02441860465116279,0.04302325581395349,5540.361936524028,5728.27869395468,5549.942894913251,32461.25587077549,33178.79551920266,33157.71917950002
247830,28846,246346,30330,0.024608501118568233,0.0441834451901566,15824.230653976592,9126.840008121833,6104.379581740074,32209.6882871983,32887.794209516134,32036.337496306645
213461,25660,214224,24897,0.031746031746031744,0.04298941798941799,12666.481841673429,3778.714996599376,5503.318492188177,32974.68271919863,33915.58538967322,33211.36934044227
244200,28284,243058,29426,0.027616279069767442,0.030523255813953487,13202.80468452338,4341.244082099554,4578.4044894506505,33462.66772499665,32984.27303199224,32813.40621033695
237964,26232,234452,29744,0.026737967914438502,0.04077540106951872,10301.162431699593,9550.101035346428,5627.757992254532,34200.85682422201,34050.44597909866,32978.15030549615
246989,28636,244232,31393,0.03034134007585335,0.03792667509481669,19181.3343775226,8616.95040316182,6741.274894208778,32593.075879947915,32829.67577261512,32494.258724338655
253563,28398,252587,29374,0.03671970624235006,0.025091799265605876,10139.214749749108,7148.09102941601,6997.9508949748915,34100.857241403624,34571.38290143263,33690.871120434225
273085,30516,271141,32460,0.016556291390728478,0.033112582781456956,14379.30164114269,12074.242576141169,6378.320019823363,33208.648381934596,33202.69262027059,33165.42629928034
215344,26720,213811,28253,0.035526315789473684,0.042105263157894736,14684.371284901354,6182.080780467415,6356.391351777322,35352.296085551934,35118.983589721334,34755.82246711238
243593,29936,243802,29727,0.015681544028950542,0.039203860072376355,9703.947755625293,8247.974583586823,4522.4250180936715,32898.68577870695,33871.55280938292,32360.247295255915
234206,25894,231287,28813,0.02981366459627329,0.03975155279503106,8393.367839785287,4122.3478898862795,6198.026121532309,34120.09461947899,34334.13511505996,33863.87995350653
264545,30304,263416,31433,0.02009456264775414,0.04314420803782506,12468.642698421665,7761.011166525928,5764.0068570156855,33483.062300701116,33644.126985357376,32779.131647829905
224455,26546,222457,28544,0.03631961259079903,0.04539951573849879,9261.61349644112,5194.165252840305,5903.986823277492,33387.225431912455,33855.90019985426,33249.34552771985
270244,32256,269186,33314,0.014742014742014743,0.03746928746928747,9834.917012639633,5365.921123962437,4858.492473493344,31861.581893321632,32673.21650165135,32547.032459908824
259303,33378,261842,30839,0.02564102564102564,0.023809523809523808,8084.60737783223,7380.259213506498,5834.707915131357,33297.27165996393,32879.0511626831,32807.143668800185
221485,27516,221978,27023,0.037991858887381276,0.03867028493894165,15063.36926147439,15771.514444423125,6382.175677910359,34134.56825454156,33969.27545805913,33948.94630353306
243984,30592,243020,31556,0.014475271411338963,0.03618817852834741,9907.57588624297,7901.756117608778,6912.687735712593,33426.296829497034,33835.34658541314,33397.07433068855
223201,27800,222166,28835,0.023391812865497075,0.03625730994152047,10439.566528242192,8955.617442306735,5307.895149118263,34762.82106384405,35257.66463820966,34727.77702245389
212865,26256,211223,27898,0.023842917251051893,0.04207573632538569,23382.164073345684,3910.0247543700557,8001.837276202739,32510.16524965935,32788.13300152685,31915.706585592154
237139,28086,234683,30542,0.02586206896551724,0.046798029556650245,11598.070223830104,9340.197417287362,6034.208367784235,31525.76344936873,32579.206404049128,32440.767047334517
269450,28666,267207,30909,0.01567398119122257,0.03605015673981191,17805.523522171363,8110.192446484834,6866.41511070975,33658.06207458581,33796.29768833614,33317.69816934399
262034,29566,257582,34018,0.017448200654307525,0.04743729552889858,5641.2677171223095,4179.406642480021,5221.366473712291,32355.26083841154,32998.714367867426,32262.44283535224
256438,28718,255139,30017,0.03132530120481928,0.04939759036144578,12178.368402846709,10858.504483146051,6291.0012203915585,33986.717005036975,32942.37610140341,33842.03123932429
264145,28536,260909,31772,0.017412935323383085,0.036069651741293535,20483.190972169854,13197.632987411413,5651.0385541427995,33000.5000980268,33281.94164740793,32651.22419615423
223216,26784,221370,28630,0.04084507042253521,0.04366197183098591,10402.594238364587,9026.029367055293,6170.863328690816,33170.15284026033,33233.61069621527,32885.70780542095
207455,23906,203883,27478,0.031630170316301706,0.049878345498783457,8952.811569039322,8041.88543843232,7878.856297580949,33807.414944961034,34553.529947846815,33782.578114385506
219513,25512,218158,26867,0.02900763358778626,0.02748091603053435,8294.20338850061,6713.12895131181,6296.755978740724,34056.35880426472,33847.550762739214,33298.05690850456
255788,29368,252698,32458,0.02818489289740699,0.03945885005636979,8675.073607373286,9628.037781544286,7355.78990624208,33214.279603753115,33706.981370663576,32552.837875232206
220897,32112,223991,29018,0.033625730994152045,0.02412280701754386,9102.15753608191,13600.236834195986,6531.235921945548,32186.948131375564,33096.53980270526,32972.22782381742
215256,24844,215622,24478,0.023514851485148515,0.0297029702970297,17366.95638058139,12581.274439201079,7206.310541119629,33445.22916123174,33206.92714195399,32925.12400963901
197185,22776,194954,25007,0.02574002574002574,0.04054054054054054,18859.679632402185,7521.221225292404,6082.820908150639,32092.091747753515,32827.747047181474,32212.449243910185
183154,22962,180920,25196,0.029023746701846966,0.03891820580474934,6752.765417745709,5431.662516271528,6175.2873026865645,33788.26772741823,33966.05236216771,33024.42534770756
264141,30708,262422,32427,0.023174971031286212,0.027809965237543453,13883.086412937348,6470.193629612685,6155.254444817107,33192.07456473637,32470.176444649627,32632.61127492447
231705,27376,232891,26190,0.01568627450980392,0.02875816993464052,10220.423229287784,3896.9777204034986,5448.005721156321,34500.7177124958,34626.084090849596,34001.0539952135
268667,30542,267517,31692,0.018161180476730987,0.03064699205448354,6434.743662409504,3534.7677541378716,5890.996617507625,33650.58837957738,33511.7455282375,33525.149124098956
290082,32542,289998,32626,0.035443037974683546,0.04683544303797468,19839.846291404658,13667.792071870133,6116.7786180830435,34098.86079848338,33802.846248668146,33670.65952498923
219309,25716,218914,26111,0.03225806451612903,0.051893408134642355,9879.143534080358,10409.231428536172,7024.906115701592,32139.314499357224,32301.898220204206,31964.199230316663
205960,24440,203614,26786,0.017001545595054096,0.03554868624420402,15022.809548894105,17415.999850143136,6702.125594861821,32344.207719600367,32453.701689780937,32129.354114175567
230369,26680,230195,26854,0.02535211267605634,0.02676056338028169,10294.403695513229,6213.425748974206,5091.68242422947,33558.76839033176,35039.58816875198,33871.7882123454
208665,24624,205814,27475,0.023876404494382022,0.037219101123595506,20431.066047320815,20022.032137173348,7473.115352628771,32137.72711563614,31639.821117036878,31561.607302077053
242046,26278,241308,27016,0.015133876600698487,0.024447031431897557,7170.961801642313,6695.112878491998,6027.22532022137,33984.29447270941,34525.189587635155,33709.01534168053
254602,28422,251932,31092,0.030660377358490566,0.03537735849056604,12712.005986653297,9051.80283093577,6578.151937521673,32540.776256319456,32638.401483123696,32492.12916309932
233474,26626,231432,28668,0.03469640644361834,0.04460966542750929,13552.687850260143,5763.718879582179,5641.39904697408,33473.01981637196,34255.575110919795,33121.68964136576
217987,25062,218355,24694,0.023154848046309694,0.02604920405209841,9455.129368817392,11801.913034254374,6583.5738937363885,34428.31875246518,34010.0123040392,33098.54351374951
214648,25452,214075,26025,0.03751803751803752,0.051226551226551224,12035.592385418791,8275.008010497711,7199.652865223162,32233.62102699699,32977.13955586689,32657.95145059985
206717,24644,207037,24324,0.008968609865470852,0.06053811659192825,2746.742887408338,5736.422468290994,5106.958414639075,35375.12843264513,35606.24025932805,34866.741419247126
240045,29316,240386,28975,0.023880597014925373,0.04253731343283582,6144.548087658782,4913.921877021067,4907.208078615007,34170.303225987795,34361.39460742699,33763.769990556335
266952,33352,266664,33640,0.02127659574468085,0.02925531914893617,10353.314744684667,6224.557497928151,5826.077078356933,32772.398096340825,33252.410670725374,32943.53099763351
246588,25896,243406,29078,0.015151515151515152,0.028554778554778556,8831.49214525612,8956.999073204703,7345.897882704752,32128.52845025245,32524.351857164926,31999.269149692467
202154,22522,199895,24781,0.0144,0.036,12475.358353976468,9360.25451504452,5699.7900680827115,32995.73906431931,33539.098973480686,33441.69511581907
250095,27634,246218,31511,0.0199203187250996,0.028552456839309428,6978.563320066005,5923.956636208062,5956.637604585711,33567.93118752887,33169.15683565308,33536.12969200308
279263,33218,278261,34220,0.027442371020856202,0.03951701427003293,12669.478719783025,8893.447634136317,7236.952142604448,32456.729021194977,32913.49438394922,32580.188415160977
239634,30766,237906,32494,0.02435723951285521,0.04330175913396482,12621.207569811064,8993.75070946114,5397.364126224343,32825.16403739426,32555.1396996812,32804.585885293556
264285,32740,264989,32036,0.02603550295857988,0.03609467455621302,10735.069596857169,8416.17872254046,7210.646574943101,33559.346999312555,34212.86600316172,33943.1844184077
217604,24460,216504,25560,0.01780821917808219,0.026027397260273973,14756.370654563514,4392.3432377834,6276.172016022695,33475.00367734498,33330.230428310366,32703.673677492527
231312,26752,229680,28384,0.026499302649930265,0.03556485355648536,16610.947581214034,11760.174579171759,5309.786760914467,32923.10127288013,33761.08961559796,33097.9144329898
204162,24322,204898,23586,0.021212121212121213,0.03636363636363636,8111.782726085142,4537.7417315036,5145.795125257454,32382.602704582867,32308.302778167872,33006.28086321437
230490,27574,230343,27721,0.03648648648648649,0.05810810810810811,17193.19360108689,5805.363682482561,5861.564234659867,32992.09521229271,33287.39113304796,33253.28058172337
251797,30164,251429,30532,0.013499480789200415,0.0264797507788162,16169.079068225941,11711.724259685972,8261.192293409089,33373.815674162885,33728.136460744114,33297.856190880135
248306,30478,245417,33367,0.034482758620689655,0.045778834720570746,5978.655674304567,4625.435727837601,5595.697058119564,33543.554197257145,33516.364683767075,33014.70352619531
252028,28872,251009,29891,0.032359081419624215,0.03444676409185804,15435.650015424148,9890.27009162926,5836.002160868192,32803.16151055335,33715.042008998316,33338.327656588626
201732,22944,200264,24412,0.016209476309226933,0.0199501246882793,8768.378227989946,14613.44493355759,7699.835341108164,34935.86127892046,34343.046515508504,34085.66303286911
231897,27184,229373,29708,0.02617801047120419,0.03926701570680628,17257.127454919984,4930.939477529856,7397.104688179385,31309.109622145064,31861.41546028731,31832.02150294676
210058,22266,207295,25029,0.025477707006369428,0.050955414012738856,12967.67025100638,8987.620968724583,7071.991532255816,33558.27069239008,33872.235607804476,33423.025026861236
186852,22912,185275,24489,0.030303030303030304,0.054713804713804715,14618.889349282157,8917.671118208393,6387.465045077799,31894.984313562138,32280.89643914616,32275.634061862238
253837,30252,252710,31379,0.02836004932182491,0.04254007398273736,6329.936196538138,5293.260767956671,4802.83785904467,33670.91191142341,34153.97807458071,33780.907686942555
233202,26898,234235,25865,0.017615176151761516,0.03387533875338753,4422.135952839763,3353.262716429619,5499.54970251886,33540.93864540675,33734.10259084597,33072.589893037395
298231,34698,300489,32440,0.022653721682847898,0.025889967637540454,19583.101336552256,9798.909980679227,6199.257279474323,33824.2714477048,33848.6024630099,33615.50967169168
235995,29230,235108,30117,0.05505761843790013,0.06594110115236876,8278.907992230223,5296.99638434732,6407.632310540857,34227.715603156445,34513.03746397746,34301.16659812874
194912,24112,195192,23832,0.031932773109243695,0.047058823529411764,13852.905245948072,9203.986076692901,5374.7143743896795,35214.864191053995,34909.669586350254,34273.057014027676
243488,26912,241581,28819,0.018421052631578946,0.049342105263157895,13153.549508542977,5276.226696472053,5324.913072975008,32140.824598267824,32728.45690411053,31881.931437393694
250348,24228,247740,26836,0.024504084014002333,0.043173862310385065,6371.2369476787035,7404.670571310927,6569.8134965507015,33295.28982516931,33555.46616572,32684.408081274774
236461,30828,236181,31108,0.028985507246376812,0.042028985507246375,9322.892331479423,10602.15701445825,5620.117776648427,32724.782441762523,33188.52819770283,32861.76765948068
241457,27904,237882,31479,0.019390581717451522,0.027700831024930747,26276.883635561935,7012.411060113171,6317.735548531853,34680.27437530343,34633.021075797566,34415.90604046552
258380,31064,256678,32766,0.02130492676431425,0.05659121171770972,11004.580580557533,6661.381139808126,6205.958663103194,33569.98482246623,32997.857268466636,33461.973657728486
269300,31004,265967,34337,0.015756302521008403,0.03466386554621849,12218.968484584564,7302.290065984288,5531.813525661404,33516.36385341951,34006.51102631545,33500.077148228345
185929,22920,184919,23930,0.03076923076923077,0.04265734265734266,7508.647041701656,4877.756711333702,5665.607017260183,33610.972777337825,33876.320695336035,32989.576829835045
247800,28876,247252,29424,0.022426095820591234,0.023445463812436288,13328.89699948287,4735.520546083882,6859.175829444914,32236.040356549285,32672.890269828873,32649.500566217645
239629,25596,236207,29018,0.029714285714285714,0.036,14789.185833375319,9572.655015911218,5835.752349912094,33517.586813375885,34393.1822912898,33589.13456767634
234408,25692,233313,26787,0.029792746113989636,0.04598445595854922,3469.812831439468,4918.86752820144,6540.919078071516,32023.005375618788,31998.31048367803,31661.180958411816
230845,24180,228177,26848,0.014473684210526316,0.038157894736842106,6309.041537927361,8668.309366269375,6131.247933081725,33748.51661107082,34022.00328094994,33558.20890066452
218607,24442,216833,26216,0.03193033381712627,0.0660377358490566,13223.092261881788,4948.738681374,5390.667244077349,34594.69208321905,34856.103273497654,34194.64938537138
186679,20346,185510,21515,0.020558002936857563,0.02643171806167401,8272.546710210358,7431.493306537425,6066.785443367868,32152.090160417865,33117.46240943609,32592.095140451052
247635,30094,245676,32053,0.03211517165005537,0.05149501661129568,13728.43723534225,10054.330835283867,6681.024311408368,33190.21360650805,33695.36501717763,32657.621937497966
245221,28308,243172,29312,0.01914580265095729,0.026509572901325478,13524.356133377723,12416.415724915634,7648.520596045417,32607.87600292571,33296.643191646144,33475.33683814476
198811,24918,197187,26542,0.031292517006802724,0.05782312925170068,4852.012027888938,14226.623264652364,6111.829699853558,34195.998293844525,33988.05496931758,33617.45762023311
243950,28534,243257,29227,0.019813519813519812,0.0472027972027972,18341.4049391079,9265.59501242954,6498.0746773878345,32737.64653138197,33862.56573014664,32495.39031210813
200509,21332,196966,24875,0.03014416775884666,0.035386631716906945,12658.566229263282,12586.764791365991,6985.866646052416,33822.5257960093,33856.87612697679,33503.005332694054
222244,27756,220577,29423,0.021361815754339118,0.04606141522029372,9694.132745656301,5298.860509863254,4630.548511959613,33689.44722315006,33398.75389670896,33156.54234862817
226489,24512,224454,26547,0.03398058252427184,0.03398058252427184,11871.19761931147,5055.536856683811,6118.968371131872,33646.706395844005,34343.98787148277,32813.40129251307
240539,28822,239660,29701,0.020118343195266272,0.022485207100591716,17072.184285466465,13076.788078004365,6245.808051119443,32924.32724493934,33439.21189223012,32850.20793287893
255317,28772,252476,31613,0.020050125313283207,0.041353383458646614,12225.807142990954,6023.970186971927,6107.691310211903,31883.81780016821,32379.57859485349,31463.023510437746
271743,31858,271027,32574,0.03676470588235294,0.0546218487394958,14782.259962780267,8855.604048913598,6133.902291694523,32219.644766534017,32477.39468478382,32565.847953769022
248924,27752,248364,28312,0.02295918367346939,0.029974489795918366,19190.326330186377,11943.710476590373,7798.853599806222,33251.48248892226,33992.73938350913,33572.64333852073
259116,30328,256966,32478,0.020214030915576695,0.057074910820451845,8999.575239115917,7697.725713929852,4816.483228572908,32479.088069252684,32913.59873721409,32302.089948870693
256607,31762,257639,30730,0.03482587064676617,0.04788557213930348,12314.581418458563,10869.962377969308,6406.8767826891135,33635.7200675477,33775.3504969987,33433.72630369563
256759,29466,256482,29743,0.02733485193621868,0.04783599088838269,15485.412477669468,14997.62330352251,8294.78414658939,32822.56285815414,33994.760164369014,33375.78925341274
263601,26920,261242,29279,0.03114571746384872,0.0389321468298109,20552.188409128627,15673.760944314157,8182.290239423534,33652.77022262263,33393.13122892619,32909.34981512168
251706,29194,252045,28855,0.020435967302452316,0.031335149863760216,5870.932920671427,6002.963156539691,5394.173654618655,30937.198771783384,31995.207334874143,31596.33585541437
220849,24176,218784,26241,0.016483516483516484,0.030906593406593408,11462.83267396511,15573.11932203007,6769.67749428065,32269.41514074916,32108.003435079765,31778.30841063799
225320,24680,223541,26459,0.025411061285500747,0.030642750373692077,13797.929802186154,10598.38013208267,5620.886564859365,31637.72105451652,32357.02107502168,31700.302146539074
215686,24414,214544,25556,0.039660056657223795,0.037535410764872525,14196.527548019241,6495.735982939495,7151.188268586873,33250.84826025046,33758.986251781695,33089.363001808524
245751,29874,243637,31988,0.02059202059202059,0.03474903474903475,11227.05011603736,7978.341112347301,5422.605320087688,32696.401778191434,33513.7177893363,33017.8314065732
252215,27626,251029,28812,0.015037593984962405,0.02330827067669173,12494.862155461538,11893.109780315845,5563.084684955837,35390.5067336718,35053.20012082329,34853.57805166329
273413,30188,270400,33201,0.0332512315270936,0.0480295566502463,7938.590272516867,9261.453562255661,5227.720934071523,35291.3164914447,34545.043722877,34186.61124878993
279444,34156,278108,35492,0.032563025210084036,0.04779411764705882,13776.347917176872,8721.193223815564,6956.821233051321,33925.034044758264,33669.1386103574,33659.57687252365
270046,30258,269207,31097,0.037037037037037035,0.037037037037037035,7876.81314491527,7238.154572843241,6050.035316775245,31915.38296803668,32179.032380530094,32050.935177371175
230893,26156,229878,27171,0.028368794326241134,0.03486997635933806,13572.6671083585,4679.034627769499,5656.698576113806,33251.764122603745,34522.480239802935,33334.56813462531
227458,26558,226199,27817,0.02567237163814181,0.03606356968215159,10230.796235944585,10366.689350754665,6209.062969799684,33523.62498922704,33589.43152666485,33598.459659637
247567,30162,246981,30748,0.018270401948842874,0.023142509135200974,6441.035220248382,9697.083619963028,5929.182473219316,33405.32324248455,33482.54211100667,33608.73189203088
251262,31762,251898,31126,0.04179728317659352,0.04493207941483804,5768.782318024281,4057.925548333569,6327.709251515064,32236.29390880209,32280.267243373346,31682.137955382805
233415,25666,231118,27963,0.02165605095541401,0.024203821656050957,5979.362462367546,3573.426990319942,7081.460497130808,33637.902789777276,34291.12369288893,33384.023158623364
234187,28982,233450,29719,0.031395348837209305,0.044186046511627906,4687.051819040638,10412.46025226478,5292.322023904068,34348.30021977164,34460.79528144109,33900.31489163299
230786,27278,227866,30198,0.020656136087484813,0.031591737545565005,8845.170101269598,9236.93523938665,6404.839373776467,33137.376799824786,33670.61226230098,32966.4210528511
289159,34602,288466,35295,0.031990521327014215,0.04087677725118483,5690.739927135501,5047.612679135376,5797.14166601703,33905.25431256038,33745.66842898675,34050.14903389385
272516,32188,270806,33898,0.03948772678762007,0.05976520811099253,11052.584820207281,11877.569871597658,6754.2812265632365,33093.985319524305,33832.6322649297,33447.87489870585
239415,27874,238060,29229,0.03272727272727273,0.03636363636363636,14370.07390968237,9353.250027624257,7247.647769967033,31901.89120999541,33672.2117164302,32150.271450524564
235945,27224,235072,28097,0.024600246002460024,0.03013530135301353,9447.615327005498,6561.957207416981,6556.182125250253,33476.989726279106,34087.1638884199,33224.89857227016
236532,27664,235046,29150,0.02579132473622509,0.02813599062133646,8325.48653072703,10407.476959417461,7230.277896110317,34106.711924173236,34336.890847750714,33414.534131926586
261107,33742,264111,30738,0.03255813953488372,0.0436046511627907,10308.001436910547,9015.144801814427,7323.844439468148,33040.49734047435,33500.84514821229,33161.3250243718
270688,34016,272084,32620,0.027901785714285716,0.03404017857142857,12287.303422362553,9360.724985155437,6320.539750536527,35481.231166730555,35504.6559351445,34554.17418910172
274306,30398,270130,34574,0.014207650273224045,0.041530054644808745,15394.788361086648,4608.199310078226,7600.418293965234,33030.1373120927,32938.629002747584,32956.37111481325
222823,28178,222250,28751,0.0192090395480226,0.061016949152542375,17394.301540502074,5094.152999086622,6375.05509760857,31885.223065548864,33262.9827131367,32333.194744971002
244834,29742,245244,29332,0.034869240348692404,0.043586550435865505,8850.402803673202,5423.431018191577,6403.463705647237,32208.63211316822,32557.35776977634,31715.975073548223
302661,39564,303579,38646,0.025050100200400802,0.03557114228456914,13760.476789531796,8776.77038005458,6341.216497220454,34722.46718768976,34812.25656515242,34685.36857412301
248593,27032,247263,28362,0.01762114537444934,0.04038179148311307,11992.452298043465,6973.574517177625,5067.1181018042535,33893.179308784514,33524.522332884066,33333.18372172899
306396,37000,311116,32280,0.029922779922779922,0.02702702702702703,11230.387514533979,7969.388205885199,5978.952285617183,32841.565054017534,33087.87508902347,32851.00071047057
260264,29180,260703,28741,0.0117096018735363,0.04918032786885246,10669.970989543925,5909.50931074666,5268.571253126735,32815.09608175109,33413.7193813507,32475.730892991964
255923,30302,255852,30373,0.026119402985074626,0.03482587064676617,9969.505552967861,9148.372420936657,7928.659193305924,33430.273932063734,33354.98454990193,33352.653897443786
237345,27880,236677,28548,0.033112582781456956,0.03774834437086093,9516.934158842503,6035.757182344666,6407.422614857111,33681.262283186385,33733.194976974446,33625.69012259155
293550,31350,290505,34395,0.017932489451476793,0.03850210970464135,3721.7258181079997,8952.703008975277,6838.507347734698,32440.722967194866,32637.989308462642,32136.99401483592
251163,30798,249645,32316,0.025094102885821833,0.03450439146800502,14811.666497853334,5910.743402118299,7148.43712556361,33823.317379720254,33725.998516510066,33575.358110413006
282777,31944,277844,36877,0.03919372900335946,0.05319148936170213,18371.069254542268,7924.867672143392,6442.099557891073,34132.29990571895,34726.19629846309,33612.4915766739
209389,21972,207542,23819,0.019746121297602257,0.03244005641748942,5118.745980418076,5399.090414647137,5346.514632060588,33383.81626871381,33564.47343685428,33364.56719252744
265286,30650,265468,30468,0.01997780244173141,0.0244173140954495,7490.657973399879,8624.120837045417,5887.467516804945,32732.133986783923,33140.9021586363,32995.77626507619
237960,28296,238628,27628,0.02631578947368421,0.039473684210526314,9619.28734836982,8683.263368429423,6685.51005659135,32759.920827533246,33459.10463595228,32929.63341483763
270829,34980,272599,33210,0.026096033402922755,0.038622129436325675,14455.139177890052,10073.695977985446,6419.147830148467,32183.550063417977,32750.854568030998,32452.174830899294
222458,27542,222332,27668,0.027522935779816515,0.027522935779816515,25880.786261450656,6899.471912112614,7249.579835835227,34001.67892951569,34326.63454337772,33154.03892313806
198044,20980,197686,21338,0.039030955585464336,0.03095558546433378,15138.058440244817,8019.189316213984,7610.621282239238,34430.73403226731,34453.866049000135,34361.56024803487
235209,27960,234675,28494,0.01984126984126984,0.037698412698412696,7833.23329966686,4582.167767151347,5398.4368511953735,32666.81683427269,32345.768617081685,33146.309968217356
238951,24218,235851,27318,0.01053864168618267,0.025175644028103045,5927.092361575832,7059.486345184793,5934.490819302673,34234.11706311869,34997.554658299756,33969.48170770418
214324,23820,211923,26221,0.01935483870967742,0.03354838709677419,18618.527110289946,8513.324583904156,5593.262375786546,32629.06151387161,33301.18311542147,32733.017876857026
201345,22384,198800,24929,0.021476510067114093,0.06711409395973154,11080.675133071018,6503.222244823693,5599.9270504097985,32916.54366437647,33779.493559066905,33203.104085683066
249163,28566,246031,31698,0.023529411764705882,0.03986928104575163,7391.06898209608,3809.0330180123347,8420.07605205942,33578.076742075624,33187.20245936925,33379.61361805046
217601,27424,219707,25318,0.026845637583892617,0.042281879194630875,7751.534647797429,9072.831865707922,7361.273015612644,35211.42829656741,33987.70015279073,33827.51443842845
237209,28016,236730,28495,0.02631578947368421,0.03007518796992481,14594.657185618325,7313.255489667175,6069.189322937754,33521.028719005844,33440.65496978677,32649.835071443904
199894,24782,200128,24548,0.022508038585209004,0.02572347266881029,4963.9801885004845,2837.189114227067,6176.851860732663,30709.373794226685,31288.700378111083,30735.01804304477
249017,32944,250020,31941,0.03267211201866978,0.03267211201866978,11362.787450430766,7229.857623317869,5812.699926307038,32740.846716036627,32978.88513631487,33170.31818472686
222298,25706,219777,28227,0.024096385542168676,0.03681392235609103,8200.840099514502,5960.282314628481,4783.652429314856,32579.213614864675,32725.433388879366,32501.78235851417
218394,25642,217839,26197,0.01859799713876967,0.03648068669527897,6338.521329023515,5865.004892442093,5466.936260298461,33424.95102719493,32848.03467837217,32822.6461084789
256689,29536,255010,31215,0.029769959404600813,0.03856562922868741,13625.188831683052,10491.943650835647,6213.59828914182,33416.0065515,33583.5129242719,33237.418045011735
221533,27468,221275,27726,0.03591160220994475,0.04212707182320442,18986.444209959278,8996.585558963294,6884.895920541696,32597.32826460072,32705.908476769302,32613.031099068972
242198,26126,239294,29030,0.03179824561403509,0.03782894736842105,14215.280930632247,14050.77640709305,9173.369130212055,34404.213544867554,34641.8320047253,34186.03124396476
265524,26076,262724,28876,0.019767441860465116,0.027906976744186046,11408.479310256154,11995.865641212564,7273.28981912709,33577.821181085455,34971.371312069314,33480.88718343515
213478,24666,211949,26195,0.020618556701030927,0.03608247422680412,12577.621709752828,5985.199835135548,6181.338665386981,34853.20290504453,34642.04976202254,33804.53866111472
235947,25174,234448,26673,0.024251069900142655,0.037089871611982884,11821.09421230467,3204.1513500159085,6419.991897563217,33101.892270713135,33374.5983361819,33067.54021199658
200720,23956,201480,23196,0.02821316614420063,0.03369905956112853,10351.088080518966,8600.020404870622,5973.789995920803,33762.0828542535,33850.42626487939,33475.71420586468
235988,24112,231434,28666,0.026634382566585957,0.038135593220338986,8857.307323958335,3761.7235922571745,6041.674857303128,33909.50876933309,34332.17597509155,33397.97648735102
252779,29182,251823,30138,0.023446658851113716,0.029894490035169988,12415.153082747387,8219.478471285422,6821.140277510454,33155.91271434728,33601.628580882476,33052.50751623881
219111,27898,219175,27834,0.0707070707070707,0.054292929292929296,18326.02544720026,15187.8014664947,8836.353147056323,33232.80896498723,33156.39024558056,33150.51751911299
215031,24090,211663,27458,0.018995929443690638,0.033921302578018994,9935.796745503487,7193.9388111103435,6268.096118712681,32084.79369068271,33342.17779364401,32306.185866275853
252781,29180,252240,29721,0.032663316582914576,0.023241206030150754,7352.508176775519,2696.94604243621,5492.967273682537,34064.78934058023,34229.03580110559,33452.76956816919
224634,29382,225669,28347,0.042953020134228186,0.05570469798657718,5512.908397003694,5388.581522729223,6241.9785804336225,32621.24569783975,33074.78916519222,32898.72358641372
260637,27732,257361,31008,0.02091254752851711,0.043726235741444866,18725.83235969054,9696.241290482267,7325.048864790898,33426.44361269509,33336.61394366722,33284.30646303539
276370,34994,275760,35604,0.02629016553067186,0.05404089581304771,11906.170824138562,10217.192467311932,7696.36718361712,34321.141874795234,33757.57170975584,33669.09830818628
199597,22244,198128,23713,0.02130492676431425,0.02729693741677763,7107.331479769466,4263.89908868229,4959.440926201352,32354.615933417732,32000.528660176016,31802.028093026445
207114,23286,205785,24615,0.02967359050445104,0.034866468842729974,5884.637969628544,7033.025653407629,5490.653441283862,33651.99425640572,33409.501902809105,32729.557818040365
233821,29348,235295,27874,0.02990897269180754,0.031209362808842653,9853.079245198052,8061.904235712944,7752.444895417364,32940.74878227824,33502.06637278892,33311.762965646674
249013,30828,248983,30858,0.029490616621983913,0.045576407506702415,13011.838197211753,10899.759896829302,5681.072546601911,32080.599746019034,32429.495942681257,31818.286160862408
219105,25920,215761,29264,0.02225130890052356,0.026832460732984294,11660.200291607196,5447.673214597922,5437.106763260034,33782.438767859305,33974.35151180383,33202.317875177585
209597,25628,208075,27150,0.02789400278940028,0.03765690376569038,15092.666090136856,9013.920588804118,6649.047984830719,33419.88738954529,33826.468545001815,33448.401983281285
251023,26706,246380,31349,0.020689655172413793,0.052873563218390804,9111.391539582351,6003.55554973854,6021.403315180442,33377.38572837585,33780.97812451799,32719.239279969104
260667,32014,260781,31900,0.01956521739130435,0.04673913043478261,16878.87099307315,7102.606516355308,6105.087935129986,33510.160971151665,33154.947615559286,33584.727539646505
213304,24840,213118,25026,0.015873015873015872,0.044733044733044736,6412.5752872495505,9047.887099168587,6763.250375112027,32828.58948832628,33309.343744410384,32710.52791836446
276550,32586,277060,30965,0.03672985781990521,0.035545023696682464,15853.869681580152,10071.320989527796,8605.09179707454,34319.93751521745,34830.41512083299,34375.382251289826
184470,21646,182528,23588,0.03125,0.04779411764705882,15729.188844443022,7605.635059076537,5508.112799775456,34399.56188238623,34397.15637347834,33823.799437091475
279445,30804,277214,33035,0.03890641430073607,0.04574132492113565,14183.18320915429,6571.278741421689,7337.020995278935,34116.927899846574,34333.06126084973,33726.484105869225
251784,29116,249212,31688,0.0273972602739726,0.03962818003913894,13696.243088543197,5438.802425701733,6727.946548754371,34128.48984316119,34903.69603650042,34114.97955104652
219473,23576,216954,26095,0.03110419906687403,0.03576982892690513,8890.136988038284,3861.8590122736723,6938.462350859327,33581.464014614605,33871.925323801,33936.4992940086
265364,28400,263151,30613,0.03383458646616541,0.05075187969924812,9085.372064676825,10654.041046562359,6383.288689868681,31861.373924234787,32544.55477269087,32284.163288918036
235344,28852,237610,26586,0.024125452352231604,0.04221954161640531,5397.759980366146,5154.853635888735,6093.601071883709,32629.273008207783,33292.165175968716,32447.463240683006
261251,31430,258662,34019,0.03731343283582089,0.053482587064676616,12437.636009075686,14242.855828991016,9108.014414914533,31273.412208751703,32485.538933214284,31756.25466017649
284081,30640,281641,33080,0.02422145328719723,0.04325259515570934,15347.155687968178,9684.844402854955,5468.476305808137,33106.48655658151,33525.94402006905,33314.79953444676
230415,28666,230883,28198,0.02736318407960199,0.03855721393034826,19630.09063763105,9904.406019257836,6415.1022977707835,32314.693820090284,33428.104065940985,32781.789547509536
216133,24948,214981,26100,0.01277139208173691,0.037675606641123884,7403.605075972047,9397.288483781249,7216.910359539842,32887.37889746066,33601.16171221128,33086.05243424712
211168,25028,209489,26707,0.03194444444444444,0.05138888888888889,5932.388503148664,3414.7723159615366,5877.025477503592,32087.834204553354,32962.14065532527,32111.972005030177
254718,30438,255003,30153,0.02906350914962325,0.03982777179763186,11092.872551969198,10147.022436363419,6365.13891070556,31501.30753073621,31949.710728102702,31665.32328920728
229910,28154,229469,28595,0.024423337856173677,0.04341926729986431,11525.967866243354,10755.552029912802,8112.361170428046,34152.999490807895,33470.01002067051,33434.9608395656
223047,25954,219553,29448,0.035483870967741936,0.04596774193548387,8690.589681310155,6034.910354564383,6375.854492708686,33484.056276476265,33649.25561691284,32934.30644987299
227179,27846,227210,27815,0.028350515463917526,0.029639175257731958,11922.323371258286,6849.999310700795,5970.162926309449,33742.74810626776,33937.5522389845,33513.73793348442
209002,27194,209731,26465,0.026124818577648767,0.04862119013062409,8762.120985621346,5242.774755120308,6761.54225536134,33146.519199949435,33145.36880969803,32762.400054374077
243167,28274,240523,30918,0.008464328899637243,0.039298669891172915,11359.628968628302,6500.6453914048925,7427.939247377185,33545.73902302002,34054.81012801358,33398.307777828544
253681,28280,251483,30478,0.022792022792022793,0.04843304843304843,4831.3092329805295,7636.299419064201,4856.4526918121255,34676.33891553992,35103.74105298671,34844.16254279424
236269,26900,235333,27836,0.017789072426937738,0.027318932655654382,9248.87509580886,6948.0304245791185,6669.6510979791965,33426.84067702427,33387.989580221816,32854.97927619855
252416,28484,251638,29262,0.02558139534883721,0.029651162790697676,16591.07375683608,8973.80440024758,5802.734387544352,33005.43436865651,33479.988788015005,32945.11185274318
230868,27196,229152,28912,0.03184713375796178,0.02945859872611465,22050.33154385888,15409.47602822438,6918.554644731932,32057.720150064666,31914.423149858052,31965.80448027499
239020,27236,238390,27866,0.018292682926829267,0.03719512195121951,9579.487746274814,6781.161728588072,5792.178359048264,33158.862278670495,33085.70117816758,33094.57416809219
205657,23784,204881,24560,0.024079320113314446,0.04178470254957507,10618.77877833925,6879.596721752194,7160.320593037308,32796.840332097,33045.875662357146,32491.27082110137
232082,30062,230825,31319,0.033205619412515965,0.04789272030651341,7995.83485612976,5107.8922945997665,6157.715140317509,32274.010896407195,32706.66738504963,32181.339292016375
250502,26174,248015,28661,0.02574002574002574,0.03667953667953668,4330.902806140535,6941.179578130318,6185.530520612611,32559.013710883428,32499.23757314493,32789.716571379795
230371,28710,230944,28137,0.028735632183908046,0.03017241379310345,10318.730169373335,9899.662261199419,6911.541506999318,33891.59172102456,34418.29931971699,34234.41220862428
208115,27110,209671,25554,0.02046783625730994,0.025584795321637425,7069.763191604571,9985.738593469261,4240.826337767984,32771.81773108607,32819.625376380616,32799.84755461539
214886,25214,212872,27228,0.026836158192090395,0.04943502824858757,9730.517234978452,8830.184806295694,6360.723971987178,35552.096911628956,35171.4194070738,34632.55665205792
235298,28898,233007,31189,0.03411764705882353,0.04,10232.199346453572,3521.224312754077,7190.2346122421795,33496.80187958206,34108.269963707346,33674.15729519904
253009,33216,255064,31161,0.04143947655398037,0.03707742639040349,23684.04821730903,12643.311817358936,6421.241670755798,33588.048890147584,32873.06423817384,32362.941868189162
231194,24842,227778,28258,0.016887816646562123,0.033775633293124246,17250.3923917632,16161.458680572841,6280.844759834735,32483.50179416186,32643.023653036453,31894.839878020077
231021,28060,230124,28957,0.035856573705179286,0.033200531208499334,14070.170562312132,9590.063760785699,5976.04707953042,32014.721306371273,32512.358432845154,32489.746603924643
199514,23270,196932,25852,0.025034770514603615,0.02920723226703755,9478.709002833755,9626.46667534703,5313.612228986014,31853.779122119304,32684.750801785467,31333.77250435038
266739,30286,267500,29525,0.016883116883116882,0.025974025974025976,19081.6249654933,8033.934846554797,6413.594780190746,34331.383095505815,34158.729942704944,33936.92899615874
243545,29984,242350,31179,0.04583333333333333,0.04097222222222222,8060.535925441921,7890.927919454038,5214.888446205557,31514.169717929257,31899.306966980002,31319.38567445549
257486,29810,253364,33932,0.02254791431792559,0.06031567080045096,4538.208197724652,3624.9263784815707,5220.871809808779,35042.9317065141,34782.91813314039,34155.5101596532
270009,31392,269116,32285,0.027544910179640718,0.040119760479041915,19103.20735566056,8435.703376544647,6334.086042501416,34918.61487716422,35477.38724273933,34808.696825304185
246254,28322,245135,29441,0.033112582781456956,0.0456953642384106,14747.395710291426,7176.366683124659,6160.391199763604,32988.78608542656,33110.56446381727,32335.673502995873
197235,20854,194898,23191,0.023154848046309694,0.03328509406657019,3900.731474742925,6695.443688967318,6468.541823694213,34789.10533494679,34331.34878143171,34009.684860219204
283066,35030,280425,37671,0.033532934131736525,0.03652694610778443,9925.765376920986,9357.670211245068,5986.023243574073,34171.97489715061,34286.08199356851,33981.74031034218
254225,27736,251021,30940,0.019955654101995565,0.04434589800443459,11325.479964312803,9878.18417339277,6836.136606562702,33172.16407564513,33586.38172171961,33344.15558409196
256553,31816,257394,30975,0.02109704641350211,0.03727144866385373,5651.3644943248155,3069.2218513973853,5221.305099329552,34660.01195039663,33861.768494271375,33939.124396223335
229813,25212,227799,27226,0.01948051948051948,0.031818181818181815,13415.117422182544,10979.478877197818,6466.074196796933,32818.63990388768,33389.80733039592,32567.510811626096
212029,25140,210959,26210,0.011577424023154847,0.030390738060781478,12815.210167125606,10513.365073917668,7368.284134480663,31813.311068320374,32430.35297913866,31478.582550050367
206811,24550,206623,24738,0.02145214521452145,0.0297029702970297,13472.860265947396,11451.664498869088,6442.677818714668,34844.633256059074,35051.170876055185,34434.88230003482
199837,22004,198657,23184,0.029513888888888888,0.033854166666666664,10448.381627948322,8677.580120835588,6123.221633716954,32567.35333422111,34229.23910916785,33090.28768029035
289473,34288,288581,35180,0.030009680542110357,0.03920619554695063,13780.592865138511,11591.297767460837,6868.916488349123,32817.44512373701,33435.47382455743,33554.10157172839
273709,32100,272948,32861,0.028368794326241134,0.03090172239108409,19334.166473287834,13824.23510865387,7566.948615080021,33263.263689103755,33334.32340532149,32649.620174739714
219835,29166,221388,27613,0.05224963715529753,0.03701015965166909,5680.113255002665,4076.4277989548636,5795.209075733721,32374.64322396941,33514.969782115455,32476.30985984497
243132,27268,241117,29283,0.026128266033254157,0.040973871733966744,15205.628711423718,9408.156640197803,6808.325570917613,31440.0115916637,31486.912206913217,31184.157537479314
266102,29834,264731,31205,0.02516411378555799,0.02954048140043764,12854.426431080881,11389.592785843446,5792.217875320312,32787.200021423254,33474.33629590862,32606.010167678174
240593,26696,237927,29362,0.026381909547738693,0.03329145728643216,16028.621222182743,11484.32986502114,8130.019499512288,32943.54565693566,33336.175771890645,33289.445351691014
255417,28672,253339,30750,0.026607538802660754,0.041574279379157426,9894.841681667753,6748.577189659682,7442.8494062364525,34375.5989316415,34187.28928585875,33792.55671322303
240193,29168,241508,27853,0.021709633649932156,0.027137042062415198,16479.204449012836,10930.457126649595,6888.337878384279,33498.57341228689,33517.220186008846,33491.57857958852
218959,26066,219834,25191,0.029768467475192944,0.043550165380374865,15756.581463509077,7765.801695966753,7236.336529924654,32969.34816317575,33154.137775646464,32043.92467221567
247378,27198,241407,33169,0.01820388349514563,0.037014563106796114,5387.566820645739,4131.475978324625,4717.3588617952355,32859.93489623291,33819.108335801204,33388.37056310028
222708,25296,219515,28489,0.015584415584415584,0.04415584415584416,6981.11271958195,3385.964562079475,5238.7597245809475,31947.602126123198,32548.09050267417,32039.4649225902
206970,21514,204650,23834,0.017881705639614855,0.024759284731774415,13236.482503918662,10725.055295794504,8894.561151607571,33671.65186513045,34193.91796080074,33179.42946462897
184729,20480,183429,21780,0.02722323049001815,0.04446460980036298,9270.924900097954,14462.1777061276,5758.632592732711,33716.18190233105,33688.52426032554,33008.51446849276
246096,28480,246337,28239,0.030666666666666665,0.03,9871.420190359286,5373.156307279102,5642.755509293858,33115.175403327434,33672.622370027835,33190.92215318199
229029,25996,229321,25704,0.03015075376884422,0.03350083752093802,6512.989537876686,7090.644905472298,6486.085801392251,34157.97285393045,33700.838079213594,33468.42109911217
220213,24812,220352,24673,0.025991792065663474,0.038303693570451436,15718.50248550792,5563.750047131679,6093.9374105894785,32957.03686471402,33041.29486644044,32458.335461926097
264118,31818,262152,33784,0.03735325506937033,0.04695837780149413,11532.712982402169,7881.536374015986,7762.066656254981,31122.93300341944,31781.84586318297,31308.000540550747
250133,27596,248925,28804,0.020833333333333332,0.03720238095238095,15702.614630039103,7728.634848084253,8163.247430453463,30941.165628034338,31588.535285851125,31383.39409674674
218181,30820,222253,26748,0.017369727047146403,0.022332506203473945,13963.374542129925,9329.747256210998,6719.2806744599075,32915.60813057687,33650.680528996745,33320.42226358099
229851,27198,227632,29417,0.019461077844311378,0.02844311377245509,6911.577484575633,2356.6702832991937,6214.919130350417,33662.65145310838,34048.06494323545,33709.097034819475
218361,26664,217105,27920,0.036923076923076927,0.033846153846153845,8458.60761415113,8327.333145536997,5935.593781337743,33658.29468911744,34448.11126283913,33530.11898427208
214896,25204,214213,25887,0.028117359413202935,0.04095354523227384,8681.960512593769,8576.669457431919,6098.937284422027,33841.06130394,34061.51454810142,33409.02474277527
248412,26164,244770,28759,0.01629802095459837,0.03550640279394645,3224.0794569269815,2960.628655738473,6172.649187435722,33220.7857897194,33747.800043461975,33279.59756501284
224607,26394,222003,28998,0.01437908496732026,0.034640522875816995,3927.6575714507476,9578.379398059345,6209.160689481279,33536.480088939235,33905.510080882916,33363.09078164278
204211,25230,203996,25445,0.017167381974248927,0.02575107296137339,3662.573031173775,5463.906307021484,5923.941201171749,32516.206378742572,32536.196845572085,32540.234661747498
219482,26534,219706,26310,0.02538787023977433,0.04936530324400564,11272.112426925338,8403.631080930096,6676.594081161683,32640.211850059834,32696.234163060682,32491.792505639507
255577,28512,253629,30460,0.024390243902439025,0.037869062901155326,9528.705348896081,9040.829270776996,6034.563729257836,33806.801873256874,34684.484407572585,33868.8017711269
